0.004; 1189.74; 3145.78; 2.25884e-06; 2.64243e-06; 2.19645e-06; 2.55126e-06; 2.41768e-06
0.2; 74005.3; 132720; 0.000686877; -0.000404195; 0.000648575; -0.000489133; 0.000844864
0.4; 363360; 518937; -0.00181431; -0.00136234; -0.00225435; -0.00168519; -0.00192142
0.6; 605408; 602446; -0.0069053; -0.00672663; -0.00781489; -0.0077637; -0.00812768
0.8; 645455; 464074; -0.0145199; -0.0145572; -0.0161529; -0.0169281; -0.0180856
1; 708062; 450816; -0.0218671; -0.0221133; -0.0254978; -0.0253982; -0.0297223
1.2; 753553; 523124; -0.0280784; -0.0275028; -0.0330096; -0.0325962; -0.0399677
1.4; 730858; 509428; -0.0322636; -0.0320173; -0.0384451; -0.0380114; -0.047354
1.6; 691081; 495593; -0.0367041; -0.0361902; -0.0430051; -0.0426313; -0.0525754
1.8; 672989; 506021; -0.0426385; -0.0419451; -0.0485784; -0.0478892; -0.0572779
2; 658739; 504112; -0.0512075; -0.050535; -0.0565237; -0.0558181; -0.063883
2.2; 635677; 499732; -0.0624157; -0.0620432; -0.0672831; -0.067045; -0.073943
2.4; 605111; 508207; -0.0750883; -0.0749413; -0.0802955; -0.0800838; -0.0871642
2.6; 584227; 515950; -0.0875389; -0.0872552; -0.0934534; -0.0931868; -0.101532
2.8; 582549; 516402; -0.0983945; -0.0980269; -0.10512; -0.104815; -0.114744
3; 593001; 515142; -0.10748; -0.10705; -0.114728; -0.114304; -0.125323
3.2; 601826; 512967; -0.115696; -0.115237; -0.122851; -0.122462; -0.133532
3.4; 600792; 511543; -0.124422; -0.123854; -0.131027; -0.130483; -0.140742
3.6; 589707; 512161; -0.134525; -0.133908; -0.14033; -0.139719; -0.148594
3.8; 569407; 514693; -0.145796; -0.145315; -0.150865; -0.150434; -0.15785
4; 544105; 519989; -0.157347; -0.156964; -0.162029; -0.161641; -0.168194
4.2; 525146; 523746; -0.167818; -0.16741; -0.172349; -0.171998; -0.178281
4.4; 523810; 521073; -0.176136; -0.17568; -0.180652; -0.180223; -0.18655
4.6; 532506; 515135; -0.182159; -0.18167; -0.186503; -0.186041; -0.192243
4.8; 541272; 510494; -0.186753; -0.186117; -0.190611; -0.190016; -0.195661
5; 545061; 508373; -0.190946; -0.190218; -0.194031; -0.193325; -0.197832
5.2; 542610; 509740; -0.195457; -0.194657; -0.197593; -0.196821; -0.199806
5.4; 535872; 514527; -0.200181; -0.199378; -0.201404; -0.200627; -0.202023
5.6; 531788; 519324; -0.204331; -0.203517; -0.204816; -0.204024; -0.204094
5.8; 534715; 521625; -0.206841; -0.206014; -0.206794; -0.20599; -0.205128
6; 542073; 520502; -0.207021; -0.206161; -0.206581; -0.205743; -0.204252
6.2; 551637; 515499; -0.204951; -0.204037; -0.2041; -0.203201; -0.201153
6.4; 560341; 509111; -0.201343; -0.200298; -0.199938; -0.198907; -0.196129
6.6; 564623; 503867; -0.19702; -0.195909; -0.194915; -0.193809; -0.190028
6.8; 564524; 503794; -0.19264; -0.191439; -0.189766; -0.188559; -0.183595
7; 565293; 508782; -0.188229; -0.186951; -0.184606; -0.183342; -0.17716
7.2; 570153; 514736; -0.183269; -0.181974; -0.179025; -0.177741; -0.170466
7.4; 578070; 517705; -0.177068; -0.175777; -0.172389; -0.171106; -0.163042
7.6; 588217; 516622; -0.16921; -0.16791; -0.164258; -0.162963; -0.154427
7.8; 599547; 510948; -0.15981; -0.158472; -0.154686; -0.15335; -0.144591
8; 608216; 502616; -0.149446; -0.148049; -0.144171; -0.142771; -0.13388
8.2; 612666; 496233; -0.13887; -0.137415; -0.133412; -0.131954; -0.122884
8.4; 616090; 494760; -0.128645; -0.127128; -0.122962; -0.121441; -0.112083
8.6; 621867; 497194; -0.118856; -0.117338; -0.112944; -0.111417; -0.101675
8.8; 629766; 501171; -0.109241; -0.107748; -0.103173; -0.101674; -0.0916025
9; 639132; 504067; -0.0993867; -0.0979172; -0.0933079; -0.0918325; -0.0816609
9.2; 649467; 502877; -0.0890082; -0.0875695; -0.083095; -0.0816516; -0.0716916
9.4; 658530; 496765; -0.0782014; -0.0767904; -0.0726094; -0.0711877; -0.0617404
9.6; 664277; 489953; -0.0674111; -0.0660036; -0.0622262; -0.0608074; -0.0520735
9.8; 667231; 484147; -0.0572085; -0.0557841; -0.0524417; -0.0510047; -0.0430287
10; 669743; 480862; -0.0480489; -0.0466354; -0.0436549; -0.0422288; -0.0348991
10.2; 673158; 481273; -0.0400691; -0.0386879; -0.0360037; -0.0346092; -0.0277976
10.4; 677388; 484494; -0.0330941; -0.0317717; -0.0293739; -0.028038; -0.021717
10.6; 682178; 487093; -0.0268175; -0.0255732; -0.0235267; -0.022268; -0.0165444
10.8; 685993; 486657; -0.0210024; -0.019853; -0.0182764; -0.017094; -0.0121898
11; 686533; 482919; -0.0157021; -0.0146063; -0.0136456; -0.0125349; -0.00868972
11.2; 683372; 476802; -0.0111693; -0.0101257; -0.00986795; -0.00878648; -0.00616449
11.4; 677491; 470954; -0.00778033; -0.0067737; -0.00720709; -0.00616119; -0.00474852
11.6; 670372; 468358; -0.00581013; -0.00484765; -0.00589602; -0.00488849; -0.00455364
11.8; 664071; 468674; -0.005321; -0.00443088; -0.00597972; -0.00503661; -0.0055959
12; 659278; 470603; -0.00616828; -0.00535374; -0.0073205; -0.00650023; -0.00780814
12.2; 655091; 472758; -0.00807803; -0.00733094; -0.00978766; -0.00898194; -0.0110914
12.4; 650248; 472907; -0.0108343; -0.0101154; -0.0131039; -0.012395; -0.0153785
12.6; 643365; 470560; -0.0143289; -0.0136859; -0.0172757; -0.016618; -0.0206431
12.8; 634337; 467045; -0.0186846; -0.0180948; -0.0223229; -0.0217206; -0.0268626
13; 624192; 463082; -0.024067; -0.0234979; -0.0283345; -0.0277768; -0.0339727
13.2; 614524; 460657; -0.0305621; -0.0300395; -0.0353587; -0.0348321; -0.0418892
13.4; 606377; 461339; -0.0381671; -0.0376795; -0.0433442; -0.0428554; -0.0505184
13.6; 599445; 464165; -0.0466964; -0.0462511; -0.052139; -0.051705; -0.0597618
13.8; 592750; 467145; -0.0558867; -0.0554966; -0.0615545; -0.0611645; -0.0695208
14; 585444; 468368; -0.0654915; -0.0651531; -0.0713772; -0.0710404; -0.0796923
14.2; 576949; 467372; -0.0753426; -0.0750336; -0.0814615; -0.0811627; -0.0901694
14.4; 567287; 464885; -0.0853852; -0.0850868; -0.0917322; -0.0914425; -0.100828
14.6; 557632; 462022; -0.095635; -0.0953366; -0.102143; -0.101857; -0.11153
14.8; 548982; 460666; -0.106104; -0.1058; -0.112652; -0.112362; -0.122128
15; 541752; 461455; -0.116745; -0.116432; -0.123188; -0.122885; -0.132493
15.2; 535443; 463901; -0.127413; -0.127095; -0.133619; -0.13331; -0.142523
15.4; 529642; 466656; -0.137892; -0.137561; -0.143775; -0.143455; -0.152126
15.6; 524092; 468389; -0.147926; -0.147583; -0.153459; -0.153128; -0.161213
15.8; 518713; 469339; -0.157316; -0.156954; -0.162505; -0.162155; -0.169679
16; 513838; 468992; -0.165961; -0.165573; -0.170807; -0.170431; -0.177417
16.2; 509790; 468190; -0.173855; -0.17343; -0.17832; -0.177907; -0.184309
16.4; 506787; 467724; -0.181027; -0.180557; -0.185029; -0.184572; -0.190264
16.6; 505208; 467772; -0.187466; -0.186946; -0.190907; -0.190399; -0.195215
16.8; 505073; 468908; -0.193091; -0.192524; -0.195886; -0.19533; -0.199118
17; 505965; 470857; -0.197768; -0.19715; -0.199874; -0.19927; -0.201952
17.2; 507353; 472851; -0.201349; -0.200671; -0.202775; -0.202106; -0.203699
17.4; 509002; 473938; -0.203718; -0.202987; -0.204498; -0.203774; -0.204337
17.6; 510885; 473823; -0.204861; -0.204068; -0.205032; -0.204247; -0.20386
17.8; 513311; 472775; -0.204824; -0.20397; -0.204408; -0.203557; -0.202261
18; 516844; 471615; -0.203685; -0.202765; -0.202661; -0.201744; -0.199509
18.2; 521527; 471388; -0.201501; -0.200516; -0.199828; -0.198845; -0.195598
18.4; 526461; 472448; -0.198305; -0.197257; -0.195954; -0.194906; -0.190587
18.6; 530956; 474271; -0.194081; -0.192976; -0.191069; -0.189964; -0.184592
18.8; 535256; 475611; -0.188814; -0.187656; -0.18521; -0.184052; -0.177739
19; 539740; 475416; -0.182523; -0.181317; -0.178424; -0.177217; -0.170123
19.2; 544563; 473706; -0.175282; -0.174032; -0.170781; -0.169529; -0.161813
19.4; 550187; 471184; -0.167215; -0.165923; -0.162379; -0.161084; -0.152859
19.6; 556820; 468832; -0.158469; -0.157141; -0.153334; -0.152001; -0.143321
19.8; 563982; 467485; -0.149193; -0.147831; -0.143775; -0.142408; -0.133294
20; 571212; 466959; -0.139497; -0.138108; -0.13382; -0.132427; -0.122908
20.2; 578139; 466790; -0.129449; -0.128054; -0.123551; -0.122182; -0.112316
20.4; 584549; 465941; -0.119098; -0.117754; -0.113107; -0.11173; -0.101669
20.6; 590785; 463853; -0.108583; -0.107204; -0.102565; -0.101175; -0.0910908
20.8; 597419; 461412; -0.0979472; -0.0965646; -0.0920141; -0.0906326; -0.0806977
21; 604669; 458885; -0.0873452; -0.0859796; -0.0816046; -0.0802194; -0.0705905
21.2; 612315; 456289; -0.0769675; -0.0756073; -0.0714677; -0.0700968; -0.0608671
21.4; 619576; 454223; -0.0669632; -0.0656207; -0.0617444; -0.0603938; -0.05162
21.6; 626111; 452652; -0.0574681; -0.056147; -0.0525641; -0.0512258; -0.0429499
21.8; 631629; 451676; -0.0485611; -0.047272; -0.0440019; -0.042696; -0.0349626
22; 636054; 451160; -0.0403063; -0.0390389; -0.0361417; -0.0348614; -0.0277542
22.2; 639318; 450502; -0.0327332; -0.0315111; -0.0290349; -0.0277941; -0.0214131
22.4; 641364; 449175; -0.0259148; -0.0247365; -0.0227507; -0.0215515; -0.0160124
22.6; 642414; 447374; -0.0199424; -0.018812; -0.0173639; -0.016218; -0.0116072
22.8; 642289; 445120; -0.0149128; -0.0138437; -0.0129573; -0.0118675; -0.00823563
23; 640839; 442886; -0.0109234; -0.00992244; -0.00959593; -0.00858; -0.00593477
23.2; 638060; 441267; -0.00804368; -0.00709693; -0.00734331; -0.00638188; -0.00472385
23.4; 634107; 440532; -0.00628243; -0.00540285; -0.00620666; -0.00531027; -0.00462701
23.6; 629332; 440141; -0.00564229; -0.00482004; -0.00618752; -0.00535481; -0.00564644
23.8; 623855; 439559; -0.00609466; -0.00532764; -0.00726976; -0.00649216; -0.00776979
24; 617938; 438633; -0.00761701; -0.00691218; -0.00942336; -0.00870903; -0.0109741
24.2; 611769; 437302; -0.0101916; -0.00956638; -0.0126193; -0.0119866; -0.0152183
24.4; 604987; 435850; -0.0138418; -0.0132646; -0.0168762; -0.0162939; -0.0204838
24.6; 598013; 434827; -0.0185321; -0.0180225; -0.0221534; -0.0216387; -0.0267476
24.8; 591099; 434320; -0.0242525; -0.0237984; -0.0284228; -0.027964; -0.0339345
25; 584176; 434192; -0.0309397; -0.0305396; -0.0356313; -0.0351669; -0.0419362
25.2; 577400; 433715; -0.0385014; -0.0381202; -0.0436078; -0.0431869; -0.0506245
25.4; 570780; 434330; -0.0468231; -0.0464174; -0.0522708; -0.0518707; -0.0598772
25.6; 563952; 435584; -0.0557264; -0.055375; -0.0614806; -0.0611393; -0.069616
25.8; 556700; 436499; -0.0651683; -0.0648525; -0.0711871; -0.0708656; -0.0797504
26; 548966; 436595; -0.0750593; -0.0747623; -0.0812733; -0.0809901; -0.0901824
26.2; 540821; 436026; -0.0853014; -0.0850257; -0.0916649; -0.0913945; -0.100818
26.4; 532899; 436072; -0.0958011; -0.095533; -0.102239; -0.101974; -0.111515
26.6; 525411; 436926; -0.106438; -0.106174; -0.112865; -0.112612; -0.122134
26.8; 518570; 438407; -0.117086; -0.116828; -0.123425; -0.123168; -0.132538
27; 512185; 439768; -0.127613; -0.12734; -0.133773; -0.133509; -0.142592
27.2; 506153; 441096; -0.137869; -0.137576; -0.143783; -0.143499; -0.15219
27.4; 500585; 442073; -0.147717; -0.147416; -0.153332; -0.153036; -0.161242
27.6; 495875; 442981; -0.157071; -0.156736; -0.16233; -0.162009; -0.169656
27.8; 491885; 444042; -0.165827; -0.165466; -0.170691; -0.170338; -0.177359
28; 488580; 444868; -0.173911; -0.173508; -0.178324; -0.177933; -0.184245
28.2; 486354; 445583; -0.181224; -0.180791; -0.185137; -0.184714; -0.190226
28.4; 485217; 446470; -0.187684; -0.187204; -0.191041; -0.190572; -0.195208
28.6; 484927; 447414; -0.193202; -0.192672; -0.19596; -0.19544; -0.199127
28.8; 485181; 448559; -0.197708; -0.197125; -0.199837; -0.199262; -0.201954
29; 486185; 449397; -0.201138; -0.200492; -0.202622; -0.201983; -0.203658
29.2; 487820; 450139; -0.203456; -0.202748; -0.204292; -0.203585; -0.204241
29.4; 489970; 451025; -0.204656; -0.203884; -0.20484; -0.204074; -0.203712
29.6; 492766; 451536; -0.204736; -0.203905; -0.20428; -0.203449; -0.202078
29.8; 496280; 451964; -0.203703; -0.202807; -0.202603; -0.201706; -0.199325
30; 500501; 452472; -0.201552; -0.200598; -0.199803; -0.198848; -0.195444
30.2; 504888; 452943; -0.1983; -0.197284; -0.195905; -0.194886; -0.190458
30.4; 508888; 453634; -0.193954; -0.192879; -0.190939; -0.189863; -0.184459
30.6; 512849; 454222; -0.18856; -0.187429; -0.184985; -0.183851; -0.177568
30.8; 517203; 453683; -0.1822; -0.181019; -0.178133; -0.176949; -0.169899
31; 522058; 452411; -0.174979; -0.173749; -0.170487; -0.169254; -0.161547
31.2; 527730; 451094; -0.166997; -0.165726; -0.162133; -0.160858; -0.152575
31.4; 534095; 450100; -0.158349; -0.157042; -0.153155; -0.151844; -0.143048
31.6; 540857; 449285; -0.149125; -0.147787; -0.14364; -0.142298; -0.133046
31.8; 547636; 448443; -0.139403; -0.138049; -0.133664; -0.13233; -0.122684
32; 554016; 447371; -0.129242; -0.127951; -0.123354; -0.122033; -0.112103
32.2; 559955; 445405; -0.118848; -0.117497; -0.112851; -0.111501; -0.101435
32.4; 566194; 442891; -0.108245; -0.106899; -0.102251; -0.100896; -0.0908355
32.6; 573172; 440861; -0.0976075; -0.0962575; -0.0917036; -0.0903361; -0.080428
32.8; 580710; 439138; -0.0870842; -0.0857276; -0.0813338; -0.0799756; -0.0703309
33; 588203; 437288; -0.0767941; -0.0754663; -0.0712698; -0.0699316; -0.0606401
33.2; 595243; 435509; -0.0668706; -0.0655511; -0.0616176; -0.0602814; -0.0514258
33.4; 601606; 434391; -0.0573856; -0.0560931; -0.0524399; -0.0511396; -0.0427706
33.6; 607050; 433476; -0.048438; -0.0471715; -0.0438572; -0.0425766; -0.0347841
33.8; 611541; 432359; -0.0401085; -0.0388714; -0.035947; -0.0346933; -0.0275638
34; 614767; 431034; -0.0324855; -0.0312851; -0.0288007; -0.0275869; -0.0212146
34.2; 616712; 429465; -0.025671; -0.0245134; -0.0225236; -0.0213491; -0.0158267
34.4; 617850; 427854; -0.0197475; -0.0186462; -0.0171788; -0.0160582; -0.0114452
34.6; 618037; 426269; -0.0147953; -0.0137558; -0.0128286; -0.0117754; -0.00810946
34.8; 616970; 424817; -0.0108738; -0.00989185; -0.00952715; -0.00853041; -0.00583593
35; 614740; 423655; -0.0080105; -0.00709125; -0.00729025; -0.00635618; -0.0046427
35.2; 611385; 422591; -0.00622949; -0.00537368; -0.00613998; -0.0052733; -0.00454717
35.4; 606986; 421801; -0.00554152; -0.00474752; -0.00609102; -0.00528542; -0.00556234
35.6; 601652; 421006; -0.00595648; -0.00522149; -0.00714648; -0.00640218; -0.00768664
35.8; 595761; 420171; -0.00747485; -0.00680981; -0.0093007; -0.00862876; -0.0109075
36; 589901; 419133; -0.0100943; -0.00949079; -0.0125372; -0.0119267; -0.0151719
36.2; 583704; 417962; -0.0137887; -0.0132464; -0.0168243; -0.0162763; -0.0204488
36.4; 577263; 417237; -0.0185234; -0.0180409; -0.0221313; -0.021645; -0.0267121
36.6; 571111; 416618; -0.0242594; -0.0238317; -0.0284102; -0.0279794; -0.0338999
36.8; 564881; 416289; -0.0309317; -0.0305559; -0.0355791; -0.0352004; -0.0418984
37; 558316; 416358; -0.0384507; -0.0381143; -0.0435478; -0.043192; -0.0505937
37.2; 551896; 416740; -0.046712; -0.0464134; -0.0522228; -0.0518322; -0.0598596
37.4; 545674; 416977; -0.0556096; -0.0553585; -0.0614286; -0.0610971; -0.069604
37.6; 538969; 417999; -0.06511; -0.0647911; -0.0711264; -0.0708432; -0.0797338
37.8; 531905; 418910; -0.0750075; -0.0747471; -0.081251; -0.0809653; -0.0901746
38; 524620; 419128; -0.0852963; -0.0850211; -0.0916517; -0.0913985; -0.100809
38.2; 517170; 419462; -0.0958156; -0.0955561; -0.102239; -0.101996; -0.111507
38.4; 509922; 420383; -0.106449; -0.106219; -0.112877; -0.112633; -0.122124
38.6; 503424; 421379; -0.117094; -0.116841; -0.123413; -0.123183; -0.132518
38.8; 497743; 422791; -0.127575; -0.127327; -0.133743; -0.133493; -0.142568
39; 492324; 424194; -0.137802; -0.137533; -0.143733; -0.143467; -0.152171
39.2; 486982; 425648; -0.147652; -0.14736; -0.15328; -0.153006; -0.161229
39.4; 482370; 426357; -0.157016; -0.156705; -0.162302; -0.161987; -0.169661
39.6; 478677; 427440; -0.165807; -0.16546; -0.170676; -0.170343; -0.177363
39.8; 475771; 428803; -0.173908; -0.173527; -0.17832; -0.177948; -0.184243
40; 473576; 429963; -0.181226; -0.180805; -0.185133; -0.184716; -0.190207
40.2; 472429; 431036; -0.187664; -0.187202; -0.191014; -0.190566; -0.195176
40.4; 471909; 431957; -0.193151; -0.192639; -0.195912; -0.195406; -0.199083
40.6; 471790; 432928; -0.197629; -0.197065; -0.199767; -0.19921; -0.201904
40.8; 472598; 433951; -0.201058; -0.200425; -0.202552; -0.201926; -0.203611
41; 474448; 434835; -0.203387; -0.202697; -0.204228; -0.203538; -0.204191
41.2; 476699; 435970; -0.204608; -0.203852; -0.204789; -0.204037; -0.203655
41.4; 479261; 437096; -0.204705; -0.203889; -0.204237; -0.20342; -0.202016
41.6; 482633; 437688; -0.203674; -0.202794; -0.20256; -0.201678; -0.199259
41.8; 486654; 438234; -0.20151; -0.20057; -0.199752; -0.19881; -0.195378
42; 490605; 438773; -0.198235; -0.197234; -0.195836; -0.194832; -0.190384
42.2; 494259; 439478; -0.193867; -0.192809; -0.190853; -0.189791; -0.184376
42.4; 498041; 440172; -0.188464; -0.187347; -0.184887; -0.183766; -0.177466
42.6; 502314; 439720; -0.182108; -0.180943; -0.178034; -0.176865; -0.169789
42.8; 507000; 438749; -0.174901; -0.173687; -0.170395; -0.169176; -0.161429
43; 512398; 437759; -0.166931; -0.165677; -0.162049; -0.16079; -0.152461
43.2; 518566; 436944; -0.158289; -0.156998; -0.153076; -0.151781; -0.142937
43.4; 525127; 436163; -0.149057; -0.147736; -0.143558; -0.142231; -0.132939
43.6; 531495; 435360; -0.13931; -0.137991; -0.133561; -0.132262; -0.122574
43.8; 537735; 433979; -0.129141; -0.127873; -0.123246; -0.121946; -0.111985
44; 543658; 432027; -0.118737; -0.117407; -0.112736; -0.111401; -0.101309
44.2; 549767; 429956; -0.108136; -0.106809; -0.102129; -0.100803; -0.0907061
44.4; 556568; 427990; -0.0975146; -0.0961821; -0.0915994; -0.0902488; -0.0803062
44.6; 564129; 426340; -0.0870059; -0.0856706; -0.0812419; -0.0799043; -0.0702167
44.8; 571526; 424580; -0.0767227; -0.0754146; -0.0711807; -0.0698665; -0.0605299
45; 578239; 422738; -0.0668004; -0.0654974; -0.0615334; -0.0602146; -0.0513195
45.2; 584451; 421481; -0.0573032; -0.0560365; -0.0523492; -0.0510741; -0.0426714
45.4; 590005; 420681; -0.0483497; -0.0470931; -0.0437625; -0.042495; -0.0346825
45.6; 594344; 419797; -0.0400083; -0.0387919; -0.035843; -0.0346111; -0.027459
45.8; 597487; 418511; -0.0323932; -0.03121; -0.0287034; -0.0275079; -0.0211122
46; 599697; 416790; -0.0255914; -0.0244515; -0.0224331; -0.0212785; -0.0157237
46.2; 600956; 415016; -0.0196788; -0.0186025; -0.0170967; -0.0160035; -0.0113506
46.4; 601255; 413667; -0.0147427; -0.0137131; -0.0127648; -0.0117227; -0.00802615
46.6; 600445; 412528; -0.0108141; -0.00985305; -0.00946081; -0.00848627; -0.00576588
46.8; 598513; 411341; -0.00794872; -0.00704452; -0.00722606; -0.00630984; -0.00458061
47; 595576; 410028; -0.00616395; -0.00532269; -0.00607545; -0.00522402; -0.00448795
47.2; 591456; 409191; -0.00547291; -0.0046973; -0.00602359; -0.00523752; -0.00550409
47.4; 586358; 408615; -0.00589218; -0.00517515; -0.00708251; -0.00635832; -0.00763067
47.6; 580693; 407851; -0.00741957; -0.00677073; -0.00924516; -0.00859021; -0.0108567
47.8; 574989; 406929; -0.0100481; -0.00946104; -0.0124898; -0.011897; -0.0151285
48; 569048; 405721; -0.0137465; -0.0132176; -0.0167788; -0.016246; -0.020402
48.2; 562998; 405048; -0.0184736; -0.0180051; -0.0220789; -0.0216077; -0.026661
48.4; 557154; 404568; -0.0241952; -0.0237794; -0.0283472; -0.0279292; -0.0338429
48.6; 551310; 403966; -0.0308531; -0.0304921; -0.0355059; -0.0351431; -0.0418403
48.8; 545126; 404038; -0.0383701; -0.0380547; -0.0434646; -0.0431477; -0.050539
49; 538891; 404498; -0.0466405; -0.0463643; -0.0521173; -0.0518307; -0.0598192
49.2; 532791; 405151; -0.0555607; -0.0553107; -0.0613949; -0.0610438; -0.0695631
49.4; 526723; 405585; -0.0650345; -0.0647828; -0.0710808; -0.0708071; -0.0796961
49.6; 520405; 406329; -0.0749706; -0.0746881; -0.0811926; -0.0809288; -0.0901237
49.8; 513622; 406986; -0.0852268; -0.0849743; -0.0915918; -0.09135; -0.100757
50; 506413; 407787; -0.0957331; -0.0955029; -0.102178; -0.101936; -0.111456
50.2; 499519; 408463; -0.106377; -0.106144; -0.112803; -0.112586; -0.122082
50.4; 493433; 409392; -0.117011; -0.116785; -0.123358; -0.123129; -0.132486
50.6; 487795; 410856; -0.127514; -0.127274; -0.133692; -0.133453; -0.14254
50.8; 482544; 412620; -0.137752; -0.137489; -0.143685; -0.143434; -0.152138
51; 477471; 414005; -0.147599; -0.14733; -0.153238; -0.152968; -0.161191
51.2; 473277; 415236; -0.156965; -0.156666; -0.162243; -0.161954; -0.169608
51.4; 469811; 416266; -0.165747; -0.165412; -0.170621; -0.170293; -0.177311
51.6; 466686; 417549; -0.173846; -0.17348; -0.178268; -0.177905; -0.184202
51.8; 464143; 418681; -0.181168; -0.180759; -0.185084; -0.184686; -0.190185
52; 462888; 419861; -0.187612; -0.187166; -0.190979; -0.190537; -0.195163
52.2; 462860; 421090; -0.193111; -0.19261; -0.195878; -0.195386; -0.199065
52.4; 462963; 422400; -0.197594; -0.197043; -0.199737; -0.199188; -0.201879
52.6; 463566; 423431; -0.20102; -0.200403; -0.202515; -0.201901; -0.203573
52.8; 464992; 424398; -0.203348; -0.202669; -0.204187; -0.203509; -0.204148
53; 467099; 425559; -0.204566; -0.203824; -0.204748; -0.204007; -0.203615
53.2; 469686; 426656; -0.204662; -0.203859; -0.204195; -0.20339; -0.201975
53.4; 472900; 427566; -0.203634; -0.202768; -0.202522; -0.201652; -0.199224
53.6; 476816; 428102; -0.20148; -0.200552; -0.199724; -0.198793; -0.195351
53.8; 480810; 428588; -0.198217; -0.197227; -0.19582; -0.194826; -0.190373
54; 484303; 429531; -0.193856; -0.192811; -0.190842; -0.189793; -0.184364
54.2; 487842; 430416; -0.188456; -0.187352; -0.184876; -0.183768; -0.177452
54.4; 491946; 430192; -0.182096; -0.180942; -0.178016; -0.176857; -0.16976
54.6; 496490; 429073; -0.174877; -0.173677; -0.170363; -0.169158; -0.161384
54.8; 501706; 428120; -0.166905; -0.165663; -0.162014; -0.160766; -0.152408
55; 507532; 427403; -0.158264; -0.156985; -0.153043; -0.151759; -0.14289
55.2; 513803; 426865; -0.149039; -0.147729; -0.143533; -0.142219; -0.132903
55.4; 520096; 425960; -0.139297; -0.137999; -0.133542; -0.132263; -0.122548
55.6; 526227; 424565; -0.129138; -0.127882; -0.123233; -0.121947; -0.111958
55.8; 532113; 422652; -0.118732; -0.117414; -0.112722; -0.111395; -0.101275
56; 538236; 420647; -0.108122; -0.106809; -0.1021; -0.100791; -0.0906596
56.2; 544902; 418944; -0.0974942; -0.0961728; -0.0915671; -0.0902279; -0.0802509
56.4; 551920; 417274; -0.0869814; -0.0856636; -0.081207; -0.0798868; -0.0701677
56.6; 559323; 415385; -0.0767018; -0.0754037; -0.0711492; -0.0698472; -0.0604805
56.8; 566274; 413585; -0.0667795; -0.0654944; -0.0615035; -0.0602017; -0.0512758
57; 572307; 412558; -0.0572953; -0.0560361; -0.0523311; -0.0510645; -0.0426366
57.2; 577442; 411883; -0.0483411; -0.0471013; -0.043742; -0.0424945; -0.0346478
57.4; 581929; 410681; -0.0399915; -0.0387907; -0.0358148; -0.0345967; -0.0274107
57.6; 585106; 409322; -0.0323701; -0.0311974; -0.0286663; -0.0274848; -0.0210553
57.8; 587203; 407766; -0.0255559; -0.0244376; -0.0223865; -0.0212578; -0.0156701
58; 588637; 406159; -0.0196428; -0.0185738; -0.0170529; -0.015965; -0.0112879
58.2; 589040; 404690; -0.014702; -0.0136903; -0.0127131; -0.0116929; -0.00796524
58.4; 588314; 403582; -0.0107825; -0.00982989; -0.00942076; -0.00845539; -0.00571112
58.6; 586595; 402533; -0.00791806; -0.00702622; -0.00718828; -0.00628461; -0.0045336
58.8; 583848; 401315; -0.00613206; -0.00530441; -0.00603585; -0.00520126; -0.00444312
59; 580075; 400305; -0.0054377; -0.00467245; -0.00598329; -0.00520823; -0.0054566
59.2; 575348; 399750; -0.00584546; -0.00514276; -0.00703101; -0.00632214; -0.00757676
59.4; 569806; 399093; -0.00736571; -0.00672615; -0.00918712; -0.00854354; -0.0107951
59.6; 564279; 397972; -0.00998863; -0.00941057; -0.0124287; -0.0118453; -0.0150664
59.8; 558616; 396638; -0.0136832; -0.0131654; -0.016715; -0.0161952; -0.020343
60; 552737; 396156; -0.0184075; -0.017949; -0.0220123; -0.0215515; -0.0265969
60.2; 547058; 395896; -0.0241281; -0.023723; -0.0282789; -0.0278724; -0.0337742
60.4; 541630; 395240; -0.0307865; -0.0304373; -0.0354383; -0.0350881; -0.0417759
60.6; 535958; 395001; -0.038296; -0.0379924; -0.0433919; -0.043087; -0.0504719
60.8; 530209; 395775; -0.0465598; -0.0462935; -0.0520327; -0.0517677; -0.0597465
61; 524360; 396318; -0.0554725; -0.0552353; -0.0612707; -0.0610111; -0.0694927
61.2; 518339; 396719; -0.0649502; -0.0647037; -0.071015; -0.070723; -0.0796281
61.4; 512220; 397198; -0.0748746; -0.0746133; -0.0810637; -0.0809026; -0.0900616
61.6; 505814; 398114; -0.0851399; -0.0848811; -0.0915209; -0.0912555; -0.100685
61.8; 498876; 399238; -0.0956295; -0.0954193; -0.102088; -0.101856; -0.111384
62; 492290; 399988; -0.106287; -0.106054; -0.11271; -0.112515; -0.122012
62.2; 486444; 400670; -0.116921; -0.116704; -0.123286; -0.123044; -0.132418
62.4; 481086; 402173; -0.127428; -0.127194; -0.133607; -0.133385; -0.142474
62.6; 475849; 404137; -0.137664; -0.137415; -0.143604; -0.143368; -0.152079
62.8; 470990; 405827; -0.147518; -0.147253; -0.153171; -0.152895; -0.161134
63; 467001; 406947; -0.156883; -0.15659; -0.162164; -0.161892; -0.169552
63.2; 463128; 407833; -0.16567; -0.165341; -0.170556; -0.170225; -0.177253
63.4; 459622; 409161; -0.17377; -0.173418; -0.178199; -0.177851; -0.184152
63.6; 457651; 410428; -0.181099; -0.180693; -0.185021; -0.18463; -0.190136
63.8; 457048; 411774; -0.187539; -0.187105; -0.190917; -0.190479; -0.195112
64; 456307; 413145; -0.193049; -0.192554; -0.195822; -0.195343; -0.19903
64.2; 456098; 414290; -0.19754; -0.197; -0.199696; -0.199154; -0.201856
64.4; 457232; 415433; -0.200975; -0.20037; -0.202479; -0.201877; -0.203555
64.6; 458733; 416658; -0.203318; -0.202644; -0.204162; -0.20349; -0.204133
64.8; 460481; 418009; -0.204539; -0.203811; -0.204726; -0.203995; -0.2036
65; 462930; 419170; -0.204642; -0.203845; -0.204174; -0.203378; -0.201957
65.2; 466027; 419954; -0.203614; -0.202758; -0.202503; -0.201641; -0.199207
65.4; 469612; 420515; -0.201467; -0.200546; -0.199714; -0.198787; -0.195343
65.6; 473475; 421301; -0.198208; -0.19723; -0.195816; -0.194833; -0.190377
65.8; 477222; 422088; -0.193863; -0.192826; -0.190855; -0.189812; -0.184385
66; 480777; 422908; -0.188477; -0.187379; -0.184901; -0.183797; -0.177481
66.2; 484249; 422811; -0.182127; -0.18098; -0.178049; -0.176896; -0.169792
66.4; 488537; 421994; -0.17491; -0.173719; -0.170393; -0.169196; -0.161407
66.6; 493841; 421163; -0.166927; -0.165695; -0.162028; -0.16079; -0.15241
66.8; 499889; 420549; -0.158283; -0.15701; -0.153051; -0.151771; -0.142873
67; 505667; 419549; -0.149062; -0.147758; -0.143547; -0.142235; -0.132894
67.2; 511305; 418660; -0.139321; -0.138035; -0.133556; -0.132298; -0.122561
67.4; 517244; 417429; -0.129168; -0.127922; -0.123264; -0.121983; -0.111983
67.6; 523382; 415746; -0.118766; -0.117461; -0.112753; -0.111437; -0.101298
67.8; 529456; 413601; -0.108162; -0.106857; -0.10213; -0.100836; -0.0906803
68; 536454; 412029; -0.0975316; -0.0962263; -0.0915986; -0.0902675; -0.0802624
68.2; 544003; 410683; -0.0870158; -0.0857033; -0.0812268; -0.0799164; -0.0701649
68.4; 551045; 408961; -0.0767314; -0.0754459; -0.0711658; -0.0698796; -0.0604815
68.6; 556948; 407108; -0.0668143; -0.0655378; -0.0615328; -0.0602355; -0.0512906
68.8; 562764; 405589; -0.0573242; -0.0560761; -0.0523518; -0.051101; -0.04265
69; 568549; 405012; -0.0483633; -0.0471319; -0.0437581; -0.0425165; -0.0346512
69.2; 573003; 403890; -0.0400058; -0.038819; -0.0358223; -0.0346196; -0.0274101
69.4; 576054; 402624; -0.032373; -0.0312213; -0.0286621; -0.0275049; -0.0210509
69.6; 578375; 400944; -0.0255614; -0.0244481; -0.0223851; -0.0212591; -0.0156513
69.8; 579576; 399312; -0.0196455; -0.0185899; -0.0170472; -0.0159771; -0.0112774
70; 579909; 398063; -0.014703; -0.0136945; -0.0127085; -0.0116921; -0.00795092
70.2; 579514; 396809; -0.0107716; -0.00982753; -0.00940216; -0.00844578; -0.00568293
70.4; 578143; 395743; -0.00789999; -0.00701762; -0.00716025; -0.00626867; -0.0044939
70.6; 575483; 394828; -0.00610628; -0.00528509; -0.00600161; -0.00517423; -0.00439601
70.8; 571749; 393837; -0.00540241; -0.0046459; -0.0059406; -0.00517399; -0.00540244
71; 567071; 392866; -0.0058088; -0.00511322; -0.00698692; -0.00628731; -0.00752313
71.2; 561623; 392132; -0.0073232; -0.00669242; -0.0091396; -0.00850583; -0.0107426
71.4; 556417; 391418; -0.0099337; -0.00936622; -0.01237; -0.0117976; -0.0150047
71.6; 550907; 390270; -0.0136228; -0.0131118; -0.016651; -0.016137; -0.0202721
71.8; 545094; 389484; -0.0183419; -0.017892; -0.0219425; -0.0214926; -0.0265247
72; 539915; 389155; -0.0240544; -0.0236587; -0.0282027; -0.0278063; -0.0336999
72.2; 534769; 389014; -0.0306983; -0.030356; -0.0353494; -0.0350061; -0.0416879
72.4; 529060; 388588; -0.0382; -0.0379025; -0.0432946; -0.0429967; -0.0503755
72.6; 523196; 388902; -0.0464607; -0.0461998; -0.0519339; -0.0516747; -0.0596508
72.8; 517527; 389605; -0.0553696; -0.0551442; -0.0611594; -0.0609355; -0.069406
73; 511725; 390208; -0.0648387; -0.0646114; -0.0708964; -0.0706468; -0.0795393
73.2; 505797; 390919; -0.0747751; -0.0745023; -0.081005; -0.080763; -0.0899659
73.4; 499653; 391603; -0.0850157; -0.0847908; -0.0914031; -0.0911699; -0.100593
73.6; 493282; 392554; -0.0955323; -0.0953005; -0.101983; -0.101754; -0.111285
73.8; 486824; 393614; -0.106161; -0.105958; -0.112599; -0.112408; -0.121907
74; 481125; 394557; -0.116811; -0.116594; -0.123171; -0.122944; -0.132314
74.2; 475716; 396029; -0.127318; -0.127093; -0.133504; -0.133288; -0.142384
74.4; 471061; 397888; -0.137554; -0.137322; -0.143505; -0.143279; -0.151992
74.6; 466449; 399116; -0.147415; -0.147162; -0.153074; -0.152816; -0.161061
74.8; 461887; 400581; -0.156794; -0.156509; -0.162092; -0.161822; -0.169501
75; 457962; 401648; -0.165583; -0.165269; -0.170485; -0.17017; -0.177219
75.2; 455229; 403042; -0.173694; -0.173341; -0.178135; -0.177789; -0.184109
75.4; 453460; 404348; -0.181012; -0.180624; -0.184947; -0.184564; -0.190078
75.6; 451958; 405729; -0.187472; -0.187038; -0.190853; -0.19042; -0.195058
75.8; 451545; 407216; -0.192985; -0.192504; -0.195766; -0.195293; -0.198982
76; 451818; 408478; -0.197493; -0.196959; -0.199653; -0.199121; -0.201824
76.2; 452592; 409580; -0.200944; -0.200346; -0.202459; -0.201863; -0.203555
76.4; 453807; 410983; -0.203293; -0.202633; -0.204153; -0.203493; -0.204151
76.6; 455486; 412169; -0.204526; -0.2038; -0.204727; -0.203998; -0.203622
76.8; 458131; 413148; -0.204624; -0.203839; -0.204164; -0.203379; -0.201961
77; 461140; 414200; -0.203601; -0.20275; -0.202491; -0.201635; -0.199196
77.2; 464492; 415075; -0.201458; -0.200547; -0.199703; -0.198786; -0.195329
77.4; 467974; 415934; -0.198217; -0.197247; -0.195823; -0.194849; -0.190381
77.6; 471493; 416533; -0.193896; -0.192864; -0.190888; -0.189851; -0.184419
77.8; 475216; 417242; -0.188524; -0.187438; -0.184952; -0.18386; -0.17754
78; 479007; 417655; -0.18218; -0.181041; -0.178107; -0.176961; -0.16986
78.2; 483198; 416805; -0.174964; -0.17378; -0.170452; -0.169262; -0.161475
78.4; 488220; 415689; -0.16698; -0.165756; -0.162083; -0.160853; -0.152465
78.6; 493879; 415051; -0.15833; -0.157069; -0.153097; -0.151828; -0.142918
78.8; 499633; 414395; -0.149112; -0.147815; -0.14359; -0.142286; -0.132925
79; 505096; 413458; -0.139384; -0.138102; -0.133611; -0.132358; -0.1226
79.2; 510662; 412146; -0.129238; -0.128008; -0.12333; -0.122059; -0.112041
79.4; 516891; 410607; -0.118846; -0.117547; -0.112825; -0.111521; -0.101363
79.6; 523307; 408830; -0.108241; -0.106946; -0.102205; -0.10092; -0.0907461
79.8; 530136; 407124; -0.0976038; -0.0963101; -0.0916636; -0.0903448; -0.0803194
80; 537127; 405344; -0.0870866; -0.0857787; -0.0812894; -0.0799846; -0.0702103
80.2; 543957; 403457; -0.0767961; -0.0755235; -0.071223; -0.069946; -0.0605251
80.4; 550440; 401895; -0.0668697; -0.0655979; -0.0615752; -0.0602862; -0.0513109
80.6; 556318; 400819; -0.0573741; -0.0561366; -0.0523914; -0.0511529; -0.0426767
80.8; 561672; 400045; -0.0484185; -0.0471952; -0.0438062; -0.0425724; -0.0346871
81; 566275; 398808; -0.0400623; -0.0388782; -0.0358694; -0.0346727; -0.0274456
81.2; 569674; 397601; -0.0324177; -0.0312769; -0.0286994; -0.0275512; -0.021074
81.4; 571605; 395984; -0.0255942; -0.0244895; -0.0224081; -0.0212942; -0.0156628
81.6; 572704; 394333; -0.0196642; -0.0186132; -0.0170564; -0.0159885; -0.0112662
81.8; 573152; 392949; -0.0147096; -0.0137093; -0.0127027; -0.0116975; -0.00792798
82; 572955; 391772; -0.0107736; -0.00984022; -0.00939384; -0.0084484; -0.00565863
82.2; 571674; 390872; -0.00790072; -0.00702296; -0.00715091; -0.00626517; -0.00446953
82.4; 569216; 389835; -0.00610174; -0.00528685; -0.00598931; -0.00516781; -0.00437188
82.6; 565703; 388833; -0.00539056; -0.00464179; -0.00592268; -0.00516663; -0.00537964
82.8; 561194; 388035; -0.00578335; -0.00509389; -0.00695851; -0.00626497; -0.0074931
83; 555928; 387198; -0.00728108; -0.00665323; -0.00909525; -0.00846411; -0.0106931
83.2; 550601; 386386; -0.00987397; -0.00931513; -0.012308; -0.0117459; -0.0149442
83.4; 545284; 385400; -0.0135487; -0.0130492; -0.0165724; -0.0160715; -0.0201918
83.6; 539537; 384747; -0.0182628; -0.0178131; -0.0218564; -0.0214063; -0.0264249
83.8; 534304; 384176; -0.0239666; -0.0235792; -0.0281071; -0.0277192; -0.0335941
84; 529299; 383860; -0.0306141; -0.030275; -0.0352594; -0.0349202; -0.0415893
84.2; 523801; 383724; -0.0381071; -0.037817; -0.0432007; -0.0429115; -0.0502852
84.4; 518388; 384167; -0.0463581; -0.0461017; -0.0518347; -0.0515801; -0.0595579
84.6; 513116; 384512; -0.0552527; -0.0550345; -0.0610466; -0.0608307; -0.0693044
84.8; 507353; 385379; -0.0647151; -0.0644988; -0.0707609; -0.0705558; -0.079434
85; 501211; 385992; -0.0746494; -0.0743797; -0.0808989; -0.0806288; -0.0898516
85.2; 495281; 386554; -0.0848911; -0.0846647; -0.0912694; -0.091056; -0.10047
85.4; 488949; 387695; -0.0954021; -0.0951867; -0.101854; -0.10164; -0.111165
85.6; 482780; 388480; -0.106041; -0.105834; -0.112486; -0.112285; -0.121794
85.8; 477303; 389464; -0.116683; -0.116471; -0.123047; -0.122837; -0.132214
86; 472106; 391321; -0.127186; -0.126967; -0.133389; -0.13317; -0.142287
86.2; 467061; 393076; -0.137432; -0.137194; -0.143398; -0.143166; -0.151907
86.4; 462207; 394479; -0.147296; -0.147048; -0.152964; -0.152717; -0.160975
86.6; 458150; 395680; -0.156674; -0.156393; -0.161983; -0.161706; -0.169397
86.8; 454704; 397051; -0.165469; -0.165159; -0.170368; -0.170063; -0.177103
87; 451542; 398576; -0.173589; -0.173243; -0.178034; -0.17769; -0.184009
87.2; 449248; 399744; -0.180929; -0.180547; -0.18487; -0.184493; -0.190013
87.4; 448460; 401037; -0.187399; -0.18697; -0.19079; -0.190365; -0.195016
87.6; 448276; 402575; -0.192919; -0.192447; -0.195718; -0.195248; -0.198958
87.8; 448190; 404009; -0.197441; -0.196909; -0.199612; -0.199086; -0.20181
88; 448711; 405203; -0.200895; -0.200304; -0.202419; -0.201828; -0.203529
88.2; 449983; 406237; -0.203252; -0.202596; -0.204115; -0.203458; -0.204117
88.4; 451935; 407652; -0.204492; -0.203774; -0.204691; -0.203973; -0.203589
88.6; 454312; 408999; -0.204607; -0.203829; -0.204152; -0.203369; -0.201952
88.8; 457050; 409936; -0.203605; -0.202759; -0.202501; -0.201652; -0.199219
89; 460502; 410648; -0.201483; -0.200578; -0.19974; -0.198829; -0.195386
89.2; 464195; 411347; -0.198255; -0.197291; -0.195878; -0.194907; -0.190463
89.4; 467746; 412204; -0.193939; -0.192912; -0.190945; -0.189912; -0.184498
89.6; 471241; 413013; -0.188569; -0.187489; -0.185004; -0.183918; -0.177603
89.8; 474924; 413314; -0.18223; -0.181098; -0.178155; -0.177018; -0.169905
90; 478940; 412507; -0.175022; -0.173842; -0.170503; -0.169317; -0.161513
90.2; 483613; 411600; -0.16705; -0.165832; -0.162147; -0.160922; -0.152518
90.4; 489159; 411002; -0.158415; -0.157158; -0.15318; -0.151917; -0.142997
90.6; 494969; 410259; -0.149205; -0.147912; -0.143688; -0.142386; -0.133027
90.8; 500589; 409103; -0.139472; -0.138207; -0.133705; -0.132466; -0.122706
91; 506333; 407829; -0.129332; -0.128098; -0.123423; -0.122155; -0.112133
91.2; 512081; 406737; -0.118931; -0.117642; -0.112912; -0.111612; -0.101448
91.4; 518433; 404918; -0.108328; -0.107043; -0.102284; -0.10101; -0.0908131
91.6; 525575; 403016; -0.0977; -0.0964039; -0.0917585; -0.0904188; -0.0803804
91.8; 532376; 402150; -0.0871753; -0.0858749; -0.081399; -0.0800272; -0.0702546
92; 538592; 400446; -0.0768928; -0.0756166; -0.0713333; -0.0699897; -0.0605617
92.2; 544808; 398180; -0.0669657; -0.0657003; -0.0616802; -0.0603452; -0.0513605
92.4; 551622; 396687; -0.0574607; -0.0562213; -0.0524584; -0.0512272; -0.042717
92.6; 557290; 396312; -0.0484732; -0.0472751; -0.0438607; -0.0426322; -0.0347233
92.8; 560912; 395224; -0.0401224; -0.0389327; -0.0359165; -0.0347335; -0.0274921
93; 564349; 393578; -0.0324617; -0.0313311; -0.0287422; -0.0275996; -0.0211115
93.2; 567053; 391937; -0.0256269; -0.0245372; -0.0224351; -0.0213272; -0.0156722
93.4; 567726; 390864; -0.0197101; -0.0186533; -0.0170819; -0.016023; -0.0112729
93.6; 567899; 389696; -0.0147425; -0.0137577; -0.0127247; -0.0117233; -0.00792202
93.8; 567798; 388174; -0.0108031; -0.00986848; -0.00940079; -0.00846185; -0.00563537
94; 566628; 387071; -0.00791103; -0.00703853; -0.00714594; -0.0062653; -0.00444026
94.2; 564337; 386308; -0.00608672; -0.00527772; -0.00596539; -0.00514775; -0.00433226
94.4; 560946; 385273; -0.0053568; -0.0046113; -0.0058811; -0.00513305; -0.0053314
94.6; 556550; 384136; -0.00573871; -0.00505602; -0.00691145; -0.00622326; -0.00744106
94.8; 551352; 383380; -0.00723519; -0.00661265; -0.00904478; -0.00841991; -0.0106385
95; 546102; 382804; -0.00982976; -0.00927409; -0.0122569; -0.0116997; -0.0148834
95.2; 540858; 381814; -0.0135027; -0.0130074; -0.0165187; -0.016022; -0.0201268
95.4; 535343; 381145; -0.0182029; -0.017759; -0.0217873; -0.0213431; -0.0263426
95.6; 530285; 380728; -0.0238849; -0.0235019; -0.0280167; -0.0276341; -0.0334913
95.8; 525267; 380472; -0.0305053; -0.0301733; -0.0351445; -0.0348138; -0.0414688
96; 519823; 380211; -0.0379859; -0.0377007; -0.0430764; -0.042792; -0.0501573
96.2; 514245; 380657; -0.0462327; -0.0459825; -0.0517086; -0.0514597; -0.059433
96.4; 508795; 381262; -0.0551296; -0.0549162; -0.0609227; -0.0607129; -0.0691815
96.6; 503237; 381926; -0.0646018; -0.0643783; -0.0706481; -0.0704316; -0.0793116
96.8; 497424; 382393; -0.0745349; -0.0742641; -0.0807783; -0.0805112; -0.0897252
97; 491708; 383214; -0.0847608; -0.0845535; -0.0911378; -0.0909395; -0.100341
97.2; 485659; 384307; -0.0952724; -0.0950493; -0.101724; -0.101505; -0.111031
97.4; 479618; 385407; -0.105892; -0.105696; -0.112344; -0.11215; -0.121662
97.6; 473821; 386447; -0.116535; -0.116331; -0.122904; -0.122703; -0.132085
97.8; 468600; 387902; -0.127048; -0.126837; -0.133257; -0.133046; -0.142168
98; 463773; 389575; -0.13731; -0.137076; -0.14328; -0.143051; -0.151797
98.2; 459141; 391368; -0.147182; -0.146935; -0.152851; -0.152608; -0.160867
98.4; 455122; 392594; -0.156571; -0.156294; -0.161884; -0.161609; -0.169302
98.6; 451471; 393671; -0.16537; -0.165065; -0.170276; -0.169976; -0.177026
98.8; 448573; 395102; -0.173488; -0.173145; -0.177941; -0.177602; -0.183931
99; 446549; 396630; -0.180828; -0.18045; -0.184778; -0.184404; -0.189938
99.2; 445583; 397845; -0.187304; -0.186881; -0.190706; -0.190287; -0.194952
99.4; 445255; 399295; -0.192844; -0.192374; -0.195653; -0.195187; -0.198912
99.6; 445187; 400757; -0.197381; -0.196855; -0.199562; -0.199039; -0.201776
99.8; 445868; 402049; -0.200853; -0.200267; -0.202384; -0.201797; -0.203504
100; 447085; 403359; -0.203231; -0.202579; -0.204099; -0.203447; -0.204114
100.2; 449059; 404634; -0.20448; -0.203768; -0.204687; -0.203972; -0.203595
100.4; 451358; 405809; -0.204604; -0.203828; -0.204156; -0.203376; -0.201969
100.6; 453966; 406730; -0.203608; -0.202767; -0.202515; -0.201669; -0.199251
100.8; 457361; 407447; -0.201493; -0.200593; -0.19976; -0.198854; -0.195424
101; 461131; 408310; -0.198278; -0.197318; -0.195909; -0.194941; -0.190508
101.2; 464635; 409134; -0.19398; -0.192959; -0.190991; -0.189964; -0.184555
101.4; 467900; 410105; -0.18863; -0.187552; -0.185067; -0.183983; -0.177667
101.6; 471412; 410335; -0.182302; -0.181177; -0.178227; -0.177095; -0.169976
101.8; 475635; 409514; -0.175103; -0.173928; -0.170582; -0.169401; -0.161587
102; 480421; 408555; -0.167133; -0.165917; -0.162229; -0.161006; -0.152597
102.2; 485714; 407948; -0.158499; -0.157247; -0.153265; -0.152008; -0.143084
102.4; 491137; 407262; -0.149291; -0.148003; -0.143776; -0.14248; -0.133123
102.6; 496744; 406447; -0.13957; -0.138302; -0.133805; -0.132567; -0.122811
102.8; 502687; 405052; -0.129433; -0.128211; -0.123525; -0.122266; -0.112238
103; 508695; 403692; -0.119046; -0.117759; -0.113019; -0.111725; -0.101544
103.2; 514631; 402183; -0.108443; -0.107162; -0.10239; -0.101121; -0.0909045
103.4; 521278; 400529; -0.0978124; -0.0965283; -0.0918511; -0.0905435; -0.0804709
103.6; 528426; 398660; -0.0872882; -0.0859943; -0.0814703; -0.0801813; -0.07036
103.8; 535144; 397029; -0.0769909; -0.0757239; -0.0714012; -0.0701312; -0.0606728
104; 541042; 395281; -0.0670488; -0.0657949; -0.0617438; -0.0604718; -0.0514671
104.2; 547015; 394058; -0.0575458; -0.0563128; -0.0525507; -0.0513192; -0.0428143
104.4; 552909; 393004; -0.0485674; -0.0473616; -0.0439408; -0.0427247; -0.0348005
104.6; 557664; 392091; -0.0402014; -0.0390239; -0.0359907; -0.0347996; -0.0275337
104.8; 560426; 391165; -0.0325448; -0.0314074; -0.0288034; -0.0276632; -0.0211422
105; 562590; 389409; -0.0257044; -0.0246155; -0.0225004; -0.0213956; -0.0157207
105.2; 564042; 387591; -0.0197629; -0.0187157; -0.0171307; -0.0160769; -0.0113118
105.4; 564203; 386469; -0.0147825; -0.0137928; -0.0127641; -0.0117638; -0.00796554
105.6; 563922; 385348; -0.0108207; -0.00989133; -0.00942692; -0.00848963; -0.00567434
105.8; 563071; 384055; -0.00791564; -0.00704689; -0.00715305; -0.00627752; -0.00445289
106; 560909; 382990; -0.00608821; -0.00528324; -0.00596221; -0.0051503; -0.00432388
106.2; 557579; 382210; -0.00535475; -0.00461386; -0.00586903; -0.00512297; -0.00529866
106.4; 553128; 381599; -0.00572749; -0.0050477; -0.0068854; -0.00620288; -0.00739378
106.6; 547885; 380704; -0.00720825; -0.00658959; -0.00900649; -0.00838557; -0.0105835
106.8; 542701; 379721; -0.00978615; -0.00923181; -0.0122082; -0.0116515; -0.0148264
107; 537604; 378706; -0.0134399; -0.01294; -0.0164551; -0.0159547; -0.0200625
107.2; 532179; 378073; -0.018118; -0.0176793; -0.0217039; -0.0212652; -0.0262649
107.4; 527247; 377602; -0.0237912; -0.023408; -0.0279223; -0.0275387; -0.0333924
107.6; 522431; 377189; -0.0304062; -0.030072; -0.0350428; -0.0347085; -0.0413616
107.8; 517179; 376888; -0.0378776; -0.0375909; -0.0429639; -0.0426789; -0.0500365
108; 511730; 377514; -0.0461176; -0.0458615; -0.0515881; -0.0513335; -0.059298
108.2; 506307; 378092; -0.0550034; -0.0547873; -0.0607945; -0.0605807; -0.0690464
108.4; 500880; 378440; -0.0644524; -0.0642524; -0.070501; -0.070306; -0.0791789
108.6; 495496; 378831; -0.0743952; -0.0741181; -0.0806434; -0.0803711; -0.089595
108.8; 489725; 379986; -0.0846156; -0.0844022; -0.0910014; -0.090795; -0.100216
109; 483513; 381218; -0.0951172; -0.0949071; -0.101578; -0.101371; -0.110906
109.2; 477224; 382261; -0.105753; -0.10555; -0.112208; -0.112009; -0.12153
109.4; 471663; 383234; -0.1164; -0.116199; -0.122771; -0.122574; -0.131956
109.6; 466604; 384485; -0.12692; -0.126708; -0.13313; -0.132918; -0.142041
109.8; 461734; 386435; -0.137172; -0.13694; -0.143145; -0.142918; -0.151665
110; 457113; 388179; -0.14704; -0.1468; -0.152719; -0.15248; -0.160751
110.2; 452982; 389416; -0.156441; -0.156161; -0.161766; -0.161491; -0.169208
110.4; 449503; 390616; -0.165242; -0.164942; -0.170161; -0.169866; -0.176932
110.6; 446577; 391949; -0.173371; -0.173032; -0.177832; -0.177498; -0.183839
110.8; 444458; 393426; -0.180729; -0.180356; -0.184687; -0.184315; -0.189857
111; 443367; 394903; -0.187229; -0.186809; -0.190635; -0.190222; -0.194891
111.2; 443115; 396289; -0.192783; -0.192317; -0.195601; -0.195136; -0.198873
111.4; 443086; 397693; -0.197322; -0.196803; -0.199513; -0.198996; -0.201742
111.6; 443672; 399087; -0.200806; -0.200222; -0.202354; -0.201768; -0.203502
111.8; 445122; 400292; -0.203187; -0.202543; -0.204076; -0.203429; -0.204123
112; 447035; 401538; -0.204455; -0.203744; -0.204679; -0.203968; -0.203616
112.2; 449075; 402830; -0.204598; -0.203827; -0.204162; -0.203386; -0.201996
112.4; 451703; 403849; -0.203619; -0.202785; -0.20253; -0.201692; -0.199272
112.6; 454981; 404737; -0.201528; -0.200626; -0.199792; -0.198887; -0.195454
112.8; 458585; 405467; -0.198324; -0.197368; -0.195953; -0.19499; -0.190549
113; 462123; 406262; -0.194037; -0.193022; -0.191052; -0.190031; -0.184619
113.2; 465429; 407278; -0.188698; -0.187622; -0.185143; -0.184061; -0.177758
113.4; 468926; 407593; -0.182377; -0.181253; -0.178314; -0.177183; -0.170079
113.6; 473026; 406786; -0.175187; -0.174019; -0.170679; -0.169504; -0.161707
113.8; 477721; 405720; -0.167233; -0.16602; -0.162339; -0.161119; -0.152722
114; 483023; 405299; -0.158608; -0.157359; -0.153377; -0.152122; -0.1432
114.2; 488687; 404701; -0.149411; -0.148127; -0.143893; -0.1426; -0.133233
114.4; 494153; 403744; -0.139692; -0.138428; -0.133924; -0.132681; -0.122911
114.6; 499615; 402543; -0.129556; -0.128336; -0.12364; -0.122387; -0.112342
114.8; 505507; 401147; -0.119162; -0.117883; -0.113129; -0.111845; -0.101646
115; 511747; 399537; -0.108561; -0.107282; -0.102508; -0.101233; -0.0910115
115.2; 518390; 397844; -0.0979273; -0.0966471; -0.0919658; -0.0906619; -0.0805847
115.4; 525434; 396278; -0.0874125; -0.086107; -0.0815926; -0.0802961; -0.0704779
115.6; 532014; 395170; -0.0771328; -0.0757978; -0.0715397; -0.0701949; -0.0607541
115.8; 538052; 393353; -0.0671894; -0.06588; -0.061868; -0.0605486; -0.0515383
116; 543712; 391542; -0.0576542; -0.0564522; -0.0526496; -0.0514384; -0.0429009
116.2; 549746; 390828; -0.0486936; -0.0474662; -0.0440507; -0.0428151; -0.034868
116.4; 554439; 390312; -0.0402904; -0.0391337; -0.0360662; -0.0348919; -0.0275912
116.6; 556980; 388704; -0.03262; -0.0314791; -0.0288641; -0.0277247; -0.0211815
116.8; 559441; 386731; -0.0257367; -0.0246488; -0.0225248; -0.0214191; -0.0157251
117; 561185; 385219; -0.0197636; -0.0187203; -0.0171219; -0.0160776; -0.0112955
117.2; 561253; 384159; -0.0147786; -0.013788; -0.0127527; -0.0117504; -0.00793818
117.4; 560872; 382771; -0.01082; -0.00990435; -0.00941592; -0.00848814; -0.00564528
117.6; 559920; 381570; -0.00793698; -0.00706756; -0.00715427; -0.0062847; -0.0044262
117.8; 557654; 380941; -0.00611298; -0.00530649; -0.00596836; -0.00515357; -0.00429622
118; 554618; 380371; -0.00536107; -0.00462376; -0.00585557; -0.00511411; -0.00525535
118.2; 550268; 379323; -0.00570244; -0.0050246; -0.00684153; -0.00616633; -0.00732413
118.4; 545178; 378059; -0.00714992; -0.00653276; -0.00893855; -0.00831877; -0.0104991
118.6; 540097; 377176; -0.00970006; -0.00914708; -0.0121185; -0.0115626; -0.0147303
118.8; 534970; 376222; -0.0133413; -0.0128449; -0.016356; -0.0158613; -0.0199663
119; 529629; 375520; -0.0180259; -0.0175895; -0.0216142; -0.0211777; -0.0261817
119.2; 524838; 375348; -0.0237065; -0.0233279; -0.0278366; -0.0274585; -0.0333084
119.4; 520268; 375059; -0.0303254; -0.0299945; -0.0349559; -0.0346242; -0.0412642
119.6; 515066; 374630; -0.0377919; -0.0375072; -0.0428673; -0.0425843; -0.0499223
119.8; 509616; 374988; -0.0460102; -0.0457547; -0.0514714; -0.051218; -0.0591658
120; 504184; 375866; -0.0548641; -0.0546538; -0.0606514; -0.0604431; -0.0688995
