0.004; 1205.37; 3151.32; 2.31101e-06; 2.69275e-06; 2.27405e-06; 2.63744e-06; 2.56528e-06
0.2; 74568.8; 132912; 0.000774605; -0.000323335; 0.000755194; -0.000376144; 0.000995312
0.4; 369486; 518140; -0.00131794; -0.000710701; -0.00150849; -0.000884021; -0.000833596
0.6; 612854; 600363; -0.0054216; -0.00515468; -0.00585468; -0.00560841; -0.00522194
0.8; 659859; 464035; -0.0116655; -0.0115799; -0.0127213; -0.0126227; -0.0126474
1; 730188; 451826; -0.0173625; -0.0173845; -0.0195385; -0.0194769; -0.0216766
1.2; 776902; 526835; -0.0216015; -0.0208636; -0.0250994; -0.0242523; -0.0292835
1.4; 755039; 525889; -0.0237666; -0.0230487; -0.0281023; -0.0276208; -0.0343301
1.6; 717851; 504446; -0.0252374; -0.0254338; -0.030383; -0.0298315; -0.0373048
1.8; 703872; 509557; -0.0291708; -0.0280434; -0.0334967; -0.0325142; -0.0395585
2; 698018; 510146; -0.0346302; -0.0339867; -0.0385043; -0.0376106; -0.0432666
2.2; 675371; 501301; -0.0428938; -0.0423707; -0.0461277; -0.045782; -0.0501359
2.4; 647604; 508784; -0.0526109; -0.0520977; -0.0560536; -0.0556123; -0.0600401
2.6; 629698; 522554; -0.0619924; -0.0615006; -0.0662056; -0.0656192; -0.0713359
2.8; 630774; 524228; -0.0700362; -0.0694876; -0.0750111; -0.0745984; -0.081797
3; 640444; 522541; -0.0765196; -0.0759515; -0.0822353; -0.0816253; -0.0902312
3.2; 649878; 521678; -0.0824217; -0.0818041; -0.0883124; -0.087702; -0.0968513
3.4; 655395; 520256; -0.0891538; -0.0882929; -0.0947277; -0.093941; -0.102718
3.6; 649780; 515925; -0.0973118; -0.0966941; -0.102431; -0.101734; -0.109493
3.8; 625216; 517465; -0.107202; -0.106568; -0.111814; -0.111225; -0.118001
4; 590503; 524067; -0.11771; -0.117201; -0.122159; -0.121686; -0.127959
4.2; 565828; 525717; -0.12764; -0.127186; -0.132215; -0.131758; -0.13813
4.4; 559357; 522847; -0.136074; -0.135591; -0.140843; -0.140421; -0.147199
4.6; 562347; 518577; -0.14291; -0.142371; -0.14784; -0.147318; -0.154519
4.8; 567324; 513811; -0.148883; -0.148273; -0.153714; -0.153141; -0.160368
5; 569880; 511111; -0.155044; -0.154344; -0.15954; -0.158882; -0.165686
5.2; 565613; 511593; -0.162025; -0.161324; -0.166044; -0.165367; -0.171387
5.4; 554992; 513514; -0.169844; -0.16915; -0.173356; -0.172689; -0.17777
5.6; 542958; 517094; -0.177694; -0.177063; -0.180794; -0.180204; -0.184459
5.8; 536580; 518605; -0.184604; -0.183976; -0.187434; -0.186835; -0.190554
6; 537231; 516825; -0.189784; -0.18915; -0.192422; -0.191831; -0.195249
6.2; 540294; 513543; -0.193251; -0.19258; -0.195709; -0.195064; -0.198271
6.4; 540752; 507637; -0.195655; -0.194919; -0.197833; -0.197132; -0.200028
6.6; 539161; 502077; -0.197842; -0.197006; -0.199609; -0.198801; -0.201166
6.8; 536679; 500288; -0.200305; -0.199419; -0.201546; -0.200686; -0.202245
7; 533595; 502926; -0.203013; -0.202121; -0.203688; -0.202824; -0.20342
7.2; 533362; 507856; -0.20541; -0.204503; -0.205569; -0.204686; -0.204355
7.4; 537490; 510889; -0.206708; -0.205803; -0.206444; -0.205564; -0.20446
7.6; 542480; 510779; -0.206414; -0.205503; -0.205831; -0.204938; -0.20329
7.8; 546234; 506791; -0.204582; -0.203625; -0.203714; -0.202777; -0.200724
8; 547612; 500832; -0.201671; -0.200665; -0.200499; -0.199512; -0.197072
8.2; 547196; 495425; -0.198334; -0.197237; -0.196803; -0.195718; -0.192819
8.4; 546175; 493671; -0.194987; -0.193861; -0.19303; -0.19191; -0.188377
8.6; 547272; 496182; -0.191725; -0.190533; -0.189303; -0.188124; -0.183857
8.8; 552320; 500277; -0.188167; -0.186966; -0.185301; -0.184112; -0.179056
9; 559171; 503694; -0.183815; -0.182619; -0.180578; -0.179393; -0.173666
9.2; 565394; 503491; -0.178318; -0.17711; -0.174818; -0.173617; -0.167433
9.4; 570419; 498977; -0.171656; -0.170431; -0.167981; -0.166762; -0.160307
9.6; 572743; 493309; -0.164201; -0.162933; -0.160398; -0.159135; -0.152555
9.8; 573398; 488302; -0.156456; -0.155144; -0.152518; -0.151207; -0.144498
10; 575123; 485531; -0.148837; -0.147474; -0.144716; -0.143355; -0.136423
10.2; 579057; 486504; -0.141442; -0.140069; -0.137101; -0.135725; -0.128443
10.4; 585515; 489258; -0.134088; -0.132723; -0.129529; -0.128154; -0.12047
10.6; 593680; 491104; -0.126459; -0.125093; -0.121734; -0.120365; -0.112356
10.8; 600934; 491568; -0.118288; -0.116932; -0.11351; -0.112151; -0.104007
11; 606562; 488490; -0.109549; -0.108198; -0.104838; -0.103482; -0.0954448
11.2; 610625; 482755; -0.100482; -0.0991362; -0.095916; -0.0945618; -0.0867942
11.4; 613512; 477599; -0.0915178; -0.0901352; -0.0871123; -0.0857222; -0.0782878
11.6; 616794; 474720; -0.0829651; -0.0815684; -0.0786877; -0.077282; -0.0701064
11.8; 621791; 474127; -0.0749862; -0.0735932; -0.0707883; -0.0693847; -0.0623436
12; 628597; 475938; -0.0674989; -0.0661301; -0.0633653; -0.0619828; -0.055009
12.2; 636061; 477763; -0.060277; -0.0589562; -0.0562544; -0.0549088; -0.0480461
12.4; 642657; 478142; -0.0531241; -0.0518634; -0.0493093; -0.0480018; -0.0414039
12.6; 647707; 476038; -0.0460254; -0.0447804; -0.0425062; -0.0412264; -0.0350939
12.8; 650961; 471878; -0.0391018; -0.0378787; -0.0359623; -0.034698; -0.0291896
13; 652405; 467773; -0.0326372; -0.0314205; -0.0298951; -0.0286414; -0.0238152
13.2; 653338; 465078; -0.0269027; -0.0256984; -0.0245247; -0.0232863; -0.0190772
13.4; 654828; 464397; -0.0220265; -0.0208486; -0.0199571; -0.0187433; -0.0150327
13.6; 657277; 465676; -0.0179711; -0.0168258; -0.0161675; -0.0150015; -0.0116932
13.8; 659986; 467107; -0.0145614; -0.0134642; -0.013052; -0.0119268; -0.00903601
14; 662028; 467782; -0.0116332; -0.010589; -0.0104755; -0.00940918; -0.0070336
14.2; 662172; 466457; -0.00913635; -0.00813751; -0.00841662; -0.00738932; -0.00568799
14.4; 659981; 463232; -0.00714268; -0.00619101; -0.0069102; -0.00593329; -0.00501241
14.6; 656294; 459778; -0.0058366; -0.004911; -0.00609085; -0.00514513; -0.00502634
14.8; 652175; 457594; -0.00536624; -0.00447672; -0.00606269; -0.00515173; -0.00575599
15; 648614; 457226; -0.00582771; -0.00496095; -0.00689675; -0.00600959; -0.00721171
15.2; 645788; 458347; -0.007159; -0.00632848; -0.0085564; -0.00769913; -0.00940114
15.4; 643235; 459923; -0.00922556; -0.00845195; -0.0109561; -0.010126; -0.0123049
15.6; 640415; 460544; -0.0118973; -0.0111717; -0.0139756; -0.0131953; -0.0158894
15.8; 636610; 459875; -0.0150749; -0.0143921; -0.0175471; -0.0168147; -0.0201181
16; 631509; 457950; -0.0187639; -0.0181178; -0.0216618; -0.0209654; -0.0249485
16.2; 625455; 455912; -0.0230327; -0.022422; -0.0263482; -0.0256773; -0.0303356
16.4; 619104; 454478; -0.0279808; -0.0273954; -0.0316494; -0.0310044; -0.0362419
16.6; 613028; 454335; -0.0336705; -0.0330386; -0.0375743; -0.0369571; -0.042627
16.8; 607682; 455423; -0.0399605; -0.0393865; -0.0440848; -0.0434895; -0.0494686
17; 602621; 457224; -0.0467943; -0.0462401; -0.0510796; -0.0505199; -0.0567386
17.2; 597106; 458654; -0.0540014; -0.0534728; -0.0584503; -0.0579297; -0.0643866
17.4; 590849; 459033; -0.0614587; -0.0609705; -0.0661046; -0.0656043; -0.0723428
17.6; 584024; 458294; -0.0691275; -0.0686535; -0.0739617; -0.0734863; -0.0805288
17.8; 577063; 456655; -0.0770011; -0.0765378; -0.0820039; -0.081547; -0.088871
18; 570116; 455504; -0.0851065; -0.0846499; -0.0902339; -0.0897744; -0.0973103
18.2; 563585; 455215; -0.0934586; -0.092994; -0.0986251; -0.0981736; -0.10579
18.4; 557486; 455580; -0.102005; -0.101551; -0.107146; -0.106699; -0.114265
18.6; 551544; 456936; -0.110646; -0.110195; -0.115706; -0.115263; -0.122684
18.8; 545746; 458381; -0.119256; -0.118803; -0.124208; -0.123768; -0.131001
19; 539575; 459844; -0.127692; -0.127242; -0.132536; -0.132094; -0.139135
19.2; 533143; 460462; -0.135871; -0.135416; -0.140597; -0.140156; -0.147007
19.4; 527268; 459824; -0.143757; -0.143299; -0.14835; -0.147907; -0.154549
19.6; 522046; 458915; -0.15136; -0.150876; -0.155786; -0.155312; -0.161705
19.8; 517409; 458849; -0.158672; -0.158181; -0.162871; -0.162402; -0.168439
20; 513490; 459554; -0.165694; -0.165178; -0.169621; -0.16912; -0.174727
20.2; 510228; 460510; -0.172345; -0.1718; -0.175953; -0.175424; -0.180524
20.4; 507525; 461505; -0.178513; -0.177951; -0.181778; -0.181236; -0.185778
20.6; 505247; 462169; -0.184097; -0.183511; -0.187018; -0.18645; -0.190438
20.8; 503374; 462187; -0.189029; -0.188421; -0.191609; -0.19102; -0.194462
21; 501871; 461795; -0.193294; -0.192652; -0.19553; -0.194908; -0.197814
21.2; 500692; 461259; -0.196904; -0.19623; -0.198782; -0.198126; -0.200474
21.4; 500008; 460751; -0.199889; -0.199175; -0.20138; -0.200685; -0.202432
21.6; 500141; 460822; -0.202247; -0.201492; -0.203322; -0.202583; -0.203678
21.8; 500877; 461279; -0.203948; -0.203153; -0.204585; -0.203806; -0.204207
22; 501895; 462061; -0.20494; -0.204109; -0.205137; -0.204321; -0.20402
22.2; 503049; 462503; -0.205178; -0.204308; -0.20495; -0.204093; -0.203118
22.4; 504405; 462235; -0.204633; -0.203727; -0.204004; -0.20311; -0.201501
22.6; 506068; 461628; -0.203321; -0.202378; -0.202307; -0.201375; -0.199162
22.8; 507986; 460876; -0.20128; -0.200299; -0.199883; -0.198911; -0.196101
23; 510190; 460352; -0.198555; -0.197535; -0.196771; -0.19576; -0.192344
23.2; 512549; 460314; -0.195185; -0.194126; -0.193015; -0.191964; -0.187945
23.4; 515003; 460108; -0.191194; -0.190098; -0.188651; -0.187563; -0.182957
23.6; 517622; 459810; -0.186592; -0.185465; -0.183703; -0.182582; -0.17743
23.8; 520680; 459332; -0.181389; -0.180231; -0.178189; -0.177036; -0.171394
24; 524092; 458480; -0.175599; -0.174413; -0.172125; -0.170944; -0.164873
24.2; 527622; 457359; -0.169273; -0.16806; -0.165557; -0.164348; -0.157902
24.4; 531440; 455958; -0.162476; -0.161238; -0.158542; -0.157307; -0.150525
24.6; 535563; 454540; -0.155279; -0.154019; -0.151147; -0.149888; -0.142799
24.8; 539695; 453421; -0.147753; -0.146473; -0.143442; -0.142163; -0.134797
25; 543743; 452786; -0.139948; -0.138651; -0.135487; -0.134191; -0.126591
25.2; 548135; 451987; -0.131903; -0.130592; -0.12732; -0.126026; -0.118242
25.4; 552824; 450741; -0.123639; -0.122359; -0.118992; -0.117712; -0.109808
25.6; 557593; 449028; -0.115241; -0.113957; -0.110569; -0.109283; -0.101342
25.8; 562651; 447182; -0.106744; -0.105463; -0.1021; -0.100796; -0.0928943
26; 568041; 445513; -0.0982367; -0.0969424; -0.0936378; -0.092342; -0.0845299
26.2; 573751; 443963; -0.0897852; -0.0884977; -0.0852766; -0.083981; -0.0763155
26.4; 579646; 442610; -0.0814746; -0.080193; -0.0770833; -0.0757833; -0.068304
26.6; 585292; 441490; -0.0733685; -0.0720931; -0.0691092; -0.0678259; -0.060564
26.8; 590650; 440368; -0.065511; -0.0642433; -0.0614203; -0.060137; -0.0531415
27; 595689; 439444; -0.0579282; -0.056686; -0.0540387; -0.0527761; -0.0460942
27.2; 600545; 438549; -0.0506799; -0.0494428; -0.0470208; -0.0457713; -0.0394636
27.4; 605126; 437462; -0.0437926; -0.0425864; -0.0404078; -0.0391771; -0.0332952
27.6; 609141; 436182; -0.0373471; -0.0361569; -0.034259; -0.0330475; -0.0276416
27.8; 612505; 434979; -0.0313969; -0.0302301; -0.0286261; -0.0274418; -0.0225407
28; 615255; 433859; -0.025993; -0.0248606; -0.0235622; -0.0224004; -0.0180304
28.2; 617447; 432996; -0.021181; -0.0200764; -0.0190904; -0.0179662; -0.0141356
28.4; 619029; 432379; -0.0169709; -0.0159083; -0.0152409; -0.0141532; -0.0108838
28.6; 620005; 431758; -0.0133913; -0.0123589; -0.0120323; -0.0109773; -0.00829189
28.8; 620288; 431036; -0.0104488; -0.00945555; -0.00947823; -0.00846482; -0.00638875
29; 619773; 430244; -0.00817163; -0.00721724; -0.00760655; -0.00662966; -0.00519001
29.2; 618614; 429204; -0.00658654; -0.00567211; -0.0064354; -0.00549979; -0.00471127
29.4; 616901; 428300; -0.00571515; -0.00483694; -0.00597848; -0.00508125; -0.00494687
29.6; 614552; 427718; -0.00556977; -0.00473484; -0.00624509; -0.00538976; -0.005901
29.8; 611869; 427254; -0.00615651; -0.00535928; -0.00723289; -0.00641802; -0.00755744
30; 608930; 426927; -0.00745882; -0.00670362; -0.00892705; -0.00815512; -0.00990785
30.2; 605584; 426704; -0.0094625; -0.00874604; -0.0113149; -0.010582; -0.012935
30.4; 601825; 426282; -0.0121457; -0.0114695; -0.0143719; -0.0136812; -0.0166173
30.6; 597998; 425918; -0.0154885; -0.014847; -0.0180819; -0.0174272; -0.0209387
30.8; 594012; 425331; -0.0194712; -0.0188673; -0.0224254; -0.0218089; -0.0258906
31; 589557; 424874; -0.0240819; -0.0235109; -0.0273818; -0.0267989; -0.0314247
31.2; 584933; 424724; -0.029292; -0.0287564; -0.0329148; -0.0323681; -0.0375011
31.4; 580389; 424896; -0.0350669; -0.0345571; -0.038986; -0.0384534; -0.0440485
31.6; 575873; 425076; -0.0413629; -0.0408803; -0.0455578; -0.0450056; -0.0510181
31.8; 570735; 425368; -0.0481217; -0.0476726; -0.0525359; -0.0520206; -0.0583702
32; 565188; 426019; -0.0552887; -0.0548618; -0.0598906; -0.0594104; -0.0660516
32.2; 559792; 426546; -0.0628343; -0.0623696; -0.0675747; -0.067119; -0.0740216
32.4; 554461; 426745; -0.0706257; -0.0702233; -0.0755375; -0.0750876; -0.0822212
32.6; 548514; 426841; -0.0787138; -0.0782905; -0.0836939; -0.0833151; -0.0905981
32.8; 542228; 427504; -0.0869939; -0.0865668; -0.0920931; -0.091632; -0.0990823
33; 536461; 427998; -0.0954165; -0.0949936; -0.100522; -0.100123; -0.107599
33.2; 531013; 428348; -0.103922; -0.10351; -0.109028; -0.108622; -0.116086
33.4; 525274; 429095; -0.112443; -0.112034; -0.117513; -0.117092; -0.124488
33.6; 519357; 430264; -0.120915; -0.120493; -0.125886; -0.125489; -0.132738
33.8; 513594; 431270; -0.129256; -0.12884; -0.134129; -0.133709; -0.140784
34; 508294; 431813; -0.13742; -0.13699; -0.142143; -0.141723; -0.148563
34.2; 503299; 432301; -0.145344; -0.144901; -0.14989; -0.149465; -0.156029
34.4; 498753; 433017; -0.152981; -0.152531; -0.157332; -0.156882; -0.163128
34.6; 494643; 433738; -0.160292; -0.159821; -0.164398; -0.163946; -0.169806
34.8; 490922; 434535; -0.167203; -0.166714; -0.171044; -0.170566; -0.176002
35; 487883; 435239; -0.173667; -0.173157; -0.17721; -0.176712; -0.181674
35.2; 485411; 435928; -0.179629; -0.179091; -0.182846; -0.182328; -0.186776
35.4; 483214; 436525; -0.185032; -0.184474; -0.187913; -0.187367; -0.191276
35.6; 481398; 436995; -0.189844; -0.189254; -0.192367; -0.191795; -0.19514
35.8; 480091; 437487; -0.194034; -0.193414; -0.196188; -0.195585; -0.198347
36; 479239; 437712; -0.197582; -0.196928; -0.199353; -0.198712; -0.200869
36.2; 478829; 438042; -0.200469; -0.199775; -0.201837; -0.20116; -0.202686
36.4; 479082; 438406; -0.202667; -0.201937; -0.203625; -0.202906; -0.203782
36.6; 479755; 438916; -0.204156; -0.203384; -0.204693; -0.203934; -0.204147
36.8; 480715; 439409; -0.204916; -0.204109; -0.205033; -0.204237; -0.203785
37; 481867; 439590; -0.204947; -0.2041; -0.204649; -0.203811; -0.202707
37.2; 483176; 439610; -0.204245; -0.203358; -0.20354; -0.202663; -0.20092
37.4; 484869; 439605; -0.202818; -0.201892; -0.201713; -0.200795; -0.198424
37.6; 487018; 439578; -0.200678; -0.199716; -0.199173; -0.198218; -0.195216
37.8; 489294; 439681; -0.197845; -0.196844; -0.195945; -0.194951; -0.191328
38; 491585; 439818; -0.194333; -0.193295; -0.192054; -0.191022; -0.186801
38.2; 493880; 439457; -0.190166; -0.189094; -0.187531; -0.186465; -0.181682
38.4; 496405; 438957; -0.185378; -0.184272; -0.182417; -0.181316; -0.176025
38.6; 499333; 438111; -0.180006; -0.17887; -0.176749; -0.175616; -0.169863
38.8; 502548; 437315; -0.174096; -0.172929; -0.170568; -0.169406; -0.163234
39; 506133; 436621; -0.167693; -0.1665; -0.163919; -0.162729; -0.156174
39.2; 509981; 435816; -0.160846; -0.15963; -0.156846; -0.155632; -0.148722
39.4; 513982; 434969; -0.153604; -0.152366; -0.149401; -0.148164; -0.140938
39.6; 518074; 434139; -0.146013; -0.144757; -0.141637; -0.140382; -0.132885
39.8; 522217; 433141; -0.138125; -0.136856; -0.1336; -0.132359; -0.124638
40; 526382; 431987; -0.129965; -0.128748; -0.125371; -0.124133; -0.116265
40.2; 530641; 430437; -0.121671; -0.120412; -0.117011; -0.115759; -0.107816
40.4; 535351; 428577; -0.113231; -0.111977; -0.108566; -0.107302; -0.0993475
40.6; 540615; 427057; -0.104741; -0.103482; -0.100099; -0.0988271; -0.0909158
40.8; 546284; 426008; -0.0962689; -0.095; -0.0916732; -0.0904053; -0.0825802
41; 552062; 424747; -0.0878731; -0.086617; -0.0833673; -0.0820978; -0.0744094
41.2; 557634; 423503; -0.0796258; -0.0783733; -0.0752335; -0.0739681; -0.0664622
41.4; 562979; 422412; -0.0715674; -0.0703067; -0.0673196; -0.0660519; -0.0587882
41.6; 568002; 421495; -0.0637192; -0.0624949; -0.0596551; -0.0584134; -0.0514308
41.8; 572831; 420203; -0.0561894; -0.0549666; -0.0523406; -0.051101; -0.044466
42; 577743; 418929; -0.0489982; -0.0477939; -0.045395; -0.0441805; -0.0379397
42.2; 582546; 417789; -0.042206; -0.0410213; -0.038886; -0.0376747; -0.0318814
42.4; 586498; 416980; -0.0358838; -0.0347267; -0.0328552; -0.0316837; -0.0263519
42.6; 589701; 415984; -0.0300817; -0.0289482; -0.0273714; -0.0262195; -0.02139
42.8; 592580; 415134; -0.0248189; -0.0237217; -0.0224458; -0.0213211; -0.0170185
43; 594759; 414460; -0.0201393; -0.0190669; -0.0181065; -0.0170198; -0.0132584
43.2; 595904; 413901; -0.0160506; -0.0150219; -0.0143916; -0.013335; -0.0101523
43.4; 596715; 413241; -0.0125917; -0.0115892; -0.011309; -0.0102904; -0.00770861
43.6; 597117; 412226; -0.00977853; -0.00881963; -0.00889489; -0.00791471; -0.00595629
43.8; 596628; 411277; -0.00765354; -0.00673272; -0.0071762; -0.00623485; -0.00491391
44; 595523; 410645; -0.0062347; -0.00535075; -0.00616867; -0.00526732; -0.00459675
44.2; 593962; 409990; -0.00553719; -0.00469384; -0.0058847; -0.00502222; -0.00499962
44.4; 591898; 409436; -0.00556632; -0.00476365; -0.00632242; -0.00550198; -0.00611892
44.6; 589388; 409207; -0.00630464; -0.00554231; -0.00746121; -0.00668308; -0.00793026
44.8; 586519; 408862; -0.00775372; -0.00702776; -0.00930321; -0.00856173; -0.0104237
45; 583224; 408566; -0.00988965; -0.00920616; -0.0118236; -0.0111251; -0.0135875
45.2; 579647; 408252; -0.0127004; -0.0120529; -0.0150111; -0.0143505; -0.0174058
45.4; 575967; 407478; -0.0161751; -0.0155633; -0.0188522; -0.0182286; -0.0218584
45.6; 572181; 407160; -0.0203001; -0.0197268; -0.023333; -0.0227484; -0.0269376
45.8; 568178; 407165; -0.0250583; -0.0245189; -0.0284273; -0.0278774; -0.0325923
46; 563911; 407317; -0.0304077; -0.0299011; -0.0340884; -0.0335713; -0.0387783
46.2; 559694; 407304; -0.0363113; -0.0358312; -0.0402727; -0.039784; -0.0454324
46.4; 555368; 407462; -0.0427141; -0.0422646; -0.0469256; -0.0464683; -0.0525061
46.6; 550763; 407958; -0.0495486; -0.0491243; -0.0539816; -0.0535504; -0.059932
46.8; 545934; 408433; -0.0567766; -0.0563709; -0.0614378; -0.0609533; -0.0676707
47; 540895; 408656; -0.0643587; -0.0639533; -0.0691597; -0.0687284; -0.0756872
47.2; 535899; 408869; -0.0722566; -0.0718163; -0.0771728; -0.0767536; -0.0839279
47.4; 530538; 409622; -0.080376; -0.0799637; -0.0854129; -0.0849917; -0.0923392
47.6; 525006; 410607; -0.088705; -0.0883025; -0.0938039; -0.0934038; -0.100849
47.8; 519383; 411171; -0.0971677; -0.0967727; -0.102288; -0.101898; -0.109374
48; 513890; 411982; -0.10569; -0.105297; -0.110796; -0.110399; -0.117844
48.2; 508534; 412925; -0.1142; -0.11381; -0.119244; -0.118861; -0.126205
48.4; 503332; 413796; -0.122636; -0.12224; -0.127592; -0.1272; -0.1344
48.6; 498078; 414775; -0.130927; -0.130529; -0.135769; -0.135373; -0.142386
48.8; 493047; 415397; -0.139041; -0.138626; -0.143735; -0.143331; -0.150116
49; 488495; 416055; -0.146908; -0.146491; -0.151431; -0.15102; -0.157525
49.2; 484265; 417041; -0.154501; -0.15406; -0.158814; -0.158384; -0.164561
49.4; 480465; 417950; -0.16174; -0.161286; -0.165808; -0.165365; -0.171151
49.6; 477154; 418884; -0.168568; -0.168095; -0.172357; -0.171893; -0.177231
49.8; 474296; 419859; -0.174928; -0.174431; -0.178406; -0.177922; -0.182768
50; 471544; 420743; -0.180765; -0.180242; -0.183913; -0.183404; -0.187727
50.2; 469303; 421521; -0.186038; -0.185489; -0.188842; -0.188307; -0.192082
50.4; 467665; 422012; -0.190712; -0.190138; -0.193159; -0.192601; -0.195808
50.6; 466677; 422426; -0.194771; -0.194163; -0.19685; -0.196256; -0.198884
50.8; 466086; 422886; -0.198189; -0.197545; -0.199882; -0.199251; -0.201274
51; 465793; 423435; -0.200944; -0.200263; -0.202234; -0.201566; -0.202952
51.2; 466213; 424106; -0.203003; -0.202283; -0.203877; -0.203167; -0.203894
51.4; 466969; 424894; -0.204338; -0.203577; -0.204786; -0.204036; -0.204093
51.6; 467898; 425486; -0.204936; -0.204138; -0.20496; -0.204171; -0.203558
51.8; 468956; 425718; -0.2048; -0.203961; -0.204409; -0.203578; -0.202312
52; 470246; 425817; -0.203935; -0.203056; -0.203138; -0.202268; -0.200366
52.2; 471926; 425953; -0.202356; -0.20144; -0.201163; -0.200253; -0.197728
52.4; 473849; 426157; -0.200078; -0.199126; -0.198489; -0.197543; -0.194393
52.6; 476057; 426247; -0.197112; -0.19612; -0.195131; -0.194145; -0.190379
52.8; 478544; 426459; -0.193468; -0.192441; -0.19111; -0.190089; -0.185727
53; 480914; 426274; -0.189168; -0.188107; -0.186457; -0.185401; -0.180482
53.2; 483287; 425885; -0.184246; -0.183151; -0.181212; -0.180121; -0.174697
53.4; 486100; 425206; -0.178745; -0.177618; -0.175418; -0.174294; -0.168416
53.6; 489267; 424405; -0.172716; -0.171561; -0.169123; -0.167972; -0.16168
53.8; 492696; 423684; -0.166215; -0.165034; -0.162381; -0.161203; -0.154537
54; 496334; 423018; -0.159287; -0.158083; -0.155234; -0.154032; -0.147022
54.2; 500196; 422261; -0.151975; -0.150751; -0.147726; -0.146503; -0.139187
54.4; 504341; 421515; -0.144325; -0.143081; -0.139906; -0.138671; -0.131091
54.6; 508524; 420521; -0.136359; -0.135147; -0.131809; -0.13061; -0.122808
54.8; 512624; 419162; -0.128178; -0.126965; -0.12355; -0.122331; -0.114402
55; 516851; 417676; -0.119832; -0.118602; -0.115166; -0.113917; -0.105934
55.2; 521467; 415992; -0.111376; -0.110131; -0.106693; -0.105456; -0.0974648
55.4; 526736; 414518; -0.102883; -0.101638; -0.098239; -0.0969856; -0.0890571
55.6; 532530; 413417; -0.0944236; -0.093181; -0.0898446; -0.0885903; -0.0807665
55.8; 538398; 412220; -0.0860665; -0.0848232; -0.0815724; -0.0803283; -0.0726484
56; 543953; 410932; -0.0778591; -0.0766241; -0.0734908; -0.0722436; -0.0647608
56.2; 548943; 409974; -0.0698411; -0.0686196; -0.0656252; -0.0643911; -0.0571502
56.4; 553899; 409020; -0.0620728; -0.0608586; -0.0580406; -0.0568194; -0.0498773
56.6; 558989; 407901; -0.0545942; -0.0534012; -0.0507867; -0.0495764; -0.0429878
56.8; 563437; 406841; -0.0474799; -0.0462996; -0.043923; -0.042729; -0.0365425
57; 567307; 405892; -0.0407853; -0.0396256; -0.0375102; -0.0363351; -0.0305963
57.2; 571195; 404817; -0.0345653; -0.0334363; -0.031594; -0.0304452; -0.0251847
57.4; 574670; 403871; -0.0288769; -0.0277701; -0.0262247; -0.0250998; -0.0203437
57.6; 577257; 403113; -0.0237383; -0.0226667; -0.0214261; -0.0203328; -0.0161095
57.8; 579348; 402486; -0.019181; -0.0181337; -0.0172219; -0.016156; -0.0124933
58; 580986; 401891; -0.0152166; -0.0142104; -0.0136311; -0.0126027; -0.00952372
58.2; 581877; 401035; -0.0118874; -0.0109134; -0.0106865; -0.00969527; -0.007225
58.4; 582036; 400228; -0.00921796; -0.00828036; -0.00841793; -0.0074616; -0.00562292
58.6; 581519; 399448; -0.00723833; -0.00634367; -0.00684669; -0.00593232; -0.00473391
58.8; 580392; 398729; -0.00597709; -0.00511747; -0.0059949; -0.00511938; -0.00456628
59; 578798; 398194; -0.00543343; -0.00461692; -0.00586287; -0.00502834; -0.00511979
59.2; 576850; 397780; -0.00561086; -0.00483095; -0.00644588; -0.00565002; -0.00637919
59.4; 574456; 397427; -0.00649758; -0.00575868; -0.00773338; -0.00698004; -0.00833687
59.6; 571638; 397144; -0.00808732; -0.00738844; -0.00971741; -0.00900359; -0.0109784
59.8; 568508; 396848; -0.0103626; -0.00970045; -0.0123787; -0.0117027; -0.0142843
60; 565081; 396288; -0.0133161; -0.012689; -0.0157065; -0.0150675; -0.0182375
60.2; 561582; 395704; -0.0169263; -0.0163368; -0.0196812; -0.0190806; -0.0228228
60.4; 557947; 395542; -0.0211825; -0.0206313; -0.0242886; -0.0237264; -0.0280187
60.6; 554027; 395591; -0.0260682; -0.0255469; -0.0295033; -0.0289726; -0.0337818
60.8; 550052; 395600; -0.0315315; -0.0310446; -0.0352713; -0.0347758; -0.0400653
61; 546130; 395911; -0.0375412; -0.0370818; -0.0415559; -0.0410882; -0.0468075
61.2; 541724; 396357; -0.044039; -0.0436115; -0.0482994; -0.0478648; -0.0539658
61.4; 537156; 396721; -0.0509668; -0.0505609; -0.0554436; -0.0550318; -0.06147
61.6; 532678; 397163; -0.0582753; -0.0578857; -0.0629407; -0.062545; -0.0692829
61.8; 528035; 397412; -0.0659288; -0.0655255; -0.070767; -0.070331; -0.0773414
62; 523285; 397742; -0.0738703; -0.0734498; -0.0787936; -0.0784362; -0.0856246
62.2; 518452; 398390; -0.0820283; -0.08164; -0.08709; -0.0866859; -0.0940565
62.4; 513319; 399314; -0.0903976; -0.0899945; -0.0955035; -0.095115; -0.102572
62.6; 507854; 400406; -0.0988659; -0.098495; -0.103998; -0.103622; -0.111101
62.8; 502633; 401156; -0.107406; -0.107025; -0.11251; -0.112129; -0.119561
63; 497618; 401938; -0.115912; -0.115528; -0.120949; -0.120573; -0.127899
63.2; 492682; 402997; -0.124318; -0.123945; -0.129264; -0.128888; -0.136057
63.4; 487521; 404200; -0.132591; -0.132193; -0.137407; -0.137018; -0.143987
63.6; 482717; 404899; -0.140645; -0.140249; -0.145313; -0.144922; -0.151651
63.8; 478671; 405396; -0.148455; -0.148043; -0.152941; -0.152535; -0.158976
64; 474747; 406349; -0.155973; -0.155545; -0.160243; -0.159826; -0.165923
64.2; 470811; 407637; -0.163135; -0.162693; -0.167157; -0.166721; -0.172423
64.4; 467298; 408755; -0.169884; -0.169413; -0.173619; -0.17316; -0.178409
64.6; 464735; 409544; -0.176142; -0.175655; -0.179561; -0.179085; -0.183828
64.8; 462712; 410372; -0.181867; -0.181353; -0.184951; -0.184448; -0.188657
65; 460578; 411500; -0.187013; -0.186472; -0.189748; -0.189221; -0.192876
65.2; 458838; 412125; -0.191564; -0.190993; -0.193939; -0.193382; -0.196468
65.4; 457877; 412458; -0.195493; -0.194891; -0.197494; -0.196905; -0.199401
65.6; 457343; 413152; -0.198775; -0.198137; -0.200389; -0.199763; -0.20165
65.8; 457392; 413881; -0.201387; -0.200709; -0.202597; -0.201931; -0.203182
66; 457781; 414560; -0.203299; -0.202582; -0.204091; -0.203384; -0.203974
66.2; 458389; 415328; -0.204485; -0.203731; -0.20485; -0.204105; -0.204019
66.4; 459272; 415967; -0.204936; -0.20414; -0.204875; -0.204088; -0.203332
66.6; 460487; 416366; -0.204651; -0.203817; -0.204173; -0.203347; -0.201934
66.8; 461837; 416718; -0.203638; -0.202765; -0.202756; -0.201889; -0.199841
67; 463517; 416931; -0.201911; -0.201; -0.200631; -0.199726; -0.197053
67.2; 465574; 416943; -0.199488; -0.198537; -0.197815; -0.196868; -0.193575
67.4; 467583; 417015; -0.196378; -0.195392; -0.194318; -0.193336; -0.189433
67.6; 469777; 417493; -0.192599; -0.191575; -0.190166; -0.189146; -0.184656
67.8; 472238; 417381; -0.188168; -0.187112; -0.185387; -0.184335; -0.179295
68; 474755; 416763; -0.183127; -0.182034; -0.180024; -0.178934; -0.173395
68.2; 477226; 416219; -0.177517; -0.176394; -0.174126; -0.173006; -0.167016
68.4; 480097; 415590; -0.171387; -0.170238; -0.167735; -0.166588; -0.160191
68.6; 483582; 415044; -0.164789; -0.163613; -0.160899; -0.159726; -0.15296
68.8; 487517; 414231; -0.157774; -0.156576; -0.153668; -0.152473; -0.145369
69; 491222; 413406; -0.150388; -0.149167; -0.146093; -0.144873; -0.137474
69.2; 494855; 412937; -0.142668; -0.141433; -0.138208; -0.136992; -0.129338
69.4; 498877; 411984; -0.134642; -0.133465; -0.130076; -0.128888; -0.121032
69.6; 503188; 410340; -0.126442; -0.125223; -0.121786; -0.120576; -0.112601
69.8; 507542; 408839; -0.11806; -0.116845; -0.11338; -0.112146; -0.104125
70; 512304; 407317; -0.109593; -0.108363; -0.104908; -0.103675; -0.095665
70.2; 517799; 406025; -0.101102; -0.0998649; -0.0964543; -0.0952199; -0.0872776
70.4; 523597; 404877; -0.0926528; -0.0914272; -0.0880851; -0.0868442; -0.079023
70.6; 528980; 403510; -0.084324; -0.083094; -0.0798491; -0.078616; -0.0709536
70.8; 534104; 402400; -0.0761524; -0.0749298; -0.0718065; -0.070578; -0.063122
71; 539469; 401658; -0.0681799; -0.0669742; -0.0639955; -0.062775; -0.0555712
71.2; 544628; 400683; -0.0604699; -0.0592708; -0.0564716; -0.0552658; -0.0483658
71.4; 549302; 399470; -0.0530631; -0.0518837; -0.0492942; -0.0481009; -0.0415619
71.6; 553660; 398417; -0.0460319; -0.0448675; -0.0425241; -0.0413434; -0.0352211
71.8; 557798; 397446; -0.039431; -0.0382859; -0.0362085; -0.035051; -0.0293855
72; 561331; 396458; -0.0333122; -0.032203; -0.0304036; -0.0292749; -0.0240992
72.2; 564291; 395370; -0.0277354; -0.0266453; -0.0251526; -0.0240445; -0.0193884
72.4; 566993; 394609; -0.0227105; -0.0216567; -0.0204678; -0.0193952; -0.015272
72.6; 569225; 394200; -0.0182716; -0.0172456; -0.0163856; -0.0153394; -0.0117786
72.8; 570754; 393632; -0.0144377; -0.0134481; -0.0129228; -0.0119153; -0.00893897
73; 571602; 392751; -0.0112457; -0.0102899; -0.0101197; -0.00914667; -0.00678371
73.2; 571680; 391949; -0.00871781; -0.0078042; -0.00799531; -0.00706313; -0.00533312
73.4; 571037; 391245; -0.00688761; -0.00601035; -0.00657665; -0.00568343; -0.0046031
73.6; 569929; 390544; -0.00577064; -0.00493149; -0.00587395; -0.00501783; -0.00458966
73.8; 568389; 389903; -0.00537219; -0.00457453; -0.00588611; -0.00507209; -0.0052876
74; 566476; 389586; -0.00569149; -0.00493204; -0.00660912; -0.00583587; -0.00668562
74.2; 564121; 389285; -0.00672108; -0.00600238; -0.00803745; -0.00730433; -0.00877841
74.4; 561266; 389089; -0.00845565; -0.00777582; -0.0101631; -0.00946955; -0.011557
74.6; 558055; 388824; -0.0108786; -0.0102347; -0.0129704; -0.0123147; -0.0150058
74.8; 554683; 388250; -0.0139713; -0.0133638; -0.0164382; -0.01582; -0.0191013
75; 551238; 387672; -0.0177151; -0.0171437; -0.0205459; -0.0199643; -0.0238171
75.2; 547813; 387574; -0.0220944; -0.021559; -0.0252744; -0.0247289; -0.0291312
75.4; 544217; 387635; -0.0270888; -0.0265882; -0.0305929; -0.0300834; -0.0349917
75.6; 540334; 387689; -0.0326638; -0.0321927; -0.036465; -0.0359852; -0.041363
75.8; 536418; 387838; -0.0387791; -0.0383348; -0.0428485; -0.0423969; -0.0481957
76; 532292; 388240; -0.0453731; -0.0449553; -0.0496826; -0.0492578; -0.0554325
76.2; 527835; 388882; -0.0523847; -0.0519943; -0.0569053; -0.0565096; -0.0630114
76.4; 523329; 389362; -0.0597663; -0.0593944; -0.0644699; -0.0640931; -0.0708802
76.6; 518849; 389573; -0.0674947; -0.0670903; -0.072352; -0.0719475; -0.0790007
76.8; 514444; 390078; -0.0754792; -0.0750745; -0.0804602; -0.0800548; -0.087303
77; 509822; 390582; -0.0836775; -0.0833026; -0.088749; -0.0883773; -0.0957602
77.2; 504699; 391486; -0.0920733; -0.0916831; -0.0971991; -0.0968066; -0.104283
77.4; 499568; 392673; -0.100555; -0.100187; -0.105688; -0.105323; -0.1128
77.6; 494701; 393649; -0.10909; -0.108724; -0.11419; -0.113825; -0.121245
77.8; 489864; 394466; -0.117592; -0.117221; -0.122621; -0.12225; -0.129552
78; 485004; 395644; -0.125986; -0.125612; -0.13091; -0.13054; -0.137674
78.2; 480231; 396779; -0.134215; -0.133834; -0.139008; -0.138632; -0.145554
78.4; 475639; 397630; -0.142228; -0.141835; -0.146864; -0.146476; -0.153146
78.6; 471400; 398301; -0.149982; -0.14958; -0.15443; -0.154034; -0.160407
78.8; 467347; 399111; -0.157425; -0.157003; -0.161653; -0.161238; -0.16726
79; 463838; 400204; -0.164501; -0.164062; -0.168471; -0.168041; -0.173655
79.2; 460825; 401576; -0.171152; -0.170689; -0.17483; -0.174377; -0.179526
79.4; 458125; 402608; -0.177315; -0.176831; -0.180675; -0.1802; -0.184841
79.6; 456030; 403352; -0.182933; -0.182421; -0.185952; -0.185452; -0.189552
79.8; 454282; 404289; -0.187965; -0.18743; -0.190631; -0.190106; -0.193643
80; 452807; 405183; -0.192394; -0.191824; -0.194695; -0.19414; -0.197105
80.2; 451846; 405834; -0.196186; -0.195586; -0.198113; -0.197526; -0.199898
80.4; 451303; 406263; -0.19933; -0.198692; -0.200865; -0.200238; -0.201993
80.6; 451263; 406918; -0.201801; -0.201124; -0.202929; -0.202263; -0.203376
80.8; 451818; 407911; -0.203565; -0.202851; -0.204273; -0.203567; -0.204017
81; 452719; 408676; -0.204608; -0.203851; -0.204888; -0.204141; -0.203916
81.2; 453650; 409231; -0.204913; -0.204122; -0.204769; -0.203985; -0.203087
81.4; 454688; 409783; -0.204486; -0.203651; -0.203926; -0.203098; -0.201548
81.6; 456127; 410065; -0.203326; -0.202453; -0.202361; -0.201495; -0.19931
81.8; 457835; 410326; -0.201456; -0.200543; -0.200095; -0.199187; -0.196378
82; 459481; 410437; -0.198889; -0.19794; -0.197136; -0.196191; -0.192766
82.2; 461614; 410650; -0.195642; -0.194655; -0.193504; -0.192522; -0.188487
82.4; 464150; 410907; -0.191726; -0.190704; -0.189219; -0.188201; -0.183585
82.6; 466438; 410731; -0.187172; -0.186114; -0.18432; -0.183264; -0.178107
82.8; 468620; 410421; -0.182018; -0.180929; -0.178851; -0.177766; -0.172115
83; 471152; 409940; -0.176299; -0.17518; -0.172849; -0.171732; -0.165639
83.2; 474331; 409262; -0.170068; -0.168922; -0.16636; -0.165216; -0.158722
83.4; 477993; 408513; -0.163381; -0.16221; -0.159439; -0.158271; -0.151414
83.6; 481544; 407878; -0.156285; -0.155088; -0.152136; -0.150938; -0.143758
83.8; 484961; 407282; -0.148822; -0.147607; -0.144491; -0.143277; -0.13581
84; 488648; 406441; -0.141043; -0.139821; -0.136545; -0.135358; -0.127639
84.2; 492806; 405169; -0.132963; -0.131807; -0.128384; -0.127196; -0.119298
84.4; 497000; 404071; -0.124733; -0.123516; -0.120059; -0.118854; -0.110845
84.6; 501516; 402581; -0.116325; -0.115117; -0.111627; -0.110415; -0.102364
84.8; 506499; 400955; -0.107851; -0.106633; -0.10317; -0.101936; -0.0939149
85; 511978; 399733; -0.0993711; -0.0981399; -0.0947257; -0.0935016; -0.0855569
85.2; 517658; 398920; -0.0909296; -0.0897068; -0.0863907; -0.085116; -0.0773219
85.4; 523012; 397761; -0.082624; -0.081395; -0.0781821; -0.076918; -0.069293
85.6; 527933; 396450; -0.0744857; -0.0732769; -0.0701582; -0.0689518; -0.0615177
85.8; 533024; 395559; -0.0665628; -0.0653547; -0.0624068; -0.0611871; -0.0540253
86; 538302; 394604; -0.0589129; -0.0576981; -0.0549362; -0.053739; -0.0468849
86.2; 542906; 393426; -0.0515637; -0.0504154; -0.0478507; -0.0466618; -0.0401854
86.4; 547146; 392210; -0.0446309; -0.0434799; -0.0411717; -0.0400116; -0.0339584
86.6; 551277; 391306; -0.038122; -0.036994; -0.0349575; -0.0338219; -0.0282408
86.8; 554889; 390475; -0.0321176; -0.0310241; -0.029276; -0.028157; -0.0230766
87; 557784; 389458; -0.0266541; -0.0255794; -0.0241304; -0.0230496; -0.0184801
87.2; 560161; 389008; -0.021739; -0.0206959; -0.0195637; -0.0184972; -0.0144743
87.4; 562029; 388287; -0.0174157; -0.0164052; -0.0155937; -0.0145645; -0.0110961
87.6; 563283; 387719; -0.0137076; -0.0127332; -0.0122575; -0.01127; -0.00838706
87.8; 564178; 387101; -0.0106415; -0.00969746; -0.00959105; -0.00862454; -0.0063729
88; 564250; 385845; -0.00824212; -0.00734546; -0.00759363; -0.00668734; -0.0050666
88.2; 563619; 385067; -0.00655719; -0.005698; -0.00632967; -0.00545323; -0.00449562
88.4; 562487; 384790; -0.00558555; -0.004764; -0.0057715; -0.00493323; -0.00462666
88.6; 560981; 384040; -0.00534097; -0.00455903; -0.00593219; -0.00513846; -0.0054694
88.8; 559122; 383777; -0.00581368; -0.00507073; -0.00680775; -0.00604982; -0.00701193
89; 556615; 383640; -0.00698793; -0.00628274; -0.00837912; -0.00766013; -0.00924749
89.2; 553866; 383345; -0.00885762; -0.00819454; -0.0106391; -0.00996438; -0.0121612
89.4; 550820; 382949; -0.0114139; -0.0107844; -0.0135779; -0.0129373; -0.015737
89.6; 547371; 382612; -0.0146336; -0.0140426; -0.0171715; -0.0165697; -0.019956
89.8; 543980; 382098; -0.0185051; -0.0179505; -0.0214047; -0.0208406; -0.0247934
90; 540739; 381827; -0.0230193; -0.0224975; -0.0262661; -0.0257351; -0.0302355
90.2; 537079; 381705; -0.0281407; -0.0276521; -0.0317105; -0.0312139; -0.0362222
90.4; 533207; 381979; -0.0338305; -0.0333746; -0.0376944; -0.0372306; -0.0427005
90.6; 529423; 382570; -0.0400415; -0.0396114; -0.0441673; -0.0437301; -0.0496108
90.8; 525518; 382796; -0.0467186; -0.0463142; -0.0510742; -0.0506641; -0.0569068
91; 521310; 383284; -0.053805; -0.0534257; -0.0583634; -0.057979; -0.0645341
91.2; 516602; 384192; -0.061253; -0.0608943; -0.0659889; -0.0656252; -0.0724577
91.4; 511869; 384553; -0.0690565; -0.0686386; -0.0739433; -0.0735172; -0.0806159
91.6; 507621; 384542; -0.0770812; -0.0766947; -0.0820823; -0.0816965; -0.0889697
91.8; 503178; 385288; -0.0853289; -0.0849564; -0.0904136; -0.0900461; -0.0974481
92; 498335; 386651; -0.0937409; -0.0933652; -0.0988771; -0.0984962; -0.105978
92.2; 493575; 387598; -0.10224; -0.10188; -0.107372; -0.107018; -0.114489
92.4; 488740; 388407; -0.110774; -0.110413; -0.115867; -0.115506; -0.122908
92.6; 483888; 389476; -0.119255; -0.118893; -0.124268; -0.123908; -0.13118
92.8; 479270; 390651; -0.12762; -0.12725; -0.132522; -0.132158; -0.139254
93; 474610; 391722; -0.135815; -0.135438; -0.140583; -0.140209; -0.147086
93.2; 470010; 392397; -0.143782; -0.143398; -0.148384; -0.148007; -0.154618
93.4; 465729; 393268; -0.151482; -0.151077; -0.155891; -0.155493; -0.161803
93.6; 462094; 394507; -0.158856; -0.158439; -0.163036; -0.162627; -0.168569
93.8; 458864; 395407; -0.165855; -0.165418; -0.169772; -0.169342; -0.174865
94; 455822; 396425; -0.172405; -0.171948; -0.176025; -0.175577; -0.180626
94.2; 453248; 397731; -0.178457; -0.177971; -0.181752; -0.181279; -0.185814
94.4; 451425; 398806; -0.183964; -0.183455; -0.186917; -0.186417; -0.190409
94.6; 449758; 399668; -0.188883; -0.188346; -0.191479; -0.190955; -0.194381
94.8; 448212; 400307; -0.193186; -0.192617; -0.195415; -0.19486; -0.197706
95; 447228; 400864; -0.196854; -0.196253; -0.198704; -0.198114; -0.20036
95.2; 446973; 401705; -0.199865; -0.199227; -0.201319; -0.200692; -0.202313
95.4; 447260; 402569; -0.202195; -0.201517; -0.203239; -0.20257; -0.203545
95.6; 447725; 403219; -0.203816; -0.203099; -0.204437; -0.20373; -0.204036
95.8; 448480; 404052; -0.204708; -0.203952; -0.204904; -0.204155; -0.203789
96; 449362; 404763; -0.204863; -0.204067; -0.204635; -0.203847; -0.202814
96.2; 450424; 405262; -0.204287; -0.20345; -0.203645; -0.202814; -0.201131
96.4; 451886; 405554; -0.202989; -0.202116; -0.201943; -0.201075; -0.198755
96.6; 453763; 405735; -0.200985; -0.200072; -0.199542; -0.198634; -0.195689
96.8; 455800; 405992; -0.198284; -0.197333; -0.196451; -0.195502; -0.191943
97; 457718; 406324; -0.194902; -0.193916; -0.192689; -0.191706; -0.187546
97.2; 459711; 406567; -0.190858; -0.189836; -0.188281; -0.187262; -0.182527
97.4; 461947; 406242; -0.186174; -0.185117; -0.183257; -0.182203; -0.176937
97.6; 464618; 405707; -0.180892; -0.179802; -0.177662; -0.176577; -0.170823
97.8; 467544; 405331; -0.175062; -0.173943; -0.171552; -0.170435; -0.164243
98; 470441; 404862; -0.168738; -0.167592; -0.164976; -0.163831; -0.157247
98.2; 473439; 404110; -0.161978; -0.160805; -0.157991; -0.156819; -0.149889
98.4; 477033; 403460; -0.154811; -0.153618; -0.150623; -0.149431; -0.142182
98.6; 481008; 402808; -0.147285; -0.146069; -0.142917; -0.141705; -0.134177
98.8; 484875; 401733; -0.139424; -0.13823; -0.134896; -0.133733; -0.12595
99; 488624; 400683; -0.131308; -0.130139; -0.126698; -0.125511; -0.117569
99.2; 492652; 399681; -0.12303; -0.121831; -0.118354; -0.117143; -0.10911
99.4; 497475; 398084; -0.11462; -0.113393; -0.109902; -0.108702; -0.100633
99.6; 502815; 396649; -0.106116; -0.104915; -0.10144; -0.10021; -0.0921838
99.8; 507991; 395550; -0.0976688; -0.0964248; -0.0930242; -0.0918001; -0.0838633
100; 513051; 394498; -0.089255; -0.0880434; -0.084737; -0.0834651; -0.0756948
100.2; 518773; 393122; -0.0809785; -0.0797552; -0.0765499; -0.0753104; -0.0677056
100.4; 524599; 392196; -0.0728565; -0.0716785; -0.0685649; -0.067371; -0.0599706
100.6; 529395; 391270; -0.0650027; -0.0638007; -0.0608746; -0.0596736; -0.0525583
100.8; 533907; 390354; -0.0573985; -0.0562296; -0.053489; -0.0522984; -0.0455126
101; 538866; 389000; -0.0501386; -0.0489616; -0.0464557; -0.0452801; -0.0388772
101.2; 543370; 387827; -0.0432478; -0.0421246; -0.0398418; -0.0387054; -0.0327246
101.4; 546841; 387082; -0.036852; -0.0357262; -0.0337474; -0.0326008; -0.0271063
101.6; 550210; 386187; -0.030945; -0.0298561; -0.028151; -0.0270595; -0.022057
101.8; 553594; 384990; -0.0255848; -0.0245263; -0.023134; -0.0220481; -0.0175819
102; 555792; 384644; -0.0208081; -0.0197739; -0.0186972; -0.0176504; -0.0137251
102.2; 557186; 384234; -0.0166062; -0.015616; -0.0148618; -0.0138524; -0.0104969
102.4; 558405; 383407; -0.0130315; -0.0120646; -0.0116647; -0.0106805; -0.00792477
102.6; 559162; 382403; -0.0100957; -0.00917192; -0.00912356; -0.00818646; -0.00605371
102.8; 559086; 381726; -0.00783513; -0.00694863; -0.00727599; -0.00637023; -0.00488564
103; 558489; 381205; -0.00628031; -0.00543678; -0.00613378; -0.00527723; -0.00444268
103.2; 557440; 380292; -0.00545622; -0.0046441; -0.00572461; -0.00489844; -0.00471985
103.4; 555877; 379887; -0.00535117; -0.00458327; -0.00602961; -0.00524515; -0.00570848
103.6; 553832; 379749; -0.00596515; -0.00523829; -0.00704437; -0.00630601; -0.00739639
103.8; 551337; 379252; -0.00729165; -0.00660181; -0.00876333; -0.00806263; -0.00976995
104; 548433; 379296; -0.00930386; -0.00864899; -0.0111639; -0.0104963; -0.0128149
104.2; 545360; 379031; -0.0119835; -0.0113714; -0.0142253; -0.0136017; -0.0165164
104.4; 542105; 378229; -0.0153337; -0.0147547; -0.0179466; -0.0173579; -0.020858
104.6; 538692; 377853; -0.019335; -0.0187878; -0.0223081; -0.0217527; -0.0258238
104.8; 535312; 377767; -0.023961; -0.0234517; -0.0272755; -0.0267569; -0.0313601
105; 531814; 377867; -0.0291957; -0.0287187; -0.0328254; -0.0323394; -0.0374379
105.2; 528152; 377988; -0.0350005; -0.0345514; -0.0389157; -0.0384589; -0.0440078
105.4; 524382; 378172; -0.0413163; -0.0408962; -0.0454893; -0.0450623; -0.051013
105.6; 520381; 378954; -0.048081; -0.0476861; -0.052483; -0.0520823; -0.0583921
105.8; 516230; 379447; -0.0552431; -0.0548732; -0.0598453; -0.0594705; -0.066091
106; 512001; 379688; -0.0627532; -0.0624001; -0.0675273; -0.0671684; -0.0740574
106.2; 507507; 380236; -0.0706117; -0.0701934; -0.0755278; -0.0751076; -0.082256
106.4; 503137; 380698; -0.0786727; -0.0782964; -0.0837002; -0.0833223; -0.0906324
106.6; 498797; 381429; -0.0869618; -0.0865918; -0.0920624; -0.0916975; -0.0991231
106.8; 494037; 382598; -0.0954033; -0.0950347; -0.100544; -0.100172; -0.107657
107; 489095; 383688; -0.103919; -0.103564; -0.10905; -0.108697; -0.116161
107.2; 484316; 384706; -0.112451; -0.112096; -0.117533; -0.117179; -0.12456
107.4; 479853; 385677; -0.120916; -0.120557; -0.125913; -0.125554; -0.132794
107.6; 475320; 386705; -0.129245; -0.128882; -0.134126; -0.133768; -0.140823
107.8; 470338; 387903; -0.137394; -0.137015; -0.142135; -0.141761; -0.148595
108; 465621; 388808; -0.145308; -0.144923; -0.149882; -0.1495; -0.156065
108.2; 461844; 389431; -0.152945; -0.152545; -0.157315; -0.156922; -0.163165
108.4; 458593; 390454; -0.160249; -0.159833; -0.164382; -0.163973; -0.169837
108.6; 455127; 391911; -0.167169; -0.166731; -0.171031; -0.1706; -0.176033
108.8; 452045; 393161; -0.173636; -0.173178; -0.177194; -0.176747; -0.181694
109; 449958; 393988; -0.179592; -0.179107; -0.182824; -0.182348; -0.186778
109.2; 448182; 394910; -0.184977; -0.184468; -0.187864; -0.187365; -0.191246
109.4; 446178; 395991; -0.189768; -0.18923; -0.192297; -0.191772; -0.195088
109.6; 444844; 396791; -0.193944; -0.193374; -0.196105; -0.195547; -0.198282
109.8; 444329; 397303; -0.197481; -0.196877; -0.199256; -0.198665; -0.200791
110; 444170; 398020; -0.200363; -0.199721; -0.201739; -0.201106; -0.202602
110.2; 444234; 399030; -0.202559; -0.201879; -0.203521; -0.202851; -0.203691
110.4; 444710; 399920; -0.204042; -0.203322; -0.204581; -0.203869; -0.204041
110.6; 445477; 400559; -0.204794; -0.204034; -0.204906; -0.204153; -0.203652
110.8; 446502; 401176; -0.204801; -0.204001; -0.204489; -0.203697; -0.202526
111; 447717; 401806; -0.204074; -0.203236; -0.203349; -0.202518; -0.200699
111.2; 449223; 402111; -0.20263; -0.201749; -0.201505; -0.200629; -0.198184
111.4; 450927; 402252; -0.200481; -0.199568; -0.198965; -0.198056; -0.194991
111.6; 452927; 402438; -0.197649; -0.196693; -0.195743; -0.194791; -0.191115
111.8; 454925; 402850; -0.194136; -0.193147; -0.19185; -0.190865; -0.186586
112; 457133; 403149; -0.189971; -0.188944; -0.187322; -0.1863; -0.181451
112.2; 459566; 402875; -0.185171; -0.184112; -0.182185; -0.18113; -0.175751
112.4; 461838; 402463; -0.179776; -0.178685; -0.176484; -0.175396; -0.169538
112.6; 464281; 402017; -0.173846; -0.172725; -0.170281; -0.169162; -0.16288
112.8; 467247; 401342; -0.167428; -0.166282; -0.163619; -0.162475; -0.155811
113; 470869; 400668; -0.160571; -0.159397; -0.156542; -0.155369; -0.148368
113.2; 474577; 400040; -0.153324; -0.15213; -0.149096; -0.147903; -0.140587
113.4; 478094; 399263; -0.145732; -0.144517; -0.141327; -0.140122; -0.132533
113.6; 481759; 398371; -0.137815; -0.136644; -0.13327; -0.132112; -0.124284
113.8; 485690; 397540; -0.129679; -0.1285; -0.125042; -0.123861; -0.11588
114; 490018; 396193; -0.121364; -0.120172; -0.116681; -0.115465; -0.107413
114.2; 494782; 394468; -0.112932; -0.111725; -0.108212; -0.107025; -0.0989371
114.4; 499933; 393160; -0.104442; -0.103233; -0.0997654; -0.098544; -0.090522
114.6; 505323; 392126; -0.0959719; -0.0947635; -0.0913567; -0.0901407; -0.0822237
114.8; 510844; 390940; -0.0875841; -0.0863758; -0.083054; -0.0818509; -0.0740791
115; 516012; 389758; -0.0793355; -0.0781351; -0.0749329; -0.0737163; -0.066144
115.2; 521105; 388767; -0.0712768; -0.0700862; -0.0670118; -0.0658173; -0.0584676
115.4; 526384; 387979; -0.0634569; -0.0622719; -0.059368; -0.0581757; -0.0511094
115.6; 531325; 387126; -0.0559173; -0.0547573; -0.0520407; -0.050865; -0.0441298
115.8; 535518; 385987; -0.0487377; -0.0475905; -0.045101; -0.0439467; -0.0375975
116; 539577; 384722; -0.041965; -0.0408412; -0.0386122; -0.0374725; -0.0315721
116.2; 543697; 383696; -0.0356488; -0.0345439; -0.0325997; -0.0314815; -0.0260681
116.4; 546941; 382940; -0.0298432; -0.0287653; -0.0271207; -0.0260273; -0.0211315
116.6; 549565; 382278; -0.0245913; -0.0235451; -0.0222089; -0.0211444; -0.0167821
116.8; 552193; 381389; -0.0199164; -0.0188944; -0.0178816; -0.0168435; -0.0130339
117; 554154; 380819; -0.0158325; -0.0148511; -0.0141592; -0.0131606; -0.00991531
117.2; 554949; 380368; -0.0123848; -0.011434; -0.0110893; -0.0101228; -0.00747379
117.4; 555182; 379661; -0.00958639; -0.00867504; -0.0086853; -0.00775905; -0.00573074
117.6; 554993; 378723; -0.00747497; -0.00660248; -0.00698423; -0.00609542; -0.00471358
117.8; 554245; 377961; -0.00606738; -0.00523342; -0.00599442; -0.0051467; -0.00442196
118; 553098; 377546; -0.00537796; -0.00458118; -0.00572483; -0.0049133; -0.0048533
118.2; 551629; 376890; -0.00540877; -0.00465174; -0.00616882; -0.0053983; -0.00598671
118.4; 549763; 376413; -0.00615407; -0.00543957; -0.00731667; -0.00658964; -0.0078083
118.6; 547370; 376387; -0.00760953; -0.00693075; -0.00916355; -0.00847271; -0.0103072
118.8; 544387; 376230; -0.00975661; -0.0091162; -0.0116931; -0.0110413; -0.0134743
119; 541123; 375826; -0.0125819; -0.0119779; -0.0148939; -0.0142799; -0.0173023
119.2; 537860; 375249; -0.016064; -0.0154952; -0.0187429; -0.0181649; -0.0217649
119.4; 534527; 374946; -0.0201869; -0.0196532; -0.0232246; -0.0226823; -0.0268492
119.6; 531254; 374890; -0.0249403; -0.0244388; -0.0283191; -0.027809; -0.0325112
119.8; 527573; 374735; -0.0302841; -0.0298175; -0.0339784; -0.0335034; -0.0387014
120; 524031; 375125; -0.0361869; -0.0357473; -0.040165; -0.039718; -0.0453637
