0.004; 416.464; 414.143; -1.06882e-05; -9.5196e-06; -1.74918e-05; -2.16058e-05; -3.9356e-05
0.2; 18717.1; 28364.5; -0.0153858; -0.0141143; -0.0158428; -0.0165348; -0.0185966
0.4; 152714; 264995; -0.0780188; -0.0784442; -0.08578; -0.0862046; -0.10051
0.6; 423077; 445864; -0.129459; -0.129854; -0.141995; -0.14294; -0.165794
0.8; 553390; 538675; -0.130663; -0.133337; -0.143499; -0.143898; -0.164072
1; 922043; 618798; -0.0948132; -0.0947267; -0.0993067; -0.0985074; -0.105232
1.2; 1.24171e+06; 511585; -0.0531962; -0.0548689; -0.0483326; -0.0477262; -0.0360021
1.4; 1.25116e+06; 240700; -0.0499962; -0.049466; -0.0362363; -0.0352619; -0.00902342
1.6; 856671; 312457; -0.0860661; -0.085796; -0.0728579; -0.0717043; -0.0459164
1.8; 417825; 503187; -0.127766; -0.12588; -0.120479; -0.119149; -0.105207
2; 319207; 677733; -0.140876; -0.138771; -0.139963; -0.140459; -0.139275
2.2; 518412; 938562; -0.120993; -0.119629; -0.126201; -0.128633; -0.139188
2.4; 688116; 856146; -0.0841127; -0.0829178; -0.094618; -0.0963337; -0.116363
2.6; 879329; 482666; -0.0542405; -0.0555421; -0.0679159; -0.0674649; -0.0908566
2.8; 1.02642e+06; 141778; -0.0515891; -0.0531857; -0.060471; -0.0611624; -0.0763841
3; 1.0841e+06; 236607; -0.0693791; -0.0704875; -0.0715076; -0.0707901; -0.0734062
3.2; 1.04321e+06; 385800; -0.0874638; -0.0894054; -0.0836013; -0.0825943; -0.0728742
3.4; 960042; 521569; -0.096449; -0.0964028; -0.0873215; -0.0864474; -0.0681891
3.6; 874027; 699811; -0.0961032; -0.0955439; -0.084143; -0.0835194; -0.0602558
3.8; 747415; 739916; -0.0950534; -0.0939838; -0.0831192; -0.081853; -0.0588915
4; 589819; 688532; -0.0977748; -0.0959648; -0.0890897; -0.0881125; -0.0722466
4.2; 478134; 645797; -0.0999581; -0.0980081; -0.0979826; -0.097974; -0.0951121
4.4; 494068; 644844; -0.0965102; -0.0954414; -0.103129; -0.105243; -0.118418
4.6; 627021; 637434; -0.0862999; -0.0876852; -0.102121; -0.103843; -0.131347
4.8; 780971; 520497; -0.0759518; -0.077901; -0.0945499; -0.0953044; -0.127168
5; 969227; 338936; -0.069002; -0.0711117; -0.0824481; -0.0831392; -0.105635
5.2; 1.18034e+06; 326701; -0.068048; -0.0696467; -0.0714938; -0.0705507; -0.074664
5.4; 1.23221e+06; 412868; -0.0725385; -0.0733338; -0.0652755; -0.0642805; -0.049559
5.6; 1.05681e+06; 500374; -0.0832049; -0.0826821; -0.0700892; -0.0689546; -0.0442998
5.8; 801689; 624104; -0.0969219; -0.0960082; -0.0832128; -0.0823949; -0.0565269
6; 576997; 707579; -0.108065; -0.106855; -0.0972856; -0.0959934; -0.0752573
6.2; 477818; 731554; -0.110592; -0.10876; -0.103375; -0.102896; -0.089724
6.4; 510664; 718574; -0.103469; -0.101863; -0.101962; -0.102718; -0.100589
6.6; 575862; 691008; -0.0895346; -0.0885887; -0.0963028; -0.0982824; -0.111361
6.8; 673920; 568314; -0.0760279; -0.0773312; -0.0915496; -0.0931584; -0.120305
7; 818221; 389999; -0.07029; -0.0721205; -0.0882602; -0.0893634; -0.120626
7.2; 1.00535e+06; 310260; -0.0711397; -0.0730571; -0.0842413; -0.0845235; -0.106487
7.4; 1.19321e+06; 357910; -0.0740934; -0.0760329; -0.0771124; -0.0761424; -0.079095
7.6; 1.25394e+06; 440594; -0.0775754; -0.0781602; -0.0693384; -0.0682581; -0.0515621
7.8; 1.11642e+06; 541369; -0.0842914; -0.0837759; -0.0696062; -0.0685614; -0.0408161
8; 833909; 629011; -0.0956544; -0.0948036; -0.0806798; -0.0798553; -0.0515897
8.2; 543832; 708593; -0.107297; -0.106005; -0.0964085; -0.0952636; -0.0745814
8.4; 415075; 732692; -0.111498; -0.109482; -0.106122; -0.105118; -0.0954181
8.6; 465833; 711030; -0.104897; -0.102975; -0.105589; -0.107048; -0.10975
8.8; 571366; 699814; -0.0889113; -0.0898746; -0.0995393; -0.101194; -0.119332
9; 700599; 553649; -0.0742863; -0.0757119; -0.0914201; -0.0928783; -0.122756
9.2; 868891; 357084; -0.0673987; -0.0692974; -0.0849384; -0.0860061; -0.116208
9.4; 1.07018e+06; 272486; -0.0688638; -0.07097; -0.0802421; -0.0798707; -0.098201
9.6; 1.22501e+06; 353821; -0.0737904; -0.075439; -0.074089; -0.0732862; -0.0716617
9.8; 1.22186e+06; 440103; -0.0793409; -0.0798575; -0.0694337; -0.0684704; -0.0488887
10; 1.05451e+06; 564400; -0.0876245; -0.0871692; -0.0723121; -0.0713795; -0.0424993
10.2; 776211; 654917; -0.0990215; -0.0980934; -0.0841316; -0.0828675; -0.0545878
10.4; 517209; 723715; -0.108729; -0.107461; -0.0980334; -0.0967909; -0.0763641
10.6; 423110; 725280; -0.110633; -0.108625; -0.105573; -0.105195; -0.0964046
10.8; 478872; 707899; -0.102235; -0.100649; -0.1044; -0.106461; -0.111707
11; 586037; 681180; -0.0870787; -0.0862636; -0.0989557; -0.100711; -0.122772
11.2; 721593; 517645; -0.0729795; -0.0744185; -0.0917524; -0.0931129; -0.126023
11.4; 915651; 327120; -0.0679259; -0.0698805; -0.0855121; -0.0864137; -0.116581
11.6; 1.13398e+06; 271387; -0.0700623; -0.0718751; -0.0797195; -0.0790057; -0.0943307
11.8; 1.27167e+06; 373830; -0.0741869; -0.075659; -0.0720978; -0.0711333; -0.065187
12; 1.23525e+06; 456932; -0.0800928; -0.079846; -0.0681526; -0.0669636; -0.0442505
12.2; 1.02983e+06; 581523; -0.0893614; -0.0887684; -0.0733375; -0.0724695; -0.0423425
12.4; 728866; 660774; -0.101894; -0.100906; -0.0872799; -0.0861424; -0.0584953
12.6; 482245; 719559; -0.111012; -0.10944; -0.100725; -0.100039; -0.080997
12.8; 420608; 732982; -0.110732; -0.108967; -0.107119; -0.10636; -0.0998382
13; 497278; 720961; -0.100303; -0.0986897; -0.104229; -0.106031; -0.114465
13.2; 607319; 674757; -0.0831451; -0.0842739; -0.0976392; -0.0994745; -0.124583
13.4; 751376; 476248; -0.0708021; -0.0725679; -0.0905554; -0.0919034; -0.126264
13.6; 962363; 280981; -0.0676837; -0.0696291; -0.0848072; -0.0854876; -0.114729
13.8; 1.18018e+06; 274878; -0.0706524; -0.072666; -0.0788374; -0.0778302; -0.0901505
14; 1.29942e+06; 379671; -0.0753684; -0.0760294; -0.0709464; -0.0698819; -0.0603049
14.2; 1.23517e+06; 474714; -0.0813404; -0.0810956; -0.0678116; -0.0667448; -0.0411297
14.4; 1.00107e+06; 589747; -0.091635; -0.0909318; -0.0748477; -0.0739776; -0.0424836
14.6; 681546; 679444; -0.104574; -0.103511; -0.0900752; -0.0889856; -0.0616735
14.8; 451054; 735155; -0.11261; -0.111196; -0.103379; -0.102549; -0.0852521
15; 416437; 737825; -0.11047; -0.108564; -0.108166; -0.107774; -0.104004
15.2; 513837; 721467; -0.09795; -0.0964699; -0.103827; -0.10621; -0.118277
15.4; 629323; 642507; -0.0805883; -0.0810774; -0.0967632; -0.0982925; -0.126915
15.6; 792648; 446313; -0.0689152; -0.0706357; -0.0893391; -0.0904994; -0.12608
15.8; 1.01694e+06; 238059; -0.0673774; -0.0694644; -0.0835228; -0.0841212; -0.111391
16; 1.23146e+06; 295282; -0.071405; -0.0732907; -0.07735; -0.0762255; -0.0845551
16.2; 1.31655e+06; 390253; -0.0762573; -0.0771324; -0.0697427; -0.0686814; -0.0550467
16.4; 1.21889e+06; 501568; -0.083243; -0.0829652; -0.0682586; -0.0672778; -0.0390417
16.6; 956681; 605210; -0.0944099; -0.0936353; -0.0771993; -0.076339; -0.0440807
16.8; 632622; 690580; -0.107088; -0.105947; -0.0930418; -0.0918324; -0.0653856
17; 429465; 747265; -0.113624; -0.111841; -0.105191; -0.104493; -0.0891247
17.2; 424902; 735299; -0.109107; -0.107377; -0.108083; -0.108607; -0.107364
17.4; 528834; 726787; -0.0948575; -0.0937058; -0.103149; -0.105387; -0.121466
17.6; 650123; 619607; -0.0773679; -0.0787508; -0.0957763; -0.0971695; -0.129059
17.8; 835441; 381422; -0.0677337; -0.0695111; -0.0884662; -0.0895924; -0.125653
18; 1.07389e+06; 225879; -0.0677245; -0.0696459; -0.0825386; -0.0828735; -0.107778
18.2; 1.28006e+06; 313718; -0.0720115; -0.0739433; -0.0756741; -0.0746062; -0.0787266
18.4; 1.33935e+06; 396656; -0.0772572; -0.0775868; -0.0683663; -0.0673767; -0.0499357
18.6; 1.20921e+06; 515962; -0.0850322; -0.0846302; -0.0687422; -0.0679122; -0.0373656
18.8; 910007; 629398; -0.0973608; -0.096531; -0.0800268; -0.0793625; -0.0469918
19; 583756; 703644; -0.109939; -0.108389; -0.0964891; -0.0953115; -0.0703123
19.2; 411430; 753666; -0.1145; -0.112473; -0.107353; -0.106304; -0.0933719
19.4; 439171; 740242; -0.107507; -0.105556; -0.107722; -0.108962; -0.110531
19.6; 549951; 726473; -0.0911188; -0.0910049; -0.102072; -0.104035; -0.123833
19.8; 682964; 589749; -0.0744734; -0.0759522; -0.0941912; -0.0958284; -0.130222
20; 879627; 320216; -0.066778; -0.068645; -0.0877112; -0.0883669; -0.124438
20.2; 1.1302e+06; 232344; -0.0682088; -0.0702032; -0.0814465; -0.0819393; -0.103988
20.4; 1.31542e+06; 334156; -0.0732619; -0.0744943; -0.0742855; -0.0731983; -0.0730708
20.6; 1.34437e+06; 409353; -0.078589; -0.0786793; -0.0676295; -0.0666267; -0.0455764
20.8; 1.18007e+06; 541607; -0.0870475; -0.0866926; -0.0696701; -0.0688817; -0.0363056
21; 857046; 646901; -0.100317; -0.0993504; -0.0830363; -0.0822037; -0.0499974
21.2; 540164; 718187; -0.112001; -0.110718; -0.0996076; -0.0983416; -0.0750267
21.4; 400890; 751845; -0.114663; -0.112725; -0.108801; -0.108182; -0.0978097
21.6; 455835; 753101; -0.105404; -0.103681; -0.107595; -0.109159; -0.114214
21.8; 572192; 712564; -0.0883184; -0.087511; -0.101236; -0.102849; -0.126681
22; 715800; 548452; -0.0718904; -0.0733752; -0.0929096; -0.0942721; -0.130952
22.2; 938943; 285842; -0.0659359; -0.0679117; -0.0861661; -0.0873288; -0.122206
22.4; 1.18874e+06; 217526; -0.0687562; -0.0706302; -0.0806924; -0.0797377; -0.098962
22.6; 1.35377e+06; 343561; -0.0739947; -0.0754508; -0.0724987; -0.0718115; -0.0670601
22.8; 1.35575e+06; 429646; -0.0800566; -0.0799683; -0.0670551; -0.0661251; -0.0414909
23; 1.15577e+06; 566405; -0.0896539; -0.0891995; -0.0714326; -0.0706582; -0.0365842
23.2; 803503; 661429; -0.103431; -0.102478; -0.0866443; -0.0854182; -0.0538825
23.4; 499468; 738352; -0.113992; -0.112528; -0.102352; -0.101428; -0.0798597
23.6; 394616; 754445; -0.114244; -0.112338; -0.110061; -0.109222; -0.101722
23.8; 473427; 759280; -0.102839; -0.101041; -0.10705; -0.108907; -0.117919
24; 596377; 698376; -0.0842015; -0.0848089; -0.10009; -0.101378; -0.129167
24.2; 757167; 494846; -0.0697063; -0.0713625; -0.0916785; -0.0930545; -0.131381
24.4; 989881; 247391; -0.0659042; -0.0678631; -0.0852594; -0.0862157; -0.11946
24.6; 1.24177e+06; 232147; -0.0695854; -0.0716614; -0.0792017; -0.0784437; -0.093363
24.8; 1.39051e+06; 353697; -0.0752546; -0.0756209; -0.0708167; -0.0699203; -0.0606871
25; 1.34999e+06; 452542; -0.0813015; -0.0812795; -0.0666418; -0.065671; -0.0379119
25.2; 1.10466e+06; 578635; -0.0922546; -0.091587; -0.0734977; -0.0725946; -0.0376138
25.4; 749254; 685582; -0.106381; -0.105429; -0.0899597; -0.089033; -0.0583747
25.6; 462945; 742014; -0.115461; -0.114112; -0.105037; -0.104083; -0.084542
25.8; 398240; 775292; -0.113495; -0.111505; -0.110586; -0.11037; -0.105671
26; 495503; 752301; -0.0998337; -0.0984365; -0.106165; -0.108486; -0.12113
26.2; 619536; 676790; -0.0812266; -0.0812976; -0.0986852; -0.10013; -0.131296
26.4; 797516; 445360; -0.0678969; -0.0696861; -0.0905546; -0.0917571; -0.131202
26.6; 1.04551e+06; 216847; -0.0659824; -0.0679826; -0.0842375; -0.0849546; -0.116034
26.8; 1.29194e+06; 258355; -0.0704768; -0.0724787; -0.077827; -0.0767556; -0.0874983
27; 1.40961e+06; 367142; -0.0760123; -0.0767253; -0.0693565; -0.0684207; -0.0547788
27.2; 1.33733e+06; 475952; -0.0831873; -0.0828983; -0.066811; -0.0658302; -0.0350927
27.4; 1.05642e+06; 605420; -0.0951385; -0.0945201; -0.0759553; -0.0753098; -0.0395652
27.6; 679048; 703736; -0.109295; -0.108143; -0.0936402; -0.0923395; -0.0630715
27.8; 423386; 766787; -0.116712; -0.114959; -0.107454; -0.106464; -0.089478
28; 403600; 780162; -0.111914; -0.110261; -0.110941; -0.110961; -0.109562
28.2; 516190; 753694; -0.0966479; -0.0950717; -0.10528; -0.107531; -0.124503
28.4; 640441; 647407; -0.0773446; -0.0785401; -0.0971884; -0.0985404; -0.133025
28.6; 842490; 390259; -0.0662834; -0.0681344; -0.0891269; -0.0902952; -0.129975
28.8; 1.11238e+06; 185574; -0.0663224; -0.0681955; -0.0829585; -0.0833113; -0.111456
29; 1.34504e+06; 283196; -0.0714331; -0.0733724; -0.0759267; -0.0751498; -0.080833
29.2; 1.42969e+06; 375045; -0.0771377; -0.0776268; -0.0680035; -0.0671835; -0.0492574
29.4; 1.31593e+06; 492854; -0.0852128; -0.0847925; -0.0675385; -0.0666063; -0.0335888
29.6; 1.00135e+06; 626006; -0.0981363; -0.0974622; -0.0789839; -0.0782771; -0.0425949
29.8; 625315; 713063; -0.111685; -0.110478; -0.0968813; -0.0955395; -0.0678635
30; 404849; 779162; -0.117164; -0.115302; -0.108987; -0.108611; -0.0939963
30.2; 411362; 781174; -0.109902; -0.108223; -0.111029; -0.111011; -0.113443
30.4; 531622; 748107; -0.0930639; -0.0918615; -0.104339; -0.106531; -0.127882
30.6; 674133; 601590; -0.0742656; -0.0758312; -0.0958886; -0.0971154; -0.134543
30.8; 888174; 325430; -0.0654294; -0.0672917; -0.0880983; -0.0889546; -0.128198
31; 1.16945e+06; 184328; -0.0669429; -0.0687677; -0.0817064; -0.081692; -0.10636
31.2; 1.38585e+06; 307352; -0.0723741; -0.0740916; -0.0740458; -0.073085; -0.0737671
31.4; 1.4343e+06; 388640; -0.0785113; -0.0785643; -0.0668211; -0.0659817; -0.0437675
31.6; 1.27519e+06; 523772; -0.0876461; -0.087147; -0.0688448; -0.0678919; -0.0328306
31.8; 930670; 650065; -0.101487; -0.100668; -0.0826089; -0.0817838; -0.0466912
32; 563448; 730551; -0.113926; -0.112786; -0.100196; -0.0991043; -0.073417
32.2; 383533; 787800; -0.117037; -0.115151; -0.110657; -0.109923; -0.0984348
32.4; 430471; 778192; -0.107273; -0.105709; -0.110423; -0.110732; -0.11691
32.6; 551281; 739761; -0.0891853; -0.0882465; -0.103049; -0.10476; -0.130375
32.8; 706676; 558206; -0.0715105; -0.0730328; -0.0943722; -0.0953957; -0.135068
33; 945663; 273801; -0.0649847; -0.066828; -0.0869461; -0.0876747; -0.125596
33.2; 1.22184e+06; 192017; -0.0679047; -0.0696088; -0.0804549; -0.0801059; -0.100781
33.4; 1.41535e+06; 321348; -0.0732531; -0.0750219; -0.072147; -0.0712654; -0.0668343
33.6; 1.43051e+06; 405224; -0.0798425; -0.0797351; -0.0661649; -0.0651288; -0.0393074
33.8; 1.22589e+06; 553975; -0.0901264; -0.0895308; -0.0705856; -0.0696371; -0.0332639
34; 858824; 661742; -0.104614; -0.103698; -0.086189; -0.0851597; -0.0508812
34.2; 514868; 745001; -0.115885; -0.114648; -0.103146; -0.1023; -0.0785902
34.4; 385540; 793715; -0.116601; -0.11469; -0.111982; -0.111162; -0.102957
34.6; 455429; 781831; -0.104666; -0.102769; -0.109557; -0.110743; -0.120752
34.8; 583374; 714678; -0.0848647; -0.0853465; -0.10191; -0.103181; -0.133073
35; 757813; 505366; -0.0689935; -0.0705534; -0.0926328; -0.0939489; -0.135228
35.2; 1.01628e+06; 220927; -0.0646202; -0.0665088; -0.0858158; -0.0859729; -0.122253
35.4; 1.28648e+06; 206117; -0.0687941; -0.0706471; -0.079016; -0.078308; -0.0944432
35.6; 1.45278e+06; 337641; -0.0744671; -0.0760061; -0.0704199; -0.0696517; -0.0601018
35.8; 1.42309e+06; 433046; -0.0817066; -0.0814952; -0.0660615; -0.0650906; -0.0357536
36; 1.17547e+06; 576143; -0.0929495; -0.0923799; -0.0728829; -0.0721691; -0.0348664
36.2; 785001; 684345; -0.107596; -0.106499; -0.0898225; -0.0888545; -0.0559815
36.4; 468011; 757492; -0.117055; -0.115813; -0.105763; -0.105036; -0.0839436
36.6; 384674; 802221; -0.115197; -0.113199; -0.112329; -0.111853; -0.107135
36.8; 480578; 767932; -0.101125; -0.0992797; -0.108534; -0.109586; -0.12401
37; 608942; 687242; -0.0812554; -0.0815647; -0.100194; -0.101483; -0.134982
37.2; 801689; 442492; -0.0672438; -0.0686873; -0.0912666; -0.0924207; -0.134475
37.4; 1.07454e+06; 184765; -0.0650049; -0.0668007; -0.084444; -0.0848456; -0.118131
37.6; 1.34599e+06; 237189; -0.0698484; -0.0717589; -0.0772964; -0.0766952; -0.0878117
37.8; 1.47706e+06; 350369; -0.0756372; -0.0767333; -0.0687128; -0.0679792; -0.0535906
38; 1.41102e+06; 460050; -0.0834567; -0.0832146; -0.0661741; -0.0652637; -0.032916
38.2; 1.12068e+06; 601307; -0.0959509; -0.0952965; -0.0756421; -0.074933; -0.0372577
38.4; 719119; 702596; -0.110587; -0.109461; -0.0938197; -0.0925606; -0.0613515
38.6; 430818; 772084; -0.118323; -0.116656; -0.108407; -0.107576; -0.0894288
38.8; 386444; 804508; -0.113448; -0.111703; -0.112777; -0.112307; -0.111329
39; 502964; 764273; -0.0975384; -0.0959175; -0.106944; -0.109142; -0.127441
39.2; 638975; 657378; -0.0777266; -0.0781175; -0.0988223; -0.0993517; -0.136421
39.4; 849960; 381046; -0.0655389; -0.0673579; -0.0896031; -0.0908873; -0.132788
39.6; 1.13423e+06; 165315; -0.0653148; -0.0672794; -0.082839; -0.0832319; -0.112871
39.8; 1.39211e+06; 268372; -0.0709974; -0.0727083; -0.0755476; -0.0746083; -0.080539
40; 1.49071e+06; 358256; -0.0770107; -0.0776873; -0.0673447; -0.0665822; -0.0475962
40.2; 1.37674e+06; 485652; -0.0857806; -0.0853069; -0.0671141; -0.0661939; -0.0314194
40.4; 1.04579e+06; 621742; -0.0991194; -0.0985651; -0.0789941; -0.0783595; -0.0409527
40.6; 651580; 719287; -0.113085; -0.111907; -0.0975003; -0.0962012; -0.0671624
40.8; 401262; 793944; -0.118615; -0.116807; -0.110029; -0.109887; -0.094581
41; 403703; 796867; -0.111073; -0.109353; -0.11267; -0.112084; -0.115167
41.2; 524580; 762151; -0.0936288; -0.0921442; -0.105537; -0.107721; -0.130453
41.4; 671234; 609144; -0.0739001; -0.0754432; -0.0969913; -0.0976262; -0.137395
41.6; 905629; 316913; -0.0646352; -0.0661428; -0.088305; -0.0891771; -0.130524
41.8; 1.20068e+06; 158431; -0.066093; -0.067967; -0.0814611; -0.0817178; -0.107453
42; 1.43227e+06; 294831; -0.0720739; -0.0737944; -0.0738279; -0.0727109; -0.0734822
42.2; 1.49671e+06; 374111; -0.0784176; -0.078999; -0.0663573; -0.0655859; -0.0422743
42.4; 1.33538e+06; 512123; -0.0882146; -0.0878328; -0.0684801; -0.0676498; -0.0308898
42.6; 976129; 645061; -0.102505; -0.10168; -0.0825971; -0.0818231; -0.0449445
42.8; 585280; 734207; -0.115272; -0.114111; -0.100922; -0.0996147; -0.0728277
43; 380803; 806431; -0.118465; -0.116428; -0.111788; -0.111195; -0.0994153
43.2; 419186; 797977; -0.10809; -0.106579; -0.111459; -0.112324; -0.119017
43.4; 548232; 748785; -0.0894688; -0.0883681; -0.104292; -0.105829; -0.133229
43.6; 711818; 555681; -0.0710275; -0.0726474; -0.0949075; -0.0963208; -0.137834
43.8; 964366; 265710; -0.0641226; -0.0659206; -0.0871016; -0.0876975; -0.127453
44; 1.2579e+06; 169972; -0.067278; -0.0688828; -0.0799279; -0.0800416; -0.10108
44.2; 1.46811e+06; 313371; -0.0730652; -0.0748452; -0.0716615; -0.0708956; -0.0659931
44.4; 1.4853e+06; 394959; -0.0800485; -0.0801249; -0.0656575; -0.0647742; -0.0375547
44.6; 1.27506e+06; 546381; -0.0907363; -0.0903155; -0.0702974; -0.0695483; -0.0315211
44.8; 887904; 668772; -0.105662; -0.104739; -0.0862783; -0.085581; -0.0497972
45; 515567; 760840; -0.117139; -0.11586; -0.104118; -0.102839; -0.0785122
45.2; 364118; 806182; -0.117684; -0.115742; -0.112757; -0.112586; -0.104205
45.4; 446148; 803450; -0.105057; -0.103332; -0.110247; -0.112072; -0.12261
45.6; 567975; 719341; -0.0852434; -0.0845877; -0.102557; -0.104002; -0.135475
45.8; 745845; 501711; -0.0682869; -0.0700459; -0.0930453; -0.0943086; -0.137267
46; 1.03008e+06; 206894; -0.063919; -0.0658312; -0.0854999; -0.086175; -0.123363
46.2; 1.31459e+06; 191919; -0.0683891; -0.0700752; -0.0784109; -0.0781888; -0.0942843
46.4; 1.49019e+06; 322860; -0.0744335; -0.0758903; -0.0699714; -0.0691578; -0.0589393
46.6; 1.46883e+06; 423494; -0.0820089; -0.0818561; -0.0656225; -0.0647952; -0.0341349
46.8; 1.21501e+06; 572081; -0.0938086; -0.0931824; -0.0729306; -0.0722241; -0.0335398
47; 809042; 682203; -0.108744; -0.107871; -0.090528; -0.0894262; -0.055518
47.2; 471498; 771331; -0.118467; -0.117216; -0.106878; -0.106075; -0.0845019
47.4; 364129; 812463; -0.116235; -0.114182; -0.113523; -0.113045; -0.108676
47.6; 473428; 790559; -0.101364; -0.0998707; -0.109046; -0.111276; -0.126341
47.8; 607704; 691674; -0.0814746; -0.0809329; -0.100891; -0.102205; -0.137302
48; 796040; 438508; -0.0665563; -0.0680877; -0.0915074; -0.0925357; -0.136064
48.2; 1.08557e+06; 168938; -0.0642418; -0.0660207; -0.0839151; -0.0846743; -0.118529
48.4; 1.37955e+06; 221764; -0.0696363; -0.0708631; -0.0765106; -0.0760453; -0.0867603
48.6; 1.50805e+06; 339367; -0.075674; -0.076607; -0.0680996; -0.0674663; -0.0520981
48.8; 1.43837e+06; 448703; -0.0840199; -0.0837837; -0.0660454; -0.065112; -0.0314979
49; 1.13857e+06; 596821; -0.0970761; -0.0963219; -0.0760559; -0.0753849; -0.0365832
49.2; 725078; 702119; -0.111773; -0.110685; -0.094635; -0.0933031; -0.0614154
49.4; 423737; 787382; -0.119218; -0.117709; -0.109034; -0.108702; -0.0901982
49.6; 374094; 811492; -0.113882; -0.112134; -0.11368; -0.112955; -0.11268
49.8; 503136; 773534; -0.097506; -0.0957485; -0.107605; -0.109831; -0.129551
50; 635534; 647284; -0.0771111; -0.0780285; -0.0993291; -0.099907; -0.138507
50.2; 854887; 367516; -0.0652869; -0.0667225; -0.08982; -0.091082; -0.134092
50.4; 1.15808e+06; 154734; -0.0648396; -0.066797; -0.0827207; -0.0828046; -0.113
50.6; 1.41464e+06; 263930; -0.0708024; -0.0723008; -0.0750169; -0.0739509; -0.0793631
50.8; 1.51428e+06; 354176; -0.0767561; -0.0780838; -0.0667108; -0.0661312; -0.0459416
51; 1.39449e+06; 483248; -0.0864464; -0.0858949; -0.067049; -0.0659925; -0.0299393
51.2; 1.04994e+06; 624816; -0.100255; -0.0995908; -0.0793281; -0.0787977; -0.040138
51.4; 639134; 722337; -0.114354; -0.11312; -0.0982633; -0.0970009; -0.0671748
51.6; 382574; 808042; -0.119612; -0.117819; -0.111201; -0.11067; -0.0955401
51.8; 393558; 803421; -0.11142; -0.109613; -0.113133; -0.113269; -0.116941
52; 520554; 769428; -0.0932127; -0.0918787; -0.106182; -0.108204; -0.132611
52.2; 671706; 597837; -0.0734926; -0.0746476; -0.0969256; -0.0982955; -0.139272
52.4; 919762; 300977; -0.06424; -0.0656818; -0.0884615; -0.089092; -0.131354
52.6; 1.22154e+06; 152383; -0.0657866; -0.0678182; -0.0809186; -0.0816243; -0.106963
52.8; 1.45699e+06; 291266; -0.0720733; -0.0735845; -0.0731879; -0.0721104; -0.0719047
53; 1.51843e+06; 368517; -0.0785615; -0.0791007; -0.0657521; -0.0651175; -0.0405715
53.2; 1.34819e+06; 513430; -0.0888927; -0.0883139; -0.0685437; -0.0676076; -0.0298521
53.4; 974447; 646247; -0.103475; -0.102737; -0.0832014; -0.0824362; -0.0449264
53.6; 581277; 741552; -0.116365; -0.115157; -0.10167; -0.100629; -0.0733753
53.8; 374118; 807022; -0.119224; -0.11724; -0.112769; -0.111995; -0.100528
54; 418713; 805238; -0.108382; -0.106672; -0.112165; -0.112972; -0.120602
54.2; 548190; 745993; -0.0889586; -0.0881025; -0.104666; -0.106307; -0.13507
54.4; 716734; 547820; -0.0702256; -0.0719785; -0.0949694; -0.0963929; -0.139304
54.6; 984725; 247236; -0.0636255; -0.0653307; -0.0873634; -0.0872642; -0.128206
54.8; 1.28423e+06; 161165; -0.0669432; -0.0687038; -0.0799098; -0.0794777; -0.100664
55; 1.49425e+06; 304863; -0.0732055; -0.0748971; -0.0713142; -0.0704141; -0.0646281
55.2; 1.51247e+06; 392020; -0.0805719; -0.0805405; -0.065435; -0.0644795; -0.0360239
55.4; 1.28962e+06; 545262; -0.0917255; -0.0911669; -0.0706432; -0.0697931; -0.0307036
55.6; 887934; 668585; -0.106799; -0.105886; -0.0871064; -0.0863389; -0.0499904
55.8; 511082; 764407; -0.118025; -0.116756; -0.104893; -0.10376; -0.0793206
56; 358339; 811174; -0.118012; -0.11608; -0.113449; -0.113214; -0.105453
56.2; 442864; 803624; -0.104629; -0.103062; -0.110545; -0.112497; -0.124261
56.4; 576000; 715235; -0.0847481; -0.0837218; -0.102794; -0.104145; -0.137201
56.6; 766902; 482701; -0.0678466; -0.0694367; -0.093174; -0.0944778; -0.138557
56.8; 1.04759e+06; 197679; -0.063628; -0.0654833; -0.085369; -0.0862224; -0.12385
57; 1.34748e+06; 191583; -0.0684492; -0.0698083; -0.0782448; -0.0776695; -0.0934459
57.2; 1.52723e+06; 321533; -0.0742888; -0.0760882; -0.0693108; -0.0687257; -0.0573269
57.4; 1.49477e+06; 422783; -0.0823642; -0.0822644; -0.0653194; -0.0644654; -0.0325481
57.6; 1.229e+06; 576424; -0.0946389; -0.0940706; -0.0733058; -0.072503; -0.0329686
57.8; 811390; 681358; -0.109877; -0.108898; -0.0912048; -0.0902438; -0.0557362
58; 462720; 777032; -0.119224; -0.117938; -0.10764; -0.106787; -0.0852303
58.2; 361080; 820071; -0.116535; -0.114566; -0.114384; -0.113558; -0.10999
58.4; 468187; 792733; -0.101341; -0.0993895; -0.109543; -0.111617; -0.127946
58.6; 606229; 687641; -0.0802572; -0.0808995; -0.101273; -0.102205; -0.138958
58.8; 816647; 421221; -0.0660548; -0.0674577; -0.0914192; -0.0926793; -0.137091
59; 1.10173e+06; 162579; -0.063781; -0.0657729; -0.083857; -0.0843307; -0.118667
59.2; 1.39267e+06; 227105; -0.0694434; -0.0710177; -0.0762801; -0.0756233; -0.0858293
59.4; 1.52999e+06; 334479; -0.0756017; -0.0770077; -0.0674785; -0.067083; -0.050381
59.6; 1.44942e+06; 455530; -0.0845473; -0.0843122; -0.0657914; -0.0649272; -0.0299503
59.8; 1.1334e+06; 601871; -0.0980402; -0.0974086; -0.0764882; -0.0758634; -0.036039
60; 708135; 707685; -0.113003; -0.111572; -0.0953705; -0.0941551; -0.061778
60.2; 407300; 800138; -0.120092; -0.118301; -0.110072; -0.109447; -0.0913218
60.4; 372711; 816247; -0.114033; -0.112149; -0.114165; -0.113719; -0.114297
60.6; 496607; 782192; -0.0966926; -0.095204; -0.107751; -0.109992; -0.13118
60.8; 637121; 640049; -0.0758815; -0.0773452; -0.0989196; -0.100075; -0.1399
61; 868730; 343377; -0.0645677; -0.0662715; -0.0899595; -0.0906226; -0.134683
61.2; 1.17177e+06; 145654; -0.0648963; -0.0667811; -0.0827577; -0.0826435; -0.112733
61.4; 1.43576e+06; 268578; -0.0707893; -0.0726604; -0.074682; -0.0738347; -0.0784596
61.6; 1.53522e+06; 346537; -0.0773403; -0.0778004; -0.0663488; -0.0656859; -0.0444774
61.8; 1.40687e+06; 481386; -0.0866799; -0.0864152; -0.0668943; -0.0659385; -0.029006
62; 1.05382e+06; 623342; -0.10111; -0.100337; -0.0798701; -0.0791506; -0.0399694
62.2; 636155; 716557; -0.115292; -0.114007; -0.099117; -0.0978309; -0.0679315
62.4; 379862; 810741; -0.12028; -0.118389; -0.112162; -0.111465; -0.0968741
62.6; 393802; 809791; -0.111315; -0.109857; -0.113592; -0.114126; -0.118722
62.8; 522711; 764108; -0.0927925; -0.0912647; -0.106559; -0.108338; -0.134216
63; 676142; 586837; -0.0727902; -0.0737801; -0.0967821; -0.0981598; -0.140233
63.2; 937239; 281028; -0.0635918; -0.0651804; -0.088066; -0.0886733; -0.131252
63.4; 1.24292e+06; 145287; -0.0655487; -0.0675556; -0.0803548; -0.081038; -0.105797
63.6; 1.47542e+06; 288268; -0.0722487; -0.0737131; -0.0727184; -0.0717104; -0.0703881
63.8; 1.53311e+06; 366754; -0.0788671; -0.0796931; -0.0656254; -0.0648766; -0.0392414
64; 1.35204e+06; 513557; -0.0895297; -0.0891421; -0.0687255; -0.067898; -0.029241
64.2; 963147; 648214; -0.104486; -0.103607; -0.0837205; -0.0829989; -0.0447223
64.4; 560869; 736263; -0.117187; -0.115861; -0.102471; -0.101299; -0.0740963
64.6; 357503; 807130; -0.119537; -0.117542; -0.113469; -0.112814; -0.102104
64.8; 415281; 806943; -0.108117; -0.106386; -0.112894; -0.113415; -0.122704
65; 548139; 732376; -0.0883246; -0.0874636; -0.104925; -0.106615; -0.137008
65.2; 725580; 526149; -0.069682; -0.0713596; -0.0948697; -0.0963357; -0.140095
65.4; 994779; 229133; -0.0632927; -0.0649599; -0.0868294; -0.0867143; -0.127361
65.6; 1.29488e+06; 164191; -0.0669493; -0.0684767; -0.0789517; -0.0787667; -0.0985074
65.8; 1.50365e+06; 307441; -0.0731212; -0.0748652; -0.0703837; -0.0694939; -0.0621312
66; 1.50474e+06; 395991; -0.0808489; -0.080924; -0.0651192; -0.0642321; -0.0345964
66.2; 1.27208e+06; 548984; -0.0925425; -0.0920002; -0.0712329; -0.0704123; -0.0309306
66.4; 871565; 668146; -0.107837; -0.106934; -0.088206; -0.0873572; -0.0511044
66.6; 495902; 754343; -0.118721; -0.117511; -0.105678; -0.104778; -0.080552
66.8; 355287; 814318; -0.118084; -0.116176; -0.113888; -0.113654; -0.106576
67; 443958; 802410; -0.10412; -0.102411; -0.110829; -0.112285; -0.12542
67.2; 573119; 713656; -0.0838293; -0.0830147; -0.102695; -0.104017; -0.138307
67.4; 769669; 470110; -0.0672028; -0.0688758; -0.0929725; -0.0942383; -0.139048
67.6; 1.05982e+06; 176914; -0.0635001; -0.065418; -0.0851098; -0.0859186; -0.123236
67.8; 1.35422e+06; 195487; -0.0684868; -0.0700876; -0.0777482; -0.0773321; -0.0919974
68; 1.52719e+06; 318423; -0.0745693; -0.0760712; -0.0687806; -0.0681546; -0.0555361
68.2; 1.48857e+06; 426175; -0.0827061; -0.0825685; -0.0650596; -0.0642018; -0.0312118
68.4; 1.20485e+06; 579279; -0.0954263; -0.0948075; -0.0735951; -0.0730285; -0.0327755
68.6; 776554; 684833; -0.110867; -0.109815; -0.092305; -0.0909702; -0.0565633
68.8; 432132; 771806; -0.119957; -0.118693; -0.10841; -0.108055; -0.0868323
69; 356303; 824543; -0.116589; -0.114515; -0.114851; -0.11421; -0.111516
69.2; 472801; 783389; -0.100097; -0.0990948; -0.109759; -0.111439; -0.129411
69.4; 602845; 675011; -0.0789377; -0.0801704; -0.100915; -0.101897; -0.139875
69.6; 825230; 395719; -0.0653331; -0.0668407; -0.0910399; -0.0920826; -0.136912
69.8; 1.12574e+06; 145492; -0.0637066; -0.0656211; -0.0833088; -0.083739; -0.117223
70; 1.41172e+06; 231598; -0.0695431; -0.0713401; -0.0757328; -0.0751247; -0.0840379
70.2; 1.54079e+06; 324949; -0.0762398; -0.0771184; -0.0673111; -0.0666496; -0.0488566
70.4; 1.45277e+06; 458636; -0.0851365; -0.0849939; -0.0660334; -0.0651979; -0.0294864
70.6; 1.12279e+06; 595895; -0.0989119; -0.0981973; -0.0772512; -0.0765557; -0.0365982
70.8; 700267; 701050; -0.113781; -0.112344; -0.0961945; -0.095088; -0.0628089
71; 396748; 788654; -0.120359; -0.118558; -0.110603; -0.109983; -0.0924162
71.2; 370864; 812573; -0.113708; -0.111839; -0.114324; -0.11403; -0.115525
71.4; 499512; 773707; -0.0960566; -0.094511; -0.107857; -0.110057; -0.132627
71.6; 637093; 618502; -0.0752294; -0.0766592; -0.0988904; -0.0999237; -0.140845
71.8; 883315; 320126; -0.0642822; -0.0659556; -0.0896147; -0.0904879; -0.134526
72; 1.19366e+06; 143494; -0.0647771; -0.0665369; -0.0819246; -0.0821701; -0.111255
72.2; 1.45382e+06; 272427; -0.0707193; -0.0725553; -0.0738669; -0.07291; -0.0761267
72.4; 1.54158e+06; 345667; -0.0775628; -0.0780378; -0.0658453; -0.0652202; -0.0427179
72.6; 1.39964e+06; 488720; -0.0875852; -0.0871192; -0.0673306; -0.066364; -0.0287372
72.8; 1.03122e+06; 621101; -0.102251; -0.10153; -0.0809999; -0.0803946; -0.0412337
73; 615708; 718761; -0.116135; -0.114866; -0.100159; -0.0988676; -0.0693004
73.2; 368083; 803697; -0.120324; -0.118512; -0.112547; -0.111827; -0.0978342
73.4; 393388; 806312; -0.11081; -0.108993; -0.113589; -0.113752; -0.119341
73.6; 521975; 758871; -0.091533; -0.0905194; -0.106148; -0.108153; -0.135215
73.8; 680321; 572056; -0.0717163; -0.0732681; -0.0968147; -0.0976815; -0.141031
74; 949463; 259950; -0.0633363; -0.0649726; -0.0878314; -0.0886844; -0.131371
74.2; 1.26263e+06; 143317; -0.0657696; -0.0675538; -0.0800696; -0.0807254; -0.104738
74.4; 1.49398e+06; 284198; -0.0722557; -0.0740964; -0.0721732; -0.0711257; -0.0684328
74.6; 1.54055e+06; 370162; -0.0794636; -0.0798692; -0.0652985; -0.0645219; -0.0375642
74.8; 1.34501e+06; 519056; -0.0903592; -0.0899637; -0.0691579; -0.0683133; -0.0289354
75; 946994; 650162; -0.105506; -0.10472; -0.0848663; -0.0841936; -0.0461135
75.2; 546570; 738361; -0.117904; -0.116652; -0.103641; -0.102323; -0.0758019
75.4; 353362; 805159; -0.119441; -0.117482; -0.113721; -0.113242; -0.103217
75.6; 419338; 803783; -0.107474; -0.10542; -0.112483; -0.113334; -0.123485
75.8; 554128; 725286; -0.086849; -0.0867082; -0.104401; -0.106057; -0.137499
76; 732767; 508983; -0.0692307; -0.0705579; -0.0945644; -0.0960039; -0.14028
76.2; 1.00698e+06; 214156; -0.0631936; -0.0648879; -0.0868032; -0.0864121; -0.127103
76.4; 1.31345e+06; 171788; -0.0670078; -0.0686006; -0.0783045; -0.078834; -0.097491
76.6; 1.51985e+06; 299649; -0.0732667; -0.0750752; -0.0700559; -0.0691634; -0.0608244
76.8; 1.51801e+06; 402651; -0.0813088; -0.081368; -0.065035; -0.0642138; -0.0336801
77; 1.27306e+06; 552829; -0.093357; -0.0928552; -0.0717682; -0.070871; -0.0307851
77.2; 859782; 663791; -0.108963; -0.107911; -0.0891257; -0.0883235; -0.0518282
77.4; 483580; 764271; -0.11959; -0.117952; -0.10648; -0.105662; -0.0817516
77.6; 349012; 814594; -0.11809; -0.116011; -0.114779; -0.113593; -0.107822
77.8; 445370; 799271; -0.103378; -0.101705; -0.110531; -0.112628; -0.126808
78; 582776; 693823; -0.0822945; -0.0826753; -0.102498; -0.103731; -0.139338
78.2; 785207; 447548; -0.0666338; -0.0683225; -0.0926504; -0.0939964; -0.139264
78.4; 1.07476e+06; 162681; -0.0633621; -0.0652391; -0.0848303; -0.0854346; -0.122439
78.6; 1.37444e+06; 203159; -0.0684931; -0.0702691; -0.0772509; -0.0767735; -0.09034
78.8; 1.54309e+06; 315180; -0.0748899; -0.076287; -0.0683475; -0.0676939; -0.0537577
79; 1.49268e+06; 434076; -0.0833925; -0.0831817; -0.0651891; -0.0643182; -0.0303584
79.2; 1.20049e+06; 579269; -0.0964495; -0.0957679; -0.0745639; -0.0737192; -0.0333141
79.4; 765133; 682655; -0.111849; -0.110528; -0.0932071; -0.0920595; -0.0578228
79.6; 428396; 777319; -0.120318; -0.118614; -0.10892; -0.108643; -0.0880947
79.8; 361016; 817673; -0.115976; -0.113951; -0.114961; -0.114081; -0.112555
80; 483003; 775492; -0.0994156; -0.0977417; -0.109287; -0.111272; -0.130347
80.2; 611003; 656228; -0.0782113; -0.079196; -0.100629; -0.101573; -0.140516
80.4; 835914; 375631; -0.0650966; -0.0664832; -0.0908232; -0.0919796; -0.137034
80.6; 1.1451e+06; 142210; -0.0637331; -0.0656573; -0.083034; -0.0835844; -0.116552
80.8; 1.42385e+06; 243655; -0.0696982; -0.0714039; -0.0754216; -0.0745203; -0.0825248
81; 1.54526e+06; 331804; -0.0764392; -0.0773245; -0.0668395; -0.0663227; -0.0473593
81.2; 1.44609e+06; 464330; -0.0858214; -0.0855124; -0.0662167; -0.0652696; -0.0287705
81.4; 1.10648e+06; 603614; -0.0999054; -0.0991358; -0.0781055; -0.0772777; -0.0370902
81.6; 676916; 704351; -0.114491; -0.113319; -0.09727; -0.0959585; -0.0640939
81.8; 386283; 797364; -0.12057; -0.119053; -0.111206; -0.110929; -0.0939349
82; 375898; 806554; -0.113238; -0.111393; -0.114049; -0.114598; -0.116804
82.2; 505332; 770749; -0.0950708; -0.0935293; -0.107621; -0.10974; -0.133622
82.4; 647442; 605898; -0.0744114; -0.0756566; -0.0984601; -0.0994667; -0.141192
82.6; 897427; 304460; -0.0639564; -0.0654779; -0.0891209; -0.0901098; -0.134061
82.8; 1.21039e+06; 138818; -0.0649131; -0.0666097; -0.0813985; -0.0819066; -0.109899
83; 1.46628e+06; 274237; -0.0710887; -0.0729559; -0.0735091; -0.0725755; -0.0744711
83.2; 1.54433e+06; 352055; -0.0781527; -0.0784516; -0.0657728; -0.0650557; -0.0414716
83.4; 1.38857e+06; 496217; -0.0882578; -0.0878828; -0.0676355; -0.0667777; -0.0284418
83.6; 1.01418e+06; 629263; -0.103143; -0.102363; -0.0818789; -0.081099; -0.0418945
83.8; 597773; 721368; -0.116815; -0.115638; -0.101077; -0.0998149; -0.0706414
84; 359557; 799212; -0.120477; -0.118595; -0.112849; -0.11264; -0.0992282
84.2; 390712; 815147; -0.110037; -0.108528; -0.113091; -0.114471; -0.120736
84.4; 538406; 750067; -0.0907789; -0.0893124; -0.105951; -0.107848; -0.136296
84.6; 692071; 556617; -0.0711083; -0.0725956; -0.0963023; -0.0975204; -0.14125
84.8; 956890; 244980; -0.0632973; -0.064915; -0.0874986; -0.0883896; -0.130589
85; 1.27885e+06; 146897; -0.0660409; -0.0676904; -0.0796867; -0.0801186; -0.102983
85.2; 1.50563e+06; 289739; -0.0723786; -0.0741774; -0.0714686; -0.0705872; -0.0664854
85.4; 1.53966e+06; 376239; -0.0798599; -0.0799508; -0.0650385; -0.0643205; -0.0364699
85.6; 1.33201e+06; 525752; -0.0909676; -0.0905993; -0.0695775; -0.0688711; -0.0291805
85.8; 929070; 647357; -0.106425; -0.105511; -0.0858308; -0.0851145; -0.0471895
86; 528143; 744195; -0.118407; -0.117284; -0.104401; -0.103134; -0.0769921
86.2; 349785; 803686; -0.119464; -0.117447; -0.11366; -0.114083; -0.104367
86.4; 427178; 802568; -0.106392; -0.105062; -0.111777; -0.113798; -0.124482
86.6; 552871; 720284; -0.0864477; -0.0851598; -0.104324; -0.105501; -0.138337
86.8; 737927; 493470; -0.0684918; -0.0698511; -0.0942261; -0.0956488; -0.140627
87; 1.02576e+06; 197956; -0.0632023; -0.0646459; -0.0861246; -0.0865329; -0.126455
87.2; 1.32723e+06; 173799; -0.0672276; -0.0690655; -0.0782063; -0.0783474; -0.0960998
87.4; 1.52633e+06; 302529; -0.0741291; -0.075145; -0.0697296; -0.0688508; -0.0590892
87.6; 1.51196e+06; 405112; -0.0818645; -0.0819036; -0.0649593; -0.0640442; -0.0323124
87.8; 1.25491e+06; 560434; -0.0941929; -0.0936061; -0.0721985; -0.071374; -0.0307343
88; 825560; 672493; -0.109644; -0.108696; -0.0902002; -0.0890435; -0.0530105
88.2; 457654; 762035; -0.119691; -0.118471; -0.107064; -0.106831; -0.0836993
88.4; 344994; 812603; -0.117613; -0.115689; -0.114778; -0.114274; -0.109519
88.6; 452506; 789721; -0.102458; -0.100811; -0.110722; -0.112223; -0.128107
88.8; 580231; 685852; -0.0817762; -0.0813728; -0.102395; -0.10307; -0.139902
89; 787349; 427732; -0.0660736; -0.0677254; -0.0920999; -0.0933848; -0.138702
89.2; 1.08612e+06; 153799; -0.0631549; -0.0651577; -0.0842955; -0.0846339; -0.12079
89.4; 1.38723e+06; 207715; -0.0688303; -0.0701678; -0.0765077; -0.0761213; -0.0881943
89.6; 1.53858e+06; 318224; -0.0750778; -0.076672; -0.0678696; -0.0672475; -0.0519617
89.8; 1.47697e+06; 438792; -0.0840218; -0.083814; -0.0653953; -0.0645605; -0.0298299
90; 1.17116e+06; 585204; -0.0973735; -0.096798; -0.0754127; -0.0747283; -0.0341548
90.2; 733872; 689901; -0.112713; -0.111308; -0.0942604; -0.0930388; -0.059184
90.4; 410806; 773289; -0.120734; -0.11903; -0.109829; -0.109215; -0.0894501
90.6; 354289; 817635; -0.115606; -0.113456; -0.114968; -0.114234; -0.113573
90.8; 481224; 781330; -0.0983761; -0.0966984; -0.109142; -0.11079; -0.131337
91; 616917; 649988; -0.0772702; -0.0779366; -0.100011; -0.101154; -0.141036
91.2; 851388; 354801; -0.0649241; -0.065963; -0.0904592; -0.0916148; -0.136669
91.4; 1.15722e+06; 129627; -0.0641461; -0.0661809; -0.0828748; -0.0833053; -0.115077
91.6; 1.44084e+06; 253325; -0.0702728; -0.0718932; -0.0749575; -0.0742101; -0.0804509
91.8; 1.5529e+06; 331182; -0.0766882; -0.0775329; -0.0663176; -0.0658098; -0.0455125
92; 1.44029e+06; 475953; -0.0860733; -0.085864; -0.0661566; -0.0653811; -0.0282764
92.2; 1.08727e+06; 602683; -0.100584; -0.0997921; -0.0788918; -0.0780506; -0.0380691
92.4; 657152; 705224; -0.11526; -0.114025; -0.0983001; -0.0970143; -0.0657038
92.6; 375785; 798144; -0.120887; -0.119226; -0.11192; -0.111454; -0.0952443
92.8; 380316; 810038; -0.112744; -0.111098; -0.114244; -0.114573; -0.117747
93; 507016; 769410; -0.0944255; -0.0925953; -0.107405; -0.109493; -0.13439
93.2; 654043; 597064; -0.0735569; -0.0748908; -0.0979884; -0.0991713; -0.141561
93.4; 913977; 294543; -0.0635898; -0.0649606; -0.0888059; -0.089661; -0.133796
93.6; 1.22294e+06; 138924; -0.0649001; -0.0666583; -0.0809574; -0.0816735; -0.108947
93.8; 1.46978e+06; 273693; -0.0715464; -0.0732367; -0.0730605; -0.0723451; -0.0728085
94; 1.54634e+06; 353630; -0.0785362; -0.079297; -0.0656384; -0.0649022; -0.0399422
94.2; 1.37664e+06; 505960; -0.089051; -0.0887706; -0.0679428; -0.0671269; -0.0278558
94.4; 990116; 637136; -0.104078; -0.103297; -0.0827855; -0.0819512; -0.042669
94.6; 570108; 732150; -0.117532; -0.115952; -0.101748; -0.100917; -0.0721991
94.8; 350534; 799128; -0.120289; -0.118352; -0.113625; -0.112673; -0.100702
95; 402828; 809919; -0.109269; -0.107494; -0.113488; -0.113608; -0.12176
95.2; 528785; 740220; -0.0893332; -0.0885043; -0.105533; -0.107242; -0.13689
95.4; 699986; 544299; -0.0702883; -0.071766; -0.0961912; -0.096582; -0.14123
95.6; 980693; 229439; -0.0631953; -0.064762; -0.0872299; -0.0879735; -0.129906
95.8; 1.29206e+06; 152039; -0.0664596; -0.0678605; -0.0798539; -0.0794746; -0.10177
96; 1.51061e+06; 287264; -0.07264; -0.0745962; -0.0711218; -0.0703326; -0.0650072
96.2; 1.54251e+06; 381561; -0.0802817; -0.0803651; -0.0649759; -0.0641209; -0.0353153
96.4; 1.32171e+06; 531578; -0.0917063; -0.091187; -0.0700642; -0.0692026; -0.029145
96.6; 906917; 650482; -0.107192; -0.10643; -0.0868044; -0.0858824; -0.0481522
96.8; 511475; 745004; -0.119118; -0.11764; -0.105031; -0.104132; -0.0783029
97; 345030; 811397; -0.119202; -0.117418; -0.114721; -0.113793; -0.105698
97.2; 433912; 805501; -0.105972; -0.103886; -0.1122; -0.113172; -0.125535
97.4; 559463; 710027; -0.0847753; -0.0849593; -0.103836; -0.105335; -0.139189
97.6; 749234; 477479; -0.0677927; -0.0692549; -0.093783; -0.0952237; -0.140542
97.8; 1.04769e+06; 181535; -0.0629498; -0.0647725; -0.0860782; -0.0857891; -0.125495
98; 1.35054e+06; 180994; -0.0675068; -0.0692075; -0.0780712; -0.0774714; -0.094298
98.2; 1.53845e+06; 302103; -0.0741581; -0.07565; -0.0692024; -0.0684846; -0.057348
98.4; 1.51604e+06; 416527; -0.0824972; -0.0822863; -0.0650938; -0.0641221; -0.0316643
98.6; 1.24319e+06; 562755; -0.0950096; -0.094389; -0.0729468; -0.0721313; -0.031381
98.8; 808792; 675240; -0.110451; -0.109472; -0.0910301; -0.0900962; -0.0542918
99; 446176; 764663; -0.120123; -0.11891; -0.107958; -0.10724; -0.0846739
99.2; 347413; 817449; -0.117421; -0.115419; -0.114615; -0.114702; -0.110388
99.4; 457456; 787833; -0.101746; -0.0999378; -0.110375; -0.112109; -0.128883
99.6; 589020; 680130; -0.0806105; -0.0807195; -0.101536; -0.103219; -0.140539
99.8; 804054; 410928; -0.0657148; -0.0673427; -0.0919813; -0.0931046; -0.138818
100; 1.10404e+06; 149718; -0.0633758; -0.0652869; -0.0842558; -0.0844044; -0.120133
100.2; 1.4074e+06; 213962; -0.0690327; -0.0705284; -0.0763226; -0.0755954; -0.0866408
100.4; 1.55171e+06; 318487; -0.0753403; -0.0768368; -0.0674097; -0.0668638; -0.0503532
100.6; 1.47769e+06; 446512; -0.0844658; -0.0843129; -0.0654312; -0.0646105; -0.0291103
100.8; 1.15865e+06; 592402; -0.0982703; -0.0975598; -0.0763683; -0.0752698; -0.0347677
101; 719352; 690163; -0.113425; -0.112353; -0.0953442; -0.0941611; -0.0607373
101.2; 400910; 775827; -0.120986; -0.119369; -0.110683; -0.109775; -0.0908695
101.4; 360231; 817732; -0.114772; -0.113459; -0.114956; -0.114547; -0.114815
101.6; 485420; 774429; -0.0973858; -0.0958842; -0.108573; -0.110833; -0.132211
101.8; 620565; 636093; -0.0768246; -0.0767739; -0.09978; -0.100634; -0.141408
102; 861337; 335956; -0.0642763; -0.0659117; -0.0901608; -0.0911272; -0.13628
102.2; 1.17174e+06; 129150; -0.0642074; -0.0662628; -0.0823518; -0.0829864; -0.113729
102.4; 1.44627e+06; 257601; -0.0706457; -0.0720709; -0.0746399; -0.0736491; -0.0787165
102.6; 1.54958e+06; 331016; -0.0769195; -0.0780869; -0.0661226; -0.0655208; -0.0441225
102.8; 1.42525e+06; 479492; -0.0868165; -0.0864803; -0.066558; -0.0656667; -0.0279771
103; 1.06541e+06; 608528; -0.101389; -0.10065; -0.0796684; -0.079017; -0.038999
103.2; 633290; 704576; -0.115812; -0.114582; -0.0992175; -0.0979053; -0.0672337
103.4; 365744; 800664; -0.12095; -0.119093; -0.112423; -0.111905; -0.0966748
103.6; 381862; 804303; -0.112033; -0.110319; -0.114333; -0.114308; -0.118865
103.8; 511018; 765683; -0.0930773; -0.0916872; -0.106952; -0.109025; -0.135073
104; 659997; 584853; -0.0726473; -0.0741034; -0.0976464; -0.0984717; -0.141673
104.2; 922028; 278354; -0.063401; -0.064766; -0.0884536; -0.0891378; -0.132956
104.4; 1.2454e+06; 134080; -0.0650044; -0.066871; -0.0805181; -0.0810151; -0.107078
104.6; 1.48558e+06; 275386; -0.071749; -0.0732111; -0.0724196; -0.0715319; -0.0706099
104.8; 1.54495e+06; 356816; -0.0787894; -0.0794593; -0.0652576; -0.0645756; -0.0385977
105; 1.36519e+06; 510466; -0.089815; -0.089381; -0.0685916; -0.0676288; -0.0281921
105.2; 972508; 637775; -0.105006; -0.104273; -0.0838545; -0.0832056; -0.0442048
105.4; 556443; 733820; -0.117924; -0.116574; -0.102791; -0.101634; -0.0737146
105.6; 347345; 805984; -0.120021; -0.118186; -0.113632; -0.113185; -0.101886
105.8; 410849; 804728; -0.1084; -0.106723; -0.113124; -0.113556; -0.122601
106; 537774; 730707; -0.088617; -0.0872782; -0.105076; -0.106882; -0.137514
106.2; 712264; 523554; -0.0697526; -0.0712605; -0.095483; -0.0967001; -0.141365
106.4; 988704; 223905; -0.0631361; -0.0647684; -0.0870499; -0.0875804; -0.129175
106.6; 1.29768e+06; 162646; -0.0665694; -0.0682191; -0.079593; -0.0788689; -0.100091
106.8; 1.51242e+06; 298266; -0.0729615; -0.0747103; -0.0705203; -0.0697493; -0.0629526
107; 1.52743e+06; 389826; -0.0808649; -0.0808367; -0.064922; -0.0640256; -0.0341316
107.2; 1.28993e+06; 547144; -0.0926684; -0.0920612; -0.0708276; -0.0698689; -0.0294638
107.4; 876096; 658724; -0.108201; -0.107346; -0.0879557; -0.0870911; -0.0497403
107.6; 487925; 747950; -0.119394; -0.118208; -0.10596; -0.105052; -0.0801241
107.8; 342308; 809910; -0.118944; -0.116904; -0.114599; -0.114327; -0.107044
108; 436960; 797136; -0.10474; -0.103046; -0.111629; -0.113043; -0.126453
108.2; 566512; 706044; -0.0839175; -0.083491; -0.103218; -0.104717; -0.139476
108.4; 767536; 462004; -0.0671382; -0.0687598; -0.0933129; -0.0945576; -0.140086
108.6; 1.06057e+06; 170677; -0.0631558; -0.0650443; -0.0852586; -0.0859984; -0.124193
108.8; 1.35923e+06; 189879; -0.0681568; -0.0697583; -0.0777994; -0.0773389; -0.0926462
109; 1.5382e+06; 311570; -0.074504; -0.0759018; -0.0686821; -0.0682521; -0.0557439
109.2; 1.50339e+06; 420715; -0.0827543; -0.0825776; -0.0649725; -0.0640035; -0.0307788
109.4; 1.22341e+06; 573526; -0.0955994; -0.0948845; -0.0735525; -0.0726135; -0.0319466
109.6; 783999; 673356; -0.11115; -0.110182; -0.0921752; -0.0909574; -0.055808
109.8; 433325; 765126; -0.120601; -0.119131; -0.108749; -0.108207; -0.0865755
110; 348176; 817792; -0.116985; -0.115238; -0.115222; -0.114692; -0.111721
110.2; 466579; 783281; -0.100894; -0.0991334; -0.110001; -0.112159; -0.13
110.4; 596150; 671052; -0.0793664; -0.0799659; -0.101295; -0.102355; -0.14078
110.6; 819302; 390233; -0.0652275; -0.0667539; -0.0913005; -0.0925347; -0.138054
110.8; 1.11923e+06; 136214; -0.0634495; -0.0653238; -0.0834396; -0.0840521; -0.118365
111; 1.41094e+06; 229879; -0.0692846; -0.0711; -0.0759595; -0.0750745; -0.08465
111.2; 1.54604e+06; 317190; -0.076153; -0.0768494; -0.0671478; -0.0665761; -0.0488805
111.4; 1.46246e+06; 455108; -0.085104; -0.0847932; -0.0657343; -0.0647664; -0.028691
111.6; 1.13326e+06; 588572; -0.0990355; -0.0982857; -0.0769971; -0.0762044; -0.0356115
111.8; 701921; 693013; -0.113996; -0.112909; -0.0962714; -0.0950038; -0.0621681
112; 389761; 780983; -0.120771; -0.119275; -0.110871; -0.110378; -0.0923036
112.2; 366263; 818519; -0.114357; -0.112435; -0.114957; -0.114417; -0.115852
112.4; 496043; 765538; -0.096566; -0.0949621; -0.108399; -0.110565; -0.133255
112.6; 631415; 617709; -0.0753833; -0.0768131; -0.0996452; -0.10004; -0.141682
112.8; 880834; 321736; -0.064213; -0.0654653; -0.0896902; -0.0908563; -0.135657
113; 1.19417e+06; 132887; -0.0642206; -0.0662181; -0.0820185; -0.0822117; -0.112191
113.2; 1.46325e+06; 263265; -0.0707526; -0.0722629; -0.0740808; -0.0730215; -0.0767659
113.4; 1.55236e+06; 337418; -0.0773661; -0.0784638; -0.0659119; -0.0652664; -0.0427257
113.6; 1.41861e+06; 491017; -0.0877585; -0.0872068; -0.0671265; -0.0660717; -0.027797
113.8; 1.05065e+06; 610584; -0.102406; -0.101728; -0.0807125; -0.0800623; -0.0401147
114; 620396; 708943; -0.11647; -0.115215; -0.100046; -0.0988991; -0.068624
114.2; 363036; 804300; -0.120744; -0.118923; -0.112752; -0.11221; -0.0978764
114.4; 390320; 809967; -0.11087; -0.109677; -0.114041; -0.114171; -0.119931
114.6; 515762; 750747; -0.091982; -0.0906822; -0.106669; -0.108561; -0.135974
114.8; 670136; 564029; -0.0724989; -0.0730489; -0.0975725; -0.0979238; -0.141787
115; 939408; 260537; -0.0634833; -0.0649206; -0.0880798; -0.0891037; -0.132272
115.2; 1.25425e+06; 140828; -0.0653784; -0.0673801; -0.0808305; -0.0800752; -0.10537
115.4; 1.48853e+06; 283195; -0.0720741; -0.0735349; -0.0718796; -0.0711618; -0.0687448
115.6; 1.54075e+06; 367742; -0.0791465; -0.0796462; -0.06514; -0.0641977; -0.0373927
115.8; 1.34894e+06; 516365; -0.0902025; -0.0899872; -0.068785; -0.0681165; -0.0282835
116; 945715; 640159; -0.105819; -0.104954; -0.0848787; -0.0839651; -0.0453147
116.2; 534975; 734523; -0.118376; -0.11723; -0.103541; -0.102671; -0.0752822
116.4; 341889; 802660; -0.120061; -0.118088; -0.114073; -0.11364; -0.103183
116.6; 414695; 803291; -0.107523; -0.105993; -0.113132; -0.113201; -0.123548
116.8; 541128; 724102; -0.0866705; -0.0870977; -0.104638; -0.106382; -0.138161
117; 722975; 503264; -0.0689806; -0.0704919; -0.0949317; -0.0960614; -0.141089
117.2; 1.00716e+06; 205048; -0.0628974; -0.064627; -0.086756; -0.086792; -0.128005
117.4; 1.31262e+06; 171113; -0.0667251; -0.068511; -0.0789179; -0.0785637; -0.0983048
117.6; 1.51832e+06; 296802; -0.0733504; -0.0750796; -0.0701945; -0.069321; -0.0611898
117.8; 1.51809e+06; 394751; -0.0814403; -0.0814723; -0.0650408; -0.064117; -0.0333235
118; 1.27059e+06; 550663; -0.0934804; -0.0928959; -0.0714978; -0.0706196; -0.0299944
118.2; 849683; 661979; -0.108984; -0.108205; -0.0890436; -0.0880729; -0.0511511
118.4; 469373; 748418; -0.119933; -0.118511; -0.106706; -0.105962; -0.0817059
118.6; 331567; 812795; -0.118386; -0.116679; -0.115005; -0.114253; -0.108228
118.8; 445434; 789669; -0.103848; -0.102242; -0.111374; -0.113055; -0.127624
119; 581086; 694631; -0.0830096; -0.0826623; -0.103127; -0.104171; -0.140188
119.2; 768914; 441316; -0.0667517; -0.0682624; -0.0928766; -0.0941816; -0.139766
119.4; 1.06695e+06; 156231; -0.0631267; -0.0650324; -0.0847671; -0.0852835; -0.122529
119.6; 1.379e+06; 198016; -0.0683517; -0.0697617; -0.0768561; -0.0765985; -0.0901518
119.8; 1.54257e+06; 305259; -0.0746472; -0.0760606; -0.0680415; -0.0675481; -0.0535913
120; 1.49431e+06; 432737; -0.0832852; -0.0830648; -0.0651021; -0.0641358; -0.0301809
