0.004; 1085.07; 3101.82; 1.89675e-06; 2.28145e-06; 1.65184e-06; 1.9124e-06; 1.33361e-06
0.2; 65044.8; 132138; 5.63212e-05; -0.000982196; -0.000111175; -0.00129828; -0.00021583
0.4; 326604; 525326; -0.00578183; -0.00544161; -0.00770085; -0.00701882; -0.00948209
0.6; 552304; 614210; -0.0170804; -0.0173023; -0.0218691; -0.0217662; -0.0281415
0.8; 555873; 468805; -0.0331503; -0.0339981; -0.0408191; -0.0429942; -0.0537914
1; 579866; 426466; -0.0503326; -0.0510689; -0.0625472; -0.0627896; -0.0807513
1.2; 615373; 468320; -0.0655324; -0.0656699; -0.0794469; -0.0800811; -0.101906
1.4; 610911; 443133; -0.0790853; -0.0794922; -0.0936771; -0.0938785; -0.116525
1.6; 567746; 449003; -0.094055; -0.0942769; -0.107256; -0.107997; -0.128928
1.8; 531592; 479775; -0.11164; -0.111539; -0.123443; -0.123179; -0.141745
2; 503939; 487404; -0.131725; -0.131589; -0.141603; -0.141851; -0.157088
2.2; 484562; 495449; -0.152556; -0.15268; -0.161563; -0.161616; -0.174824
2.4; 483641; 501592; -0.171471; -0.171656; -0.179649; -0.17968; -0.191355
2.6; 495203; 481623; -0.18474; -0.184365; -0.190865; -0.190687; -0.199608
2.8; 505934; 485255; -0.1921; -0.191904; -0.195996; -0.195504; -0.200802
3; 502853; 536024; -0.196815; -0.195789; -0.198498; -0.197534; -0.200067
3.2; 515262; 549784; -0.199565; -0.198479; -0.199633; -0.198552; -0.198571
3.4; 544224; 530595; -0.20116; -0.200002; -0.199521; -0.198287; -0.195317
3.6; 575521; 514107; -0.199966; -0.198655; -0.195829; -0.194559; -0.187451
3.8; 608247; 499156; -0.194131; -0.192744; -0.186816; -0.185383; -0.172963
4; 622509; 523288; -0.183798; -0.182139; -0.173598; -0.171888; -0.154823
4.2; 618490; 577043; -0.169784; -0.167822; -0.158013; -0.156107; -0.136813
4.4; 622749; 585008; -0.153211; -0.151106; -0.141157; -0.139105; -0.119621
4.6; 648947; 567534; -0.135412; -0.133249; -0.123817; -0.121637; -0.102979
4.8; 684594; 540357; -0.116989; -0.114852; -0.10593; -0.10377; -0.0861181
5; 724271; 510475; -0.0986947; -0.096648; -0.0879546; -0.0858361; -0.0685301
5.2; 762799; 512548; -0.0807652; -0.0787593; -0.0700891; -0.068126; -0.0508145
5.4; 783894; 520851; -0.0634221; -0.0615506; -0.0530924; -0.0511104; -0.0341732
5.6; 785085; 529901; -0.0474214; -0.045574; -0.037819; -0.0360641; -0.0203034
5.8; 772102; 538623; -0.0332137; -0.0314709; -0.0252841; -0.0235721; -0.0105442
6; 751399; 529412; -0.0215797; -0.0199645; -0.016021; -0.014404; -0.00526754
6.2; 731900; 507532; -0.013025; -0.0116377; -0.0102021; -0.00886911; -0.00413666
6.4; 716471; 493842; -0.00798665; -0.00675083; -0.00796146; -0.00677204; -0.0065308
6.6; 704912; 480083; -0.00663984; -0.00571046; -0.00910739; -0.00821063; -0.0117926
6.8; 686833; 469316; -0.00913165; -0.00846751; -0.0136549; -0.0130224; -0.0196693
7; 659593; 470814; -0.0152501; -0.0147463; -0.0215171; -0.02104; -0.0303475
7.2; 629583; 466185; -0.0245857; -0.024275; -0.0324104; -0.0321501; -0.0438544
7.4; 599572; 466762; -0.0367783; -0.0365957; -0.0461273; -0.0459915; -0.0601478
7.6; 570713; 468534; -0.0512908; -0.0512523; -0.0620998; -0.0620924; -0.0786135
7.8; 550403; 467772; -0.0677111; -0.0677269; -0.0797604; -0.0798274; -0.0984224
8; 541515; 465150; -0.0855427; -0.0856364; -0.0983871; -0.0985274; -0.118381
8.2; 534703; 459498; -0.104277; -0.104422; -0.117313; -0.117495; -0.137604
8.4; 525918; 457410; -0.12328; -0.12344; -0.135866; -0.136021; -0.155306
8.6; 514454; 458358; -0.141712; -0.141835; -0.1532; -0.153312; -0.170774
8.8; 505665; 460350; -0.158529; -0.158519; -0.168243; -0.16824; -0.182876
9; 497706; 469324; -0.173126; -0.172983; -0.180727; -0.180564; -0.191862
9.2; 490535; 487974; -0.18531; -0.184961; -0.190859; -0.190485; -0.198618
9.4; 493581; 499438; -0.194794; -0.19427; -0.19842; -0.197875; -0.20303
9.6; 511804; 496990; -0.201032; -0.200347; -0.202617; -0.201882; -0.203805
9.8; 535152; 493044; -0.20346; -0.202538; -0.202623; -0.201646; -0.199774
10; 555162; 499377; -0.202159; -0.200975; -0.198714; -0.197477; -0.19146
10.2; 568432; 516629; -0.197407; -0.196027; -0.19162; -0.190189; -0.180436
10.4; 579439; 530526; -0.189589; -0.188003; -0.181993; -0.180367; -0.167769
10.6; 595287; 529045; -0.178763; -0.177032; -0.169805; -0.168036; -0.153289
10.8; 615811; 520837; -0.165014; -0.163167; -0.154961; -0.153078; -0.136631
11; 639135; 514693; -0.148701; -0.146747; -0.137728; -0.135743; -0.117888
11.2; 663605; 512333; -0.130549; -0.12854; -0.118848; -0.116815; -0.0978463
11.4; 685042; 512949; -0.11147; -0.109465; -0.0993771; -0.0973307; -0.0777614
11.6; 701600; 511409; -0.0925138; -0.0904993; -0.0804691; -0.0784596; -0.0589823
11.8; 710978; 507904; -0.0743975; -0.0724268; -0.0630329; -0.0610674; -0.0426748
12; 716387; 503630; -0.0576242; -0.05573; -0.0475413; -0.0456476; -0.0292861
12.2; 721073; 496786; -0.0425746; -0.0407212; -0.0342388; -0.0323903; -0.0188199
12.4; 724756; 487668; -0.0294752; -0.0278845; -0.0231806; -0.0216048; -0.0112103
12.6; 723877; 477580; -0.0189432; -0.017524; -0.0148038; -0.0134027; -0.00641879
12.8; 712663; 469677; -0.0113807; -0.0101396; -0.00941591; -0.00819846; -0.00465913
13; 690821; 465547; -0.00730199; -0.00632567; -0.00751813; -0.00648512; -0.00632573
13.2; 660756; 462335; -0.007066; -0.00624809; -0.00939773; -0.00856079; -0.0117619
13.4; 627751; 458524; -0.0106658; -0.00995576; -0.0151093; -0.0144583; -0.0210373
13.6; 597918; 454928; -0.017751; -0.0172721; -0.0243398; -0.023912; -0.0338324
13.8; 576024; 450546; -0.0279306; -0.0276776; -0.036535; -0.0363226; -0.049382
14; 563375; 445913; -0.0408006; -0.0407027; -0.0511132; -0.0510733; -0.0668037
14.2; 555585; 441645; -0.0559029; -0.0559571; -0.0675043; -0.0676187; -0.0853528
14.4; 547473; 438196; -0.0728098; -0.0729783; -0.0852398; -0.0854468; -0.104479
14.6; 533872; 436957; -0.0910238; -0.09126; -0.103785; -0.104075; -0.123639
14.8; 516235; 439912; -0.109978; -0.110155; -0.122635; -0.122811; -0.142231
15; 499672; 445527; -0.128869; -0.129008; -0.140928; -0.141077; -0.159554
15.2; 489123; 451233; -0.146941; -0.14701; -0.157963; -0.158029; -0.174846
15.4; 486702; 453950; -0.163275; -0.163258; -0.172736; -0.172692; -0.186985
15.6; 489384; 453909; -0.17711; -0.176943; -0.184426; -0.184249; -0.195138
15.8; 489649; 463422; -0.188113; -0.187892; -0.193073; -0.192826; -0.199923
16; 489483; 478113; -0.196504; -0.195923; -0.199194; -0.198552; -0.202155
16.2; 497998; 486234; -0.20183; -0.201103; -0.202352; -0.201585; -0.201761
16.4; 516201; 484405; -0.203686; -0.202685; -0.202019; -0.200962; -0.197741
16.6; 540527; 483500; -0.201541; -0.200433; -0.197569; -0.19638; -0.189483
16.8; 559257; 494232; -0.195761; -0.19431; -0.189557; -0.188074; -0.177739
17; 571838; 510909; -0.186609; -0.184947; -0.178619; -0.176911; -0.16375
17.2; 585697; 515170; -0.174553; -0.172791; -0.165168; -0.163362; -0.147974
17.4; 602130; 504525; -0.159968; -0.158088; -0.149483; -0.147562; -0.130435
17.6; 620035; 495248; -0.143301; -0.141334; -0.131961; -0.129964; -0.111498
17.8; 638902; 492404; -0.125087; -0.123194; -0.113178; -0.11124; -0.0918417
18; 655537; 490407; -0.106213; -0.104229; -0.0940951; -0.0920884; -0.0724322
18.2; 671178; 490400; -0.0873342; -0.0853795; -0.0754932; -0.0735357; -0.0543472
18.4; 684607; 489319; -0.0692929; -0.0673659; -0.0582789; -0.056356; -0.0385059
18.6; 692070; 483731; -0.0526774; -0.0508236; -0.0430351; -0.0411925; -0.0255478
18.8; 696238; 477507; -0.038086; -0.0362967; -0.030245; -0.0284642; -0.015676
19; 697017; 467283; -0.025813; -0.0242447; -0.0200394; -0.0184904; -0.00894072
19.2; 691862; 457508; -0.0163312; -0.0149892; -0.0127468; -0.0114286; -0.00530234
19.4; 677199; 451178; -0.00995528; -0.00891267; -0.00858076; -0.00756908; -0.00487786
19.6; 653801; 447450; -0.00708097; -0.0062019; -0.0079268; -0.00701105; -0.00780633
19.8; 626415; 445423; -0.00786507; -0.00706074; -0.0108192; -0.0100669; -0.0142577
20; 597464; 441689; -0.0122223; -0.0116515; -0.017329; -0.0167683; -0.0243241
20.2; 572187; 437755; -0.0200651; -0.0196629; -0.0272318; -0.0268834; -0.0377088
20.4; 554485; 433471; -0.0310151; -0.030799; -0.0400922; -0.0399509; -0.0537729
20.6; 544125; 430224; -0.044671; -0.0446351; -0.0553776; -0.0553755; -0.0717242
20.8; 536525; 428258; -0.0605706; -0.060659; -0.0724384; -0.0725892; -0.0907538
21; 528000; 425577; -0.0780311; -0.0783466; -0.0906293; -0.0909444; -0.110175
21.2; 516001; 424066; -0.0966061; -0.0969134; -0.109392; -0.109744; -0.129299
21.4; 500774; 427818; -0.115561; -0.115719; -0.128104; -0.128263; -0.147491
21.6; 486639; 433677; -0.134079; -0.134236; -0.145894; -0.146053; -0.164114
21.8; 478164; 438707; -0.151589; -0.151682; -0.162229; -0.16231; -0.178485
22; 476955; 440316; -0.167264; -0.167194; -0.176182; -0.176093; -0.189542
22.2; 479989; 442056; -0.180422; -0.180249; -0.187145; -0.186945; -0.196888
22.4; 481226; 454380; -0.190848; -0.190506; -0.195236; -0.194828; -0.201053
22.6; 483245; 466430; -0.198426; -0.197819; -0.200499; -0.199884; -0.202524
22.8; 495482; 472656; -0.202741; -0.20195; -0.202627; -0.201772; -0.200942
23; 514898; 470682; -0.203352; -0.202343; -0.200977; -0.199909; -0.195546
23.2; 535192; 473073; -0.200107; -0.198866; -0.195435; -0.194144; -0.186175
23.4; 550849; 487845; -0.193303; -0.191827; -0.186579; -0.185053; -0.17387
23.6; 562361; 497951; -0.183377; -0.181714; -0.175002; -0.17329; -0.159502
23.8; 576336; 497316; -0.170628; -0.168853; -0.160946; -0.159127; -0.143259
24; 593178; 486522; -0.15542; -0.153543; -0.144674; -0.142759; -0.12521
24.2; 611220; 481617; -0.138219; -0.136273; -0.126658; -0.124673; -0.105839
24.4; 627713; 479823; -0.119644; -0.117806; -0.107585; -0.105701; -0.0860452
24.6; 643570; 478697; -0.100704; -0.098724; -0.0885708; -0.0865717; -0.0668986
24.8; 657325; 476485; -0.0820146; -0.0800574; -0.0703177; -0.0683684; -0.0494099
25; 667522; 474277; -0.0642992; -0.0624504; -0.0536268; -0.0517739; -0.0344501
25.2; 674503; 469936; -0.0482505; -0.0464476; -0.0390936; -0.037308; -0.0224141
25.4; 677939; 460510; -0.0342587; -0.0326547; -0.0269912; -0.0254056; -0.0134659
25.6; 677201; 450885; -0.0227795; -0.021334; -0.0176226; -0.0161963; -0.00758182
25.8; 669945; 443512; -0.0141469; -0.0128782; -0.0111822; -0.00994028; -0.00477628
26; 653105; 438547; -0.00867915; -0.00770269; -0.00790328; -0.00696823; -0.005222
26.2; 629512; 436129; -0.00679519; -0.00596368; -0.00823313; -0.00735139; -0.00906777
26.4; 602731; 432058; -0.00861878; -0.00786377; -0.0121354; -0.0114621; -0.0165469
26.6; 575892; 428962; -0.0140137; -0.0135028; -0.0196933; -0.0192063; -0.0276647
26.8; 553134; 425671; -0.022791; -0.0224776; -0.030533; -0.0302493; -0.0419477
27; 538883; 422056; -0.0345841; -0.0344265; -0.0441609; -0.0440921; -0.0586911
27.2; 531943; 417964; -0.0489252; -0.0489435; -0.060026; -0.0600855; -0.0770354
27.4; 525352; 416194; -0.0653154; -0.0654587; -0.0774524; -0.077645; -0.0962155
27.6; 515749; 415121; -0.0830648; -0.0834553; -0.0957879; -0.0961655; -0.115565
27.8; 503370; 414586; -0.101828; -0.102094; -0.114573; -0.114907; -0.134427
28; 488629; 418986; -0.120705; -0.120926; -0.133093; -0.133301; -0.152247
28.2; 476375; 425664; -0.139079; -0.139203; -0.150612; -0.150728; -0.168345
28.4; 470363; 429593; -0.156171; -0.156252; -0.166396; -0.166464; -0.18196
28.6; 471492; 429647; -0.171207; -0.171121; -0.179551; -0.179446; -0.191976
28.8; 473850; 433872; -0.183603; -0.183395; -0.189675; -0.189425; -0.19832
29; 473485; 448817; -0.193181; -0.192876; -0.196895; -0.19656; -0.201704
29.2; 477498; 460367; -0.199969; -0.199303; -0.20144; -0.200712; -0.202383
29.4; 491072; 462188; -0.203335; -0.202495; -0.202571; -0.20167; -0.199817
29.6; 509997; 459744; -0.202887; -0.201829; -0.199828; -0.198737; -0.193294
29.8; 530037; 466406; -0.198515; -0.197406; -0.193239; -0.192047; -0.183026
30; 543018; 479747; -0.190867; -0.189288; -0.183628; -0.182006; -0.170034
30.2; 554851; 488281; -0.180003; -0.178307; -0.171236; -0.169497; -0.155094
30.4; 569176; 482865; -0.166458; -0.164653; -0.156474; -0.154629; -0.138284
30.6; 586346; 474157; -0.150669; -0.148777; -0.139695; -0.137764; -0.119847
30.8; 602252; 469627; -0.133072; -0.131168; -0.121349; -0.119407; -0.100301
31; 618861; 469151; -0.114396; -0.112521; -0.10225; -0.100328; -0.0805412
31.2; 633570; 468925; -0.0955312; -0.0934181; -0.0834169; -0.0812795; -0.0616717
31.4; 645603; 466670; -0.0770088; -0.0749875; -0.0654992; -0.0634625; -0.0448143
31.6; 655234; 462862; -0.0596672; -0.057692; -0.0493314; -0.0473503; -0.0306002
31.8; 661076; 457711; -0.0440434; -0.0422485; -0.0353669; -0.0335803; -0.0194377
32; 663193; 449350; -0.0306687; -0.0290923; -0.0239687; -0.0224326; -0.0113988
32.2; 661327; 438307; -0.0199428; -0.0185696; -0.0154028; -0.0140573; -0.00640632
32.4; 652133; 430884; -0.0122219; -0.0110808; -0.00987292; -0.00875105; -0.00452474
32.6; 633597; 428252; -0.00780558; -0.00687987; -0.00761317; -0.00672861; -0.00588713
32.8; 609658; 427133; -0.0069616; -0.00619253; -0.00896313; -0.00813317; -0.0107182
33; 583481; 424288; -0.00978563; -0.00912253; -0.0138747; -0.0132601; -0.0192097
33.2; 558472; 420621; -0.0161326; -0.0156581; -0.0223436; -0.0219536; -0.0312644
33.4; 538834; 415458; -0.0257209; -0.0254621; -0.034007; -0.033774; -0.0463228
33.6; 527256; 411625; -0.0382245; -0.0381442; -0.0482924; -0.0482693; -0.0636168
33.8; 521176; 409012; -0.0531911; -0.053237; -0.0646401; -0.0647668; -0.0822857
34; 514894; 408464; -0.0700431; -0.0702544; -0.082429; -0.0826503; -0.101586
34.2; 505740; 406866; -0.0881489; -0.0885689; -0.100927; -0.101375; -0.120867
34.4; 492971; 407598; -0.107099; -0.107308; -0.119797; -0.120026; -0.139476
34.6; 478934; 414171; -0.125877; -0.126077; -0.138038; -0.138262; -0.15686
34.8; 467883; 420364; -0.143942; -0.144096; -0.155161; -0.155282; -0.172361
35; 464385; 421924; -0.160534; -0.160568; -0.170291; -0.170314; -0.185071
35.2; 466900; 421541; -0.174844; -0.174722; -0.182592; -0.182455; -0.194042
35.4; 469062; 429234; -0.186459; -0.186218; -0.191925; -0.191606; -0.199522
35.6; 468896; 444884; -0.195292; -0.194891; -0.198411; -0.197975; -0.202206
35.8; 474986; 452450; -0.2012; -0.200495; -0.202097; -0.201322; -0.202084
36; 491695; 453072; -0.203568; -0.202624; -0.20219; -0.201225; -0.19844
36.2; 511544; 452223; -0.201989; -0.200912; -0.198301; -0.197199; -0.190755
36.4; 528580; 463495; -0.196655; -0.195423; -0.19078; -0.189485; -0.179549
36.6; 538991; 475865; -0.188144; -0.186513; -0.180417; -0.178768; -0.166017
36.8; 549740; 479762; -0.176546; -0.174884; -0.167438; -0.16567; -0.150668
37; 565079; 472757; -0.162396; -0.160554; -0.152117; -0.150216; -0.133388
37.2; 581366; 463216; -0.146024; -0.144107; -0.134814; -0.13286; -0.11457
37.4; 597986; 461453; -0.127939; -0.126119; -0.116068; -0.114189; -0.0947987
37.6; 613031; 462730; -0.109134; -0.107136; -0.0968879; -0.0949587; -0.0750983
37.8; 626199; 462620; -0.0901755; -0.0882322; -0.0781654; -0.0761871; -0.0566683
38; 636286; 459432; -0.0719563; -0.0700235; -0.0607249; -0.0586934; -0.0404294
38.2; 643830; 454157; -0.0551523; -0.0532145; -0.0451826; -0.0432546; -0.0270794
38.4; 648301; 447826; -0.0401242; -0.0384329; -0.031921; -0.0302575; -0.0168275
38.6; 650075; 438926; -0.0274167; -0.0259072; -0.0212857; -0.0197958; -0.0096384
38.8; 647879; 429252; -0.0174184; -0.0161205; -0.013491; -0.0122083; -0.00549738
39; 637217; 422046; -0.0105137; -0.0094444; -0.00877458; -0.00775339; -0.0044844
39.2; 617374; 420252; -0.00705716; -0.00617805; -0.0075236; -0.0066207; -0.0067997
39.4; 592568; 418990; -0.00725988; -0.00650244; -0.00985214; -0.00909769; -0.0126595
39.6; 566653; 415942; -0.0111358; -0.0105326; -0.0158396; -0.0152727; -0.0221936
39.8; 543778; 412567; -0.0184906; -0.0180915; -0.0252727; -0.0249498; -0.0351487
40; 527436; 409410; -0.0289447; -0.0287462; -0.037725; -0.0375693; -0.0508838
40.2; 518470; 406315; -0.0421432; -0.0421099; -0.0526181; -0.0526388; -0.0686143
40.4; 513461; 402243; -0.0576369; -0.0577291; -0.0693791; -0.0695474; -0.0875133
40.6; 506551; 401518; -0.074802; -0.0751328; -0.0873683; -0.0876869; -0.106851
40.8; 496409; 400068; -0.0932214; -0.0935703; -0.106019; -0.106454; -0.126028
41; 483776; 402223; -0.112208; -0.112421; -0.124858; -0.125041; -0.144401
41.2; 471409; 408857; -0.130891; -0.1311; -0.142845; -0.143086; -0.161356
41.4; 463072; 413961; -0.148682; -0.148814; -0.159563; -0.159677; -0.176222
41.6; 461726; 415507; -0.164757; -0.164737; -0.174026; -0.173975; -0.187971
41.8; 464847; 417062; -0.178301; -0.178192; -0.185429; -0.185306; -0.195871
42; 465861; 427285; -0.189151; -0.188861; -0.193956; -0.193601; -0.200477
42.2; 465626; 441773; -0.19718; -0.196659; -0.199676; -0.19913; -0.20241
42.4; 474993; 447081; -0.202088; -0.201337; -0.202391; -0.201584; -0.201406
42.6; 492677; 443774; -0.20335; -0.202427; -0.201411; -0.200419; -0.196709
42.8; 512391; 446268; -0.200733; -0.199692; -0.196483; -0.195388; -0.188006
43; 526449; 459120; -0.19463; -0.193228; -0.188237; -0.186786; -0.176105
43.2; 536659; 470885; -0.185265; -0.183656; -0.177128; -0.175465; -0.162024
43.4; 548949; 472345; -0.172996; -0.171254; -0.163496; -0.161709; -0.146115
43.6; 564099; 464203; -0.158179; -0.156324; -0.147586; -0.145691; -0.128361
43.8; 578772; 456530; -0.141226; -0.139305; -0.129786; -0.127831; -0.109163
44; 594745; 454780; -0.12274; -0.120939; -0.110741; -0.108885; -0.0892867
44.2; 609150; 454602; -0.103787; -0.101856; -0.0915905; -0.0896505; -0.0698156
44.4; 620373; 453668; -0.0849846; -0.0830693; -0.0731225; -0.0712038; -0.0519329
44.6; 630062; 450014; -0.0671123; -0.0652634; -0.0561418; -0.0543034; -0.0364672
44.8; 636861; 445352; -0.0507881; -0.0490277; -0.0412476; -0.0395031; -0.0239436
45; 639438; 438849; -0.0364237; -0.034831; -0.0287418; -0.027165; -0.0145298
45.2; 640563; 430291; -0.0244423; -0.0229837; -0.0188689; -0.0174388; -0.00814381
45.4; 636606; 421731; -0.0152112; -0.013991; -0.0118497; -0.0106566; -0.0048242
45.6; 622632; 415454; -0.00919656; -0.0081821; -0.00803355; -0.00706354; -0.00468791
45.8; 601285; 413548; -0.00667232; -0.00587742; -0.00768526; -0.00692728; -0.00796999
46; 576950; 411237; -0.0079295; -0.00717611; -0.0110964; -0.0103461; -0.0148242
46.2; 552226; 409222; -0.0127397; -0.0122379; -0.0180231; -0.0175627; -0.0253767
46.4; 531480; 405567; -0.0210217; -0.0206447; -0.0283716; -0.0280697; -0.0391747
46.6; 518363; 402580; -0.032249; -0.0321296; -0.0415325; -0.0414563; -0.0555444
46.8; 511657; 398684; -0.0461574; -0.046152; -0.0570274; -0.0570768; -0.0736722
47; 506587; 396483; -0.0621747; -0.0623163; -0.07418; -0.0743957; -0.0927593
47.2; 498664; 395778; -0.07968; -0.0801023; -0.0924081; -0.092757; -0.112129
47.4; 487637; 395068; -0.0983837; -0.0986348; -0.111117; -0.111575; -0.131133
47.6; 474848; 398162; -0.117283; -0.117573; -0.129829; -0.130033; -0.149179
47.8; 463831; 404732; -0.135861; -0.136021; -0.147534; -0.147798; -0.165657
48; 458413; 408642; -0.153244; -0.1534; -0.163764; -0.163883; -0.179827
48.2; 458887; 408676; -0.168677; -0.168679; -0.177439; -0.177353; -0.190492
48.4; 460005; 413048; -0.181547; -0.181438; -0.188021; -0.187943; -0.197474
48.6; 460138; 426321; -0.191706; -0.191307; -0.195894; -0.195384; -0.201295
48.8; 463056; 438980; -0.198821; -0.198359; -0.200697; -0.200222; -0.202476
49; 474836; 438924; -0.202847; -0.202032; -0.202522; -0.201643; -0.200476
49.2; 492539; 438722; -0.203055; -0.202104; -0.200427; -0.199426; -0.19463
49.4; 509547; 443850; -0.199455; -0.198337; -0.194557; -0.19338; -0.184953
49.6; 522270; 457460; -0.192406; -0.190943; -0.185469; -0.183951; -0.172401
49.8; 533022; 466797; -0.182184; -0.180557; -0.17362; -0.171956; -0.157849
50; 545872; 464056; -0.169159; -0.167387; -0.159323; -0.157513; -0.141378
50.2; 560503; 455134; -0.153671; -0.151814; -0.142821; -0.140925; -0.123178
50.4; 575802; 449260; -0.136228; -0.134318; -0.124598; -0.122647; -0.103664
50.6; 590275; 450394; -0.117545; -0.115696; -0.10544; -0.10355; -0.083812
50.8; 602593; 450055; -0.0985901; -0.0966391; -0.0864243; -0.0844506; -0.0646666
51; 613193; 448221; -0.0800618; -0.0780173; -0.0683661; -0.0663084; -0.0473359
51.2; 621772; 444801; -0.0625405; -0.060581; -0.0518828; -0.0499219; -0.0326267
51.4; 627734; 439484; -0.0466777; -0.0448494; -0.0375879; -0.0357594; -0.0209406
51.6; 631269; 432915; -0.0328576; -0.031234; -0.0256571; -0.0241658; -0.0123554
51.8; 631782; 421821; -0.0215584; -0.0201469; -0.0165747; -0.0151883; -0.0068139
52; 624633; 413921; -0.0131238; -0.0119356; -0.0103641; -0.00921263; -0.00433403
52.2; 609895; 409956; -0.00802162; -0.00695787; -0.00747245; -0.00645651; -0.00508949
52.4; 590638; 407495; -0.00640781; -0.00570105; -0.008091; -0.00732475; -0.00937162
52.6; 566041; 404562; -0.00875368; -0.00802236; -0.0125064; -0.0118769; -0.0173282
52.8; 540129; 402901; -0.0146126; -0.0141684; -0.0205255; -0.0201114; -0.0289169
53; 521412; 399611; -0.0238324; -0.0235428; -0.0317784; -0.0315151; -0.0435319
53.2; 512130; 396937; -0.0359019; -0.0358143; -0.0456261; -0.0456413; -0.0604501
53.4; 507011; 393952; -0.0504148; -0.0504686; -0.0616271; -0.0617202; -0.0788372
53.6; 501035; 393319; -0.0668518; -0.0670235; -0.0790734; -0.079291; -0.0979787
53.8; 492354; 393174; -0.0847188; -0.0849513; -0.0974507; -0.0977472; -0.117245
54; 480760; 393744; -0.103411; -0.1037; -0.116207; -0.116496; -0.136069
54.2; 467887; 397594; -0.122323; -0.122567; -0.134674; -0.134922; -0.153804
54.4; 458229; 402414; -0.140684; -0.140862; -0.152141; -0.152319; -0.169793
54.6; 454544; 406421; -0.157689; -0.157792; -0.167788; -0.167864; -0.183151
54.8; 456276; 406801; -0.172499; -0.172434; -0.18064; -0.180582; -0.192785
55; 458646; 413025; -0.184598; -0.184403; -0.190474; -0.19021; -0.198764
55.2; 459308; 428360; -0.19387; -0.193436; -0.19738; -0.196933; -0.201807
55.4; 464085; 436528; -0.200149; -0.199594; -0.201474; -0.200829; -0.202202
55.6; 476540; 435959; -0.20316; -0.202276; -0.202256; -0.20133; -0.199272
55.8; 494947; 434523; -0.202266; -0.201384; -0.199102; -0.198125; -0.192417
56; 511912; 443176; -0.197789; -0.196584; -0.192343; -0.191084; -0.181842
56.2; 523040; 458648; -0.189949; -0.188384; -0.182538; -0.180934; -0.168657
56.4; 533247; 464349; -0.178993; -0.177329; -0.170036; -0.168316; -0.15356
56.6; 546542; 458825; -0.165282; -0.16348; -0.155102; -0.153246; -0.136555
56.8; 561606; 450393; -0.149179; -0.147293; -0.138052; -0.136125; -0.117938
57; 576358; 447123; -0.131238; -0.129382; -0.119445; -0.117542; -0.0982692
57.2; 589260; 447010; -0.112365; -0.110479; -0.100229; -0.0983154; -0.0785411
57.4; 601689; 445377; -0.0934826; -0.0913937; -0.0814332; -0.0793191; -0.0597901
57.6; 612224; 443729; -0.075106; -0.0731234; -0.063664; -0.0616728; -0.0430969
57.8; 619871; 438601; -0.0580757; -0.0561349; -0.0478038; -0.0458614; -0.0291782
58; 625982; 434350; -0.0427601; -0.0410011; -0.0341391; -0.0323893; -0.0182948
58.2; 627884; 428373; -0.0296101; -0.0280412; -0.0229722; -0.021492; -0.0105418
58.4; 625870; 417935; -0.019031; -0.0177461; -0.0146411; -0.0133487; -0.00586628
58.6; 617332; 409015; -0.0115149; -0.010342; -0.00933607; -0.00822587; -0.00428215
58.8; 599644; 406075; -0.00722887; -0.00641366; -0.00727641; -0.00650239; -0.00600102
59; 576929; 404257; -0.0067457; -0.00600237; -0.00901539; -0.00818454; -0.011179
59.2; 552854; 402754; -0.00998299; -0.00934885; -0.0142894; -0.0137647; -0.0200782
59.4; 531386; 399380; -0.0167659; -0.0163315; -0.0231961; -0.0228235; -0.0324593
59.6; 515462; 395089; -0.0267418; -0.026544; -0.0351984; -0.0350028; -0.047785
59.8; 506417; 392625; -0.0395466; -0.0394716; -0.0497082; -0.0497267; -0.0652244
60; 501749; 389941; -0.0546347; -0.0547212; -0.0661759; -0.0663227; -0.0839624
60.2; 495785; 389682; -0.0715222; -0.0717666; -0.0839816; -0.0842187; -0.103246
60.4; 486887; 388398; -0.0896217; -0.0900736; -0.102514; -0.102858; -0.122477
60.6; 475318; 387467; -0.108595; -0.108783; -0.121302; -0.121543; -0.14103
60.8; 463265; 393858; -0.12735; -0.127579; -0.139501; -0.139745; -0.158318
61; 454068; 399871; -0.14536; -0.145573; -0.15651; -0.156702; -0.17365
61.2; 451676; 401612; -0.161887; -0.161901; -0.171476; -0.171529; -0.186045
61.4; 453583; 401866; -0.175885; -0.176001; -0.183473; -0.183506; -0.194699
61.6; 456313; 411553; -0.187446; -0.187094; -0.192673; -0.192286; -0.199876
61.8; 455156; 427213; -0.195931; -0.195525; -0.19884; -0.198416; -0.202308
62; 461282; 432834; -0.201408; -0.200779; -0.202134; -0.201433; -0.201876
62.2; 478897; 431319; -0.203396; -0.202492; -0.201862; -0.200908; -0.197831
62.4; 497374; 431806; -0.201466; -0.200525; -0.197632; -0.196603; -0.189839
62.6; 510739; 442896; -0.196014; -0.194747; -0.189973; -0.188633; -0.178438
62.8; 520526; 458639; -0.187288; -0.185679; -0.179407; -0.177759; -0.164727
63; 531327; 459995; -0.175498; -0.173798; -0.166193; -0.16445; -0.149155
63.2; 546190; 450773; -0.16108; -0.159262; -0.150641; -0.14878; -0.131663
63.4; 561283; 444039; -0.144437; -0.142544; -0.133111; -0.131183; -0.112677
63.6; 574271; 442521; -0.126145; -0.124347; -0.114221; -0.112364; -0.09287
63.8; 587611; 443470; -0.107269; -0.105278; -0.0950774; -0.0930662; -0.0732358
64; 599270; 441614; -0.0884246; -0.0863893; -0.0764557; -0.0743951; -0.0549742
64.2; 610024; 438087; -0.0703594; -0.0683841; -0.0591504; -0.0571641; -0.0389536
64.4; 616302; 435194; -0.0536803; -0.0518566; -0.0437972; -0.0419824; -0.0258698
64.6; 619720; 429393; -0.0388756; -0.0372716; -0.0307711; -0.0291905; -0.0158645
64.8; 621569; 420412; -0.0263942; -0.0248809; -0.0203809; -0.0188937; -0.0089045
65; 618741; 411033; -0.0165596; -0.0153028; -0.0127619; -0.011544; -0.0050067
65.2; 606902; 403911; -0.00988348; -0.00885131; -0.00832426; -0.00732336; -0.00431475
65.4; 587932; 403223; -0.00667856; -0.00585177; -0.00733139; -0.00651641; -0.00697714
65.6; 565659; 400995; -0.00725946; -0.00653364; -0.0100641; -0.00932731; -0.0132015
65.8; 542346; 397933; -0.011515; -0.0109914; -0.0164128; -0.0159234; -0.0231126
66; 521648; 395190; -0.0192567; -0.0188519; -0.0262061; -0.0258863; -0.0363474
66.2; 508220; 392479; -0.0299658; -0.0298224; -0.0388835; -0.0387911; -0.0523056
66.4; 501893; 388828; -0.0433792; -0.0433572; -0.0539765; -0.0539954; -0.0701595
66.6; 497282; 386581; -0.0589683; -0.0590915; -0.0707969; -0.0710081; -0.089102
66.8; 490585; 385635; -0.0762645; -0.0764881; -0.0888802; -0.0891384; -0.108443
67; 481148; 385252; -0.0947139; -0.0949704; -0.107585; -0.107866; -0.127583
67.2; 469037; 388294; -0.113657; -0.113925; -0.126274; -0.12657; -0.145883
67.4; 457724; 393379; -0.132344; -0.132586; -0.144274; -0.144501; -0.162702
67.6; 451068; 397858; -0.150107; -0.150249; -0.160878; -0.161023; -0.177396
67.8; 451218; 399285; -0.165959; -0.165994; -0.175065; -0.175056; -0.188757
68; 454335; 401514; -0.179301; -0.179167; -0.186236; -0.186069; -0.196325
68.2; 453967; 414044; -0.189871; -0.189585; -0.19448; -0.194155; -0.200734
68.4; 454885; 426647; -0.197621; -0.197162; -0.199984; -0.199446; -0.202456
68.6; 464937; 429122; -0.202289; -0.201525; -0.202428; -0.201631; -0.2012
68.8; 482407; 426925; -0.203239; -0.202296; -0.201123; -0.20012; -0.196139
69; 500642; 431122; -0.200323; -0.199311; -0.195946; -0.19474; -0.187085
69.2; 513864; 446628; -0.193939; -0.192586; -0.187348; -0.185961; -0.174925
69.4; 521468; 456555; -0.184387; -0.182765; -0.176091; -0.174373; -0.160658
69.6; 532930; 455421; -0.171872; -0.170141; -0.162219; -0.160427; -0.144545
69.8; 547033; 445608; -0.156821; -0.15497; -0.146106; -0.14423; -0.126692
70; 560605; 439311; -0.139689; -0.137764; -0.128178; -0.12623; -0.107442
70.2; 575100; 440992; -0.12108; -0.119294; -0.109059; -0.10725; -0.087595
70.4; 588358; 439671; -0.102163; -0.100129; -0.0899977; -0.0879293; -0.068158
70.6; 600167; 437219; -0.0834419; -0.0814106; -0.0716198; -0.0695695; -0.0503873
70.8; 608753; 434294; -0.0657077; -0.0637399; -0.0547948; -0.0528244; -0.0351116
71; 614527; 430939; -0.0495269; -0.0476926; -0.0400631; -0.0382433; -0.0228068
71.2; 616626; 425718; -0.0352983; -0.0336989; -0.0277158; -0.0261527; -0.0136714
71.4; 617235; 415734; -0.0234866; -0.0221285; -0.0180639; -0.0167217; -0.0076114
71.6; 612475; 404959; -0.0145503; -0.0133384; -0.0113456; -0.0101792; -0.00458375
71.8; 598657; 400798; -0.00875746; -0.00781589; -0.007771; -0.0068807; -0.00475645
72; 578106; 400542; -0.00651846; -0.00574681; -0.00775495; -0.00693814; -0.00829153
72.2; 555709; 397907; -0.008076; -0.00734818; -0.0113839; -0.0107356; -0.0154527
72.4; 533147; 395101; -0.0131983; -0.01273; -0.0186668; -0.0182084; -0.0262929
72.6; 514311; 392037; -0.0217588; -0.0214327; -0.0292748; -0.0290077; -0.040348
72.8; 503158; 389310; -0.0332711; -0.0331544; -0.0426697; -0.0426447; -0.0569353
73; 497998; 386198; -0.0473556; -0.047387; -0.0583583; -0.0584182; -0.0752042
73.2; 493702; 383321; -0.0635106; -0.0636675; -0.0756099; -0.075843; -0.0943552
73.4; 486128; 383355; -0.0811831; -0.081423; -0.09391; -0.094199; -0.113682
73.6; 475394; 385405; -0.0997993; -0.100081; -0.112654; -0.112943; -0.132619
73.8; 463441; 388850; -0.118712; -0.11897; -0.131179; -0.131455; -0.150529
74; 452941; 392899; -0.137201; -0.13743; -0.148845; -0.14907; -0.166823
74.2; 447511; 396913; -0.154557; -0.154659; -0.164943; -0.165016; -0.180761
74.4; 449516; 398070; -0.169795; -0.16977; -0.178365; -0.178328; -0.191197
74.6; 453065; 401788; -0.182413; -0.182244; -0.188755; -0.18854; -0.197847
74.8; 453140; 415902; -0.192237; -0.191865; -0.196227; -0.195813; -0.201419
75; 455468; 426540; -0.199126; -0.198551; -0.200881; -0.200253; -0.202348
75.2; 467720; 427030; -0.2028; -0.201989; -0.202366; -0.201495; -0.200157
75.4; 485754; 425801; -0.202733; -0.201761; -0.200009; -0.199004; -0.194069
75.6; 503338; 432430; -0.198805; -0.197805; -0.1938; -0.192723; -0.184087
75.8; 513991; 447336; -0.191589; -0.190197; -0.184563; -0.183013; -0.171248
76; 522684; 455115; -0.181282; -0.179643; -0.172559; -0.170862; -0.156464
76.2; 534605; 450845; -0.168113; -0.166337; -0.158101; -0.156298; -0.139855
76.4; 547809; 442293; -0.15244; -0.15057; -0.141459; -0.139561; -0.121599
76.6; 562171; 440627; -0.134805; -0.132918; -0.123151; -0.121178; -0.102127
76.8; 576363; 439578; -0.115986; -0.114136; -0.103962; -0.101962; -0.082294
77; 589218; 435812; -0.0970082; -0.0950133; -0.0849258; -0.0828583; -0.0632049
77.2; 600385; 435359; -0.0784906; -0.0765005; -0.0668635; -0.0648687; -0.0459921
77.4; 607399; 434155; -0.0611675; -0.0592221; -0.0505958; -0.0486467; -0.0314716
77.6; 612477; 428111; -0.0454962; -0.0437237; -0.0364895; -0.0347169; -0.0199936
77.8; 614655; 421810; -0.0319344; -0.030356; -0.0248285; -0.0233623; -0.0116516
78; 613114; 412040; -0.0208132; -0.01948; -0.0159605; -0.0146281; -0.0064103
78.2; 606807; 403068; -0.0126148; -0.0114928; -0.010016; -0.00893601; -0.0042747
78.4; 592208; 398407; -0.00771817; -0.00677561; -0.00734683; -0.00646376; -0.00533207
78.6; 570944; 396915; -0.00643486; -0.00572883; -0.00830536; -0.0075256; -0.00986405
78.8; 547699; 395561; -0.00903705; -0.00834149; -0.0129551; -0.0123532; -0.0180574
79; 525847; 393433; -0.0151509; -0.0147385; -0.0212014; -0.0208112; -0.0298141
79.2; 509431; 390252; -0.0246186; -0.0243572; -0.0326638; -0.0324468; -0.0446087
79.4; 499756; 388064; -0.0368935; -0.0368204; -0.0467089; -0.0467325; -0.0616666
79.6; 494740; 385701; -0.0515614; -0.0516329; -0.062862; -0.0629673; -0.0802196
79.8; 489954; 382977; -0.0681125; -0.0682999; -0.0804034; -0.0806535; -0.0994551
80; 482436; 381529; -0.0860527; -0.0863044; -0.0988566; -0.0991619; -0.118765
80.2; 470861; 384402; -0.104783; -0.105077; -0.117609; -0.117903; -0.137526
80.4; 458600; 388486; -0.123684; -0.123935; -0.136015; -0.13627; -0.155127
80.6; 449767; 393027; -0.141971; -0.142176; -0.153349; -0.153557; -0.170885
80.8; 447279; 396093; -0.15888; -0.158966; -0.168842; -0.168897; -0.183967
81; 450337; 396647; -0.173479; -0.173411; -0.181451; -0.181376; -0.193296
81.2; 451245; 404698; -0.185323; -0.185172; -0.191018; -0.190807; -0.199059
81.4; 451276; 419003; -0.194433; -0.193996; -0.197802; -0.197311; -0.201941
81.6; 456743; 426924; -0.200511; -0.199878; -0.201669; -0.200989; -0.202138
81.8; 470710; 424763; -0.20318; -0.202353; -0.20215; -0.201246; -0.198958
82; 488199; 424924; -0.202077; -0.201044; -0.19874; -0.197649; -0.191742
82.2; 504742; 435631; -0.197159; -0.196119; -0.191579; -0.190447; -0.180894
82.4; 514932; 449213; -0.189125; -0.187637; -0.181612; -0.180024; -0.16752
82.6; 524444; 452895; -0.178008; -0.17633; -0.168946; -0.16721; -0.152274
82.8; 536429; 445777; -0.164129; -0.162337; -0.153863; -0.152037; -0.135187
83; 549806; 438651; -0.147893; -0.146001; -0.136706; -0.134783; -0.116491
83.2; 563308; 438871; -0.129833; -0.127977; -0.117987; -0.116109; -0.0967538
83.4; 576725; 437969; -0.110894; -0.10901; -0.0987423; -0.0967928; -0.0769665
83.6; 589724; 434196; -0.0919984; -0.0899492; -0.0799399; -0.0778636; -0.0582923
83.8; 599368; 433002; -0.0737058; -0.0717197; -0.062289; -0.0603012; -0.0417672
84; 605404; 430676; -0.0567888; -0.0548587; -0.0465899; -0.0446609; -0.0280778
84.2; 608959; 426038; -0.0416347; -0.0399121; -0.0331305; -0.0314291; -0.0174922
84.4; 611581; 417420; -0.0286606; -0.0271812; -0.0221667; -0.020749; -0.00997103
84.6; 610122; 405803; -0.0182934; -0.0169869; -0.0140277; -0.0127503; -0.00547681
84.8; 600401; 399337; -0.0109007; -0.00987726; -0.0089047; -0.00789113; -0.00415606
85; 582759; 397440; -0.0070013; -0.00613683; -0.00719027; -0.00639258; -0.00613534
85.2; 561208; 395804; -0.00680574; -0.00608093; -0.00918682; -0.00845831; -0.0116627
85.4; 538778; 393620; -0.0103691; -0.00976235; -0.0148584; -0.0142902; -0.0208584
85.6; 518293; 390799; -0.0174241; -0.0170319; -0.0239793; -0.0236849; -0.0335153
85.8; 504373; 387428; -0.0276468; -0.0274309; -0.0362179; -0.0360347; -0.0490184
86; 497682; 384579; -0.0405658; -0.0405465; -0.0508564; -0.0508939; -0.0665615
86.2; 493028; 380913; -0.0557671; -0.0558583; -0.0673987; -0.0675636; -0.085345
86.4; 486791; 379838; -0.0727369; -0.0729884; -0.0852679; -0.085526; -0.104677
86.6; 477880; 379152; -0.0909012; -0.0913746; -0.103867; -0.104197; -0.123904
86.8; 466949; 380721; -0.109909; -0.110095; -0.122575; -0.122909; -0.142373
87; 455828; 385563; -0.128608; -0.129015; -0.14078; -0.141076; -0.159579
87.2; 448327; 390048; -0.14674; -0.146867; -0.157761; -0.157957; -0.174751
87.4; 446863; 392517; -0.16306; -0.163131; -0.172556; -0.172592; -0.186911
87.6; 450936; 393835; -0.176922; -0.176829; -0.184335; -0.184169; -0.195175
87.8; 451224; 405024; -0.188052; -0.187743; -0.193087; -0.192814; -0.200099
88; 451028; 418956; -0.196286; -0.195896; -0.199123; -0.198599; -0.202333
88.2; 457426; 422855; -0.201571; -0.200839; -0.202146; -0.201431; -0.201714
88.4; 475116; 420599; -0.203265; -0.202345; -0.201628; -0.200649; -0.19742
88.6; 493358; 424068; -0.201067; -0.200072; -0.197071; -0.196073; -0.189094
88.8; 505604; 436220; -0.195321; -0.194139; -0.189244; -0.187801; -0.177445
89; 514180; 447719; -0.186445; -0.184888; -0.178444; -0.176835; -0.163578
89.2; 525513; 448146; -0.174556; -0.172858; -0.165139; -0.163388; -0.147886
89.4; 538789; 439668; -0.160014; -0.158191; -0.149485; -0.14762; -0.130354
89.6; 551336; 436812; -0.143202; -0.141308; -0.13183; -0.129901; -0.111305
89.8; 565525; 436331; -0.124773; -0.122997; -0.112828; -0.111002; -0.0914563
90; 580109; 432616; -0.105825; -0.103855; -0.0936362; -0.0916361; -0.0717961
90.2; 590988; 430026; -0.0870227; -0.0849789; -0.0750745; -0.0730106; -0.0536163
90.4; 598711; 429368; -0.0690239; -0.067082; -0.0578818; -0.0559342; -0.0378165
90.6; 604571; 427461; -0.0525258; -0.0506454; -0.0427375; -0.0408649; -0.0249223
90.8; 608573; 421422; -0.0379218; -0.0362529; -0.0299341; -0.0282825; -0.015153
91; 609905; 410320; -0.0256182; -0.0241869; -0.0197192; -0.0183279; -0.00848371
91.2; 606178; 401461; -0.0160454; -0.0148196; -0.0123756; -0.0111875; -0.00483596
91.4; 594624; 397389; -0.00957999; -0.00849074; -0.00816709; -0.00710663; -0.0043392
91.6; 575741; 396035; -0.00648142; -0.00578672; -0.00724615; -0.00661331; -0.00720908
91.8; 553950; 392703; -0.00737252; -0.00659129; -0.0103053; -0.00953938; -0.0136444
92; 531794; 389165; -0.0117842; -0.0113106; -0.0168205; -0.0163983; -0.0237957
92.2; 512302; 386900; -0.0197828; -0.0193913; -0.0268903; -0.0265721; -0.0372819
92.4; 499283; 385163; -0.0307454; -0.0306413; -0.0398139; -0.0397506; -0.0534863
92.6; 492947; 381754; -0.0444137; -0.0443914; -0.0551235; -0.0551624; -0.0715131
92.8; 489766; 378585; -0.0601571; -0.0602997; -0.072085; -0.0722989; -0.0905459
93; 483673; 376784; -0.0775597; -0.0777858; -0.090221; -0.0904804; -0.109857
93.2; 474314; 378936; -0.0960034; -0.0963218; -0.108871; -0.10923; -0.128918
93.4; 462369; 381779; -0.114922; -0.115201; -0.127523; -0.127815; -0.147087
93.6; 451811; 385820; -0.133583; -0.133778; -0.14546; -0.145643; -0.163791
93.8; 446085; 389914; -0.151194; -0.151347; -0.16189; -0.162035; -0.178272
94; 446019; 391795; -0.166933; -0.166967; -0.175919; -0.175929; -0.189445
94.2; 448681; 394643; -0.180099; -0.179991; -0.186908; -0.18675; -0.19679
94.4; 449296; 407583; -0.19048; -0.190233; -0.194939; -0.194652; -0.200972
94.6; 450138; 419113; -0.19806; -0.197553; -0.200255; -0.199666; -0.202429
94.8; 458812; 421885; -0.202366; -0.201803; -0.20231; -0.201716; -0.200881
95; 474359; 420467; -0.203203; -0.202187; -0.200876; -0.199813; -0.195508
95.2; 494188; 426287; -0.199937; -0.198999; -0.195319; -0.19432; -0.186285
95.4; 508193; 439331; -0.193293; -0.192063; -0.186646; -0.185198; -0.173943
95.6; 516303; 448353; -0.183549; -0.181899; -0.175117; -0.173448; -0.159541
95.8; 526087; 444717; -0.170802; -0.169079; -0.16109; -0.159307; -0.143334
96; 539845; 437833; -0.155586; -0.153731; -0.144834; -0.142929; -0.125315
96.2; 552714; 433399; -0.138367; -0.136464; -0.126816; -0.124878; -0.106003
96.4; 565647; 433585; -0.119865; -0.11786; -0.107684; -0.105867; -0.0861193
96.6; 579481; 432653; -0.100833; -0.0988392; -0.088637; -0.086599; -0.0667486
96.8; 589980; 431290; -0.0821592; -0.0801735; -0.0702438; -0.0684023; -0.0490775
97; 596079; 429641; -0.0644282; -0.0625997; -0.0535783; -0.0516852; -0.0339806
97.2; 601704; 425350; -0.0483109; -0.0465583; -0.0389315; -0.0371915; -0.0218515
97.4; 604251; 416157; -0.0342151; -0.0326621; -0.0267604; -0.0252129; -0.0129002
97.6; 602983; 406326; -0.0226269; -0.0212452; -0.0173241; -0.0160042; -0.0071046
97.8; 598832; 398923; -0.0138697; -0.0126751; -0.0108432; -0.00966159; -0.00433754
98; 587148; 395422; -0.00829934; -0.00736708; -0.00748653; -0.00661953; -0.00476539
98.2; 568564; 392344; -0.00638565; -0.00558922; -0.0077633; -0.00699213; -0.00860385
98.4; 546201; 389849; -0.008186; -0.00750759; -0.0116797; -0.0110567; -0.0160391
98.6; 524522; 389221; -0.0136199; -0.0131201; -0.0192026; -0.0187926; -0.0270871
98.8; 506055; 385665; -0.0224015; -0.0221331; -0.0300683; -0.0298163; -0.0413583
99; 494614; 382380; -0.0341717; -0.034061; -0.0437052; -0.0436595; -0.0581646
99.2; 488744; 378938; -0.0484466; -0.0484646; -0.0595237; -0.0596183; -0.0765551
99.4; 486014; 377468; -0.0646749; -0.064872; -0.0768631; -0.0770956; -0.095727
99.6; 480015; 376934; -0.0824071; -0.0826499; -0.0951711; -0.0954628; -0.115006
99.8; 470670; 378360; -0.10104; -0.10132; -0.11389; -0.114201; -0.133876
100; 458579; 380601; -0.119916; -0.120234; -0.132378; -0.132692; -0.151725
100.2; 448103; 384229; -0.138372; -0.138718; -0.149998; -0.150328; -0.167995
100.4; 444348; 389164; -0.155723; -0.155781; -0.166029; -0.166096; -0.181738
100.6; 445835; 390220; -0.170699; -0.170889; -0.179159; -0.17931; -0.191915
100.8; 448297; 395707; -0.183259; -0.183085; -0.189414; -0.189243; -0.198281
101; 446458; 411517; -0.192867; -0.192592; -0.196713; -0.196338; -0.201656
101.2; 449587; 420630; -0.199615; -0.199029; -0.201173; -0.200558; -0.202341
101.4; 462171; 418958; -0.203003; -0.202188; -0.202381; -0.20151; -0.199856
101.6; 480197; 417165; -0.202571; -0.201612; -0.199634; -0.198688; -0.193415
101.8; 496441; 424370; -0.198419; -0.197322; -0.193266; -0.192035; -0.183166
102; 506568; 439884; -0.190873; -0.189525; -0.183688; -0.182248; -0.170229
102.2; 515470; 447218; -0.180415; -0.178724; -0.171626; -0.169862; -0.155367
102.4; 527509; 441964; -0.167059; -0.165297; -0.157009; -0.155211; -0.138713
102.6; 542273; 433944; -0.151281; -0.149397; -0.140246; -0.138347; -0.120291
102.8; 556103; 431512; -0.133551; -0.131671; -0.121806; -0.119901; -0.100705
103; 569801; 431680; -0.114658; -0.112902; -0.102533; -0.100701; -0.080846
103.2; 581731; 429441; -0.0957377; -0.0936801; -0.0836101; -0.0815201; -0.0618123
103.4; 590475; 426692; -0.0772014; -0.0752253; -0.065602; -0.0636232; -0.0447752
103.6; 596829; 425111; -0.0599562; -0.0579933; -0.0494587; -0.0475079; -0.0304539
103.8; 601457; 421283; -0.044335; -0.0426875; -0.0354585; -0.0338223; -0.0192572
104; 603874; 412005; -0.0309582; -0.0294932; -0.0240492; -0.0226111; -0.0111354
104.2; 602274; 402824; -0.0201367; -0.0188169; -0.0154028; -0.0141272; -0.00610733
104.4; 595085; 396834; -0.0122086; -0.0110879; -0.00973349; -0.00865166; -0.00418244
104.6; 580683; 393220; -0.00751417; -0.00665493; -0.00727139; -0.00645686; -0.00548127
104.8; 560285; 390223; -0.00650816; -0.00582006; -0.00846344; -0.0077731; -0.0102571
105; 536876; 388123; -0.00932237; -0.00863403; -0.0133707; -0.0127661; -0.0186667
105.2; 515909; 386622; -0.0156033; -0.015234; -0.0217997; -0.0214355; -0.0306506
105.4; 501232; 383773; -0.0252511; -0.0249896; -0.0334454; -0.0332432; -0.0456494
105.6; 492844; 379788; -0.0377122; -0.0376562; -0.0476904; -0.0477256; -0.0629283
105.8; 488460; 376210; -0.0525762; -0.0526545; -0.0640162; -0.064117; -0.0815873
106; 483756; 375153; -0.0693174; -0.0695171; -0.0816837; -0.0819595; -0.100891
106.2; 476275; 376022; -0.0873552; -0.0876183; -0.100188; -0.100497; -0.120133
106.4; 466577; 376917; -0.106107; -0.106415; -0.118911; -0.119215; -0.138792
106.6; 454377; 381185; -0.124953; -0.125202; -0.137221; -0.137481; -0.156242
106.8; 445017; 387165; -0.143141; -0.143334; -0.154444; -0.154631; -0.171847
107; 442210; 389271; -0.159882; -0.160001; -0.169757; -0.169832; -0.184733
107.2; 445848; 389844; -0.174331; -0.174247; -0.182189; -0.182101; -0.193854
107.4; 449199; 397814; -0.186023; -0.185819; -0.191583; -0.191316; -0.199371
107.6; 448707; 413276; -0.19492; -0.194474; -0.19814; -0.197657; -0.202058
107.8; 453145; 419980; -0.20074; -0.200154; -0.201761; -0.20112; -0.202026
108; 468026; 415996; -0.20324; -0.202334; -0.202043; -0.201068; -0.198538
108.2; 486836; 418794; -0.201795; -0.200855; -0.198257; -0.19732; -0.191059
108.4; 501319; 429960; -0.196687; -0.195628; -0.191007; -0.189753; -0.180015
108.6; 509614; 442569; -0.1885; -0.186899; -0.180826; -0.1792; -0.166507
108.8; 519030; 444823; -0.177134; -0.175485; -0.167965; -0.166254; -0.151129
109; 531904; 438043; -0.163084; -0.161311; -0.152734; -0.150907; -0.133892
109.2; 545501; 433025; -0.146692; -0.144816; -0.135435; -0.133519; -0.115094
109.4; 558905; 431710; -0.128603; -0.126657; -0.116707; -0.114737; -0.095328
109.6; 571941; 430932; -0.109647; -0.107659; -0.0974594; -0.0954511; -0.0756118
109.8; 583842; 428314; -0.0907018; -0.0886995; -0.0786571; -0.0766376; -0.0570722
110; 593178; 428046; -0.0724644; -0.0705718; -0.0610937; -0.0592168; -0.0407137
110.2; 599519; 425194; -0.0555996; -0.0538104; -0.0454883; -0.0436905; -0.0271873
110.4; 602433; 418651; -0.0406296; -0.0388865; -0.0322209; -0.0304919; -0.0167197
110.6; 602457; 409852; -0.027775; -0.026348; -0.0214153; -0.0200355; -0.00943368
110.8; 600438; 400637; -0.0176432; -0.0164092; -0.0135289; -0.0123112; -0.00523683
111; 591398; 394418; -0.0105345; -0.00944711; -0.00867003; -0.0076397; -0.00415186
111.2; 574674; 391543; -0.00680227; -0.00600153; -0.00716283; -0.00640974; -0.00638731
111.4; 553446; 389316; -0.00685056; -0.00617817; -0.00942615; -0.00869422; -0.0121652
111.6; 531064; 387820; -0.0106669; -0.0100583; -0.0152801; -0.0147898; -0.0215868
111.8; 511808; 385527; -0.0179184; -0.017546; -0.0246601; -0.0243279; -0.0344349
112; 498510; 382399; -0.0283419; -0.0281748; -0.0370574; -0.0369059; -0.0500977
112.2; 491123; 379403; -0.0415027; -0.041462; -0.0518689; -0.0519357; -0.0677604
112.4; 486812; 376748; -0.0568546; -0.0569851; -0.0685601; -0.0687307; -0.0865953
112.6; 481777; 375576; -0.073964; -0.074193; -0.0865089; -0.086774; -0.105965
112.8; 473102; 375409; -0.0922672; -0.0925173; -0.105131; -0.105446; -0.125165
113; 461030; 378619; -0.111113; -0.111417; -0.123841; -0.124129; -0.143588
113.2; 449995; 383124; -0.129886; -0.130117; -0.141958; -0.142187; -0.160635
113.4; 443763; 386772; -0.147799; -0.147953; -0.158771; -0.158922; -0.175621
113.6; 443773; 389996; -0.16397; -0.164022; -0.173347; -0.173356; -0.187483
113.8; 446558; 392085; -0.177692; -0.177581; -0.184934; -0.184812; -0.19557
114; 447335; 402076; -0.188629; -0.188392; -0.193568; -0.193259; -0.20032
114.2; 447758; 414638; -0.196794; -0.196305; -0.199423; -0.198901; -0.202374
114.4; 456907; 418501; -0.201851; -0.201138; -0.202273; -0.201503; -0.20149
114.6; 472717; 417698; -0.203291; -0.202392; -0.201475; -0.200511; -0.196985
114.8; 490165; 421184; -0.200803; -0.199863; -0.19668; -0.195673; -0.188438
115; 503405; 433850; -0.194824; -0.193614; -0.188616; -0.187159; -0.176609
115.2; 511501; 443266; -0.185732; -0.184147; -0.177627; -0.176013; -0.162607
115.4; 521851; 442731; -0.173636; -0.171931; -0.164148; -0.162393; -0.146769
115.6; 534965; 436513; -0.1589; -0.157083; -0.148317; -0.14645; -0.129086
115.8; 548161; 431884; -0.141994; -0.140101; -0.13057; -0.128642; -0.109963
116; 561951; 429735; -0.123626; -0.121649; -0.111531; -0.109712; -0.0900651
116.2; 574649; 429838; -0.104609; -0.102617; -0.0924164; -0.0903622; -0.0705016
116.4; 585510; 427934; -0.0857975; -0.083778; -0.073867; -0.071828; -0.0524506
116.6; 594844; 425088; -0.067877; -0.0659106; -0.0567824; -0.0548102; -0.0367813
116.8; 600358; 421562; -0.0514672; -0.0496215; -0.0417545; -0.0399504; -0.0241285
117; 602983; 415393; -0.036936; -0.0354207; -0.0291071; -0.0275654; -0.014615
117.2; 602989; 406517; -0.0248357; -0.0234403; -0.019105; -0.0177478; -0.00814626
117.4; 599487; 397632; -0.0154867; -0.014272; -0.0119803; -0.0108104; -0.00471338
117.6; 588467; 391313; -0.00925879; -0.0082374; -0.00797868; -0.00700547; -0.00442542
117.8; 569941; 391326; -0.00644746; -0.00568636; -0.00739018; -0.00661791; -0.0074998
118; 548526; 388645; -0.00749489; -0.00676449; -0.0105728; -0.00988101; -0.0142043
118.2; 525682; 385217; -0.0121632; -0.0116892; -0.0173766; -0.016927; -0.0246048
118.4; 506970; 383739; -0.0203628; -0.0200053; -0.0276311; -0.0273503; -0.0383221
118.6; 496153; 380198; -0.0315597; -0.031441; -0.0407504; -0.0406905; -0.054631
118.8; 490845; 376956; -0.0453857; -0.0453972; -0.0561973; -0.0562513; -0.0727486
119; 486941; 374459; -0.0612796; -0.0614281; -0.0732637; -0.073486; -0.0918258
119.2; 480025; 374366; -0.0787575; -0.0789816; -0.0914494; -0.0917107; -0.111138
119.4; 470594; 375553; -0.0972277; -0.0975223; -0.110106; -0.110428; -0.13013
119.6; 459255; 377775; -0.116112; -0.116401; -0.128684; -0.12898; -0.148203
119.8; 448166; 382240; -0.134723; -0.134921; -0.146541; -0.146724; -0.16477
120; 441961; 387624; -0.152237; -0.152401; -0.162851; -0.162995; -0.179088
