0.004; 5.59814; 2043.52; -2.55017e-06; -1.98447e-06; -5.77397e-06; -6.6741e-06; -1.14003e-05
0.2; 29336.5; 119200; -0.00818545; -0.00992858; -0.0107093; -0.013136; -0.015408
0.4; 148614; 569368; -0.0524289; -0.0551624; -0.0699485; -0.0728174; -0.0993346
0.6; 331005; 627960; -0.100922; -0.102112; -0.13378; -0.136087; -0.18945
0.8; 458419; 405062; -0.121484; -0.126315; -0.160993; -0.163938; -0.225231
1; 577277; 216792; -0.124175; -0.125828; -0.15299; -0.156721; -0.203706
1.2; 734962; 267930; -0.116603; -0.119603; -0.128859; -0.129499; -0.147554
1.4; 805747; 354254; -0.112666; -0.111172; -0.104183; -0.102334; -0.0884788
1.6; 773528; 421223; -0.113715; -0.112532; -0.0918155; -0.0890384; -0.0525001
1.8; 634672; 573502; -0.123164; -0.120436; -0.0944757; -0.0913658; -0.0443707
2; 520546; 659370; -0.129025; -0.125989; -0.0998737; -0.0967457; -0.0488112
2.2; 606018; 665356; -0.116237; -0.113923; -0.0887277; -0.0863581; -0.0404642
2.4; 791863; 695339; -0.0848478; -0.0819928; -0.0603341; -0.0574556; -0.0167287
2.6; 845145; 752001; -0.0519626; -0.0486319; -0.0357524; -0.0327444; -0.00705059
2.8; 777669; 756036; -0.0363535; -0.0343416; -0.0344705; -0.0337855; -0.0313087
3; 671441; 685759; -0.0424497; -0.0423143; -0.0577744; -0.0578573; -0.0819536
3.2; 597625; 457565; -0.0596882; -0.0608384; -0.0873004; -0.0897034; -0.133611
3.4; 566059; 285689; -0.0775881; -0.079483; -0.11291; -0.114796; -0.170892
3.6; 579253; 252828; -0.0938161; -0.0958461; -0.127809; -0.13012; -0.184842
3.8; 667594; 282289; -0.106214; -0.108865; -0.131736; -0.134367; -0.175041
4; 761428; 369879; -0.113532; -0.1163; -0.127541; -0.129228; -0.15084
4.2; 840323; 484238; -0.117356; -0.11793; -0.119606; -0.118829; -0.121758
4.4; 865250; 499337; -0.12056; -0.1192; -0.110682; -0.108979; -0.0925956
4.6; 821825; 518829; -0.124192; -0.122238; -0.103282; -0.100773; -0.0661403
4.8; 724357; 568270; -0.126294; -0.123399; -0.0968847; -0.0937887; -0.0453577
5; 647684; 666074; -0.120405; -0.117248; -0.0880476; -0.0847161; -0.031599
5.2; 664130; 802545; -0.100429; -0.0973457; -0.070762; -0.067503; -0.0188361
5.4; 737206; 891719; -0.0708529; -0.0677137; -0.0483714; -0.045603; -0.00905365
5.6; 750993; 912943; -0.0471325; -0.0445926; -0.03791; -0.0357999; -0.0208358
5.8; 679407; 779996; -0.0386466; -0.0375595; -0.0465929; -0.0465871; -0.0592867
6; 612988; 495082; -0.0463823; -0.0467622; -0.0694238; -0.0707178; -0.107587
6.2; 585655; 236637; -0.0660739; -0.0671168; -0.0975676; -0.0995939; -0.150158
6.4; 596890; 241810; -0.0873824; -0.0900837; -0.120711; -0.123632; -0.176371
6.6; 643477; 286473; -0.10462; -0.108476; -0.133587; -0.136596; -0.181515
6.8; 719059; 348453; -0.115715; -0.118662; -0.135125; -0.137877; -0.168028
7; 784513; 493732; -0.117409; -0.119379; -0.127604; -0.127426; -0.142658
7.2; 840365; 503464; -0.116489; -0.116519; -0.115269; -0.114141; -0.111647
7.4; 841578; 455770; -0.118324; -0.116814; -0.104863; -0.102581; -0.0804738
7.6; 779150; 495241; -0.123554; -0.120888; -0.098426; -0.09545; -0.0543264
7.8; 684375; 591035; -0.126492; -0.123349; -0.0943034; -0.0909365; -0.0379213
8; 643371; 741051; -0.116237; -0.113775; -0.083309; -0.0807378; -0.0259801
8.2; 696433; 872702; -0.0893661; -0.0859065; -0.061919; -0.0585234; -0.0135406
8.4; 737798; 909154; -0.0573304; -0.0543744; -0.0406521; -0.0383642; -0.011565
8.6; 703806; 832835; -0.0389401; -0.0369229; -0.0377747; -0.0364138; -0.0346152
8.8; 641587; 591848; -0.0398327; -0.0395594; -0.0549867; -0.0554231; -0.0793658
9; 580501; 321961; -0.0553555; -0.0561068; -0.0830291; -0.0849227; -0.129468
9.2; 568741; 243456; -0.0762253; -0.0781021; -0.109605; -0.113953; -0.168002
9.4; 604525; 274119; -0.0951903; -0.0975136; -0.128427; -0.130493; -0.183467
9.6; 675712; 294144; -0.1087; -0.111896; -0.134983; -0.136046; -0.176701
9.8; 783601; 400385; -0.11653; -0.119321; -0.131219; -0.133039; -0.155371
10; 849684; 482697; -0.118473; -0.119374; -0.122255; -0.121908; -0.127278
10.2; 840870; 462877; -0.119495; -0.118666; -0.111883; -0.110245; -0.09742
10.4; 803515; 478847; -0.122394; -0.12035; -0.103195; -0.100487; -0.0690109
10.6; 728403; 522184; -0.125918; -0.123051; -0.0971815; -0.0940685; -0.0468209
10.8; 662223; 631597; -0.122882; -0.119774; -0.0898218; -0.086632; -0.0321384
11; 666367; 778003; -0.104567; -0.101652; -0.0734158; -0.0705152; -0.0190683
11.2; 725231; 860860; -0.0745484; -0.0711264; -0.0509259; -0.047935; -0.00943718
11.4; 717418; 868922; -0.0477385; -0.045224; -0.0374744; -0.0356123; -0.0192237
11.6; 657615; 739414; -0.0373004; -0.0362641; -0.0437895; -0.0433831; -0.0536074
11.8; 591866; 475356; -0.0449168; -0.0449048; -0.0660589; -0.0676311; -0.101634
12; 551883; 256330; -0.0636535; -0.0651127; -0.0953551; -0.0978092; -0.148671
12.2; 565694; 233009; -0.0854648; -0.0872946; -0.119902; -0.123178; -0.17889
12.4; 634213; 283253; -0.102361; -0.105694; -0.132978; -0.136366; -0.184764
12.6; 734803; 322332; -0.113973; -0.117433; -0.134999; -0.137916; -0.170449
12.8; 816061; 460318; -0.118343; -0.120112; -0.128467; -0.128719; -0.144063
13; 850795; 491389; -0.118342; -0.11906; -0.117391; -0.116182; -0.113358
13.2; 835612; 460572; -0.120408; -0.118682; -0.107081; -0.104844; -0.0830207
13.4; 769028; 484426; -0.124206; -0.12185; -0.0997635; -0.0969866; -0.0568031
13.6; 672760; 566149; -0.126494; -0.123302; -0.0946985; -0.0913729; -0.0389755
13.8; 633530; 698352; -0.11711; -0.114249; -0.0838737; -0.0810442; -0.026
14; 686428; 819916; -0.0918771; -0.0886147; -0.0633834; -0.0601397; -0.0133171
14.2; 728387; 870635; -0.0604729; -0.0574119; -0.0421971; -0.0394543; -0.0098572
14.4; 697855; 821460; -0.0401755; -0.0380908; -0.0371338; -0.0358907; -0.0311201
14.6; 626909; 617235; -0.0383441; -0.0381634; -0.0522489; -0.0528312; -0.0747887
14.8; 569035; 343762; -0.0525452; -0.0529709; -0.079725; -0.0811903; -0.125056
15; 548593; 212039; -0.0740466; -0.0755776; -0.108448; -0.110543; -0.165833
15.2; 584497; 268684; -0.0938567; -0.096898; -0.128018; -0.13056; -0.184689
15.4; 682482; 276004; -0.108504; -0.112087; -0.135312; -0.138419; -0.180365
15.6; 777387; 404865; -0.116707; -0.119658; -0.13291; -0.134886; -0.159687
15.8; 837387; 490932; -0.118194; -0.119736; -0.124008; -0.122979; -0.130973
16; 858960; 459083; -0.119263; -0.118388; -0.112625; -0.11107; -0.099997
16.2; 816962; 457382; -0.122115; -0.120214; -0.103573; -0.101009; -0.0704816
16.4; 728328; 509545; -0.126422; -0.123695; -0.0977189; -0.0947493; -0.0473839
16.6; 652295; 619404; -0.124769; -0.121455; -0.0911189; -0.0877438; -0.0322779
16.8; 649541; 767216; -0.107445; -0.104794; -0.0754033; -0.0727821; -0.0196285
17; 698744; 845775; -0.0774663; -0.0740388; -0.0527689; -0.0496693; -0.00931067
17.2; 714454; 858716; -0.0487289; -0.0464176; -0.0367312; -0.0351031; -0.0157026
17.4; 663319; 729761; -0.0369046; -0.0354886; -0.0416764; -0.0410178; -0.048707
17.6; 587070; 480360; -0.0431254; -0.043289; -0.0638759; -0.0647464; -0.0978476
17.8; 548503; 257214; -0.0619798; -0.0631713; -0.0934078; -0.0957511; -0.14638
18; 561196; 225792; -0.0838053; -0.0858007; -0.118682; -0.122104; -0.178487
18.2; 632688; 266634; -0.101076; -0.104474; -0.132807; -0.135961; -0.186099
18.4; 737749; 319942; -0.112983; -0.116537; -0.135499; -0.137918; -0.172687
18.6; 814648; 453459; -0.118248; -0.119654; -0.128981; -0.130111; -0.147096
18.8; 855365; 482214; -0.119034; -0.11879; -0.118856; -0.117495; -0.116747
19; 841798; 448007; -0.120708; -0.119284; -0.108497; -0.106499; -0.0863724
19.2; 776957; 474879; -0.124697; -0.122373; -0.100786; -0.0983807; -0.0591777
19.4; 687633; 544048; -0.127248; -0.124412; -0.0955154; -0.0923149; -0.0396397
19.6; 638695; 682118; -0.119061; -0.116247; -0.0851509; -0.0822311; -0.0259904
19.8; 666830; 808682; -0.0949034; -0.0917403; -0.0653646; -0.0623339; -0.0136599
20; 708813; 857943; -0.0630119; -0.059928; -0.0433762; -0.0406888; -0.00879267
20.2; 690165; 814883; -0.0408219; -0.0388971; -0.0359322; -0.034923; -0.0270866
20.4; 618794; 625355; -0.0375722; -0.0369158; -0.050036; -0.0500465; -0.0698315
20.6; 553520; 354383; -0.0504712; -0.051231; -0.0771472; -0.0786709; -0.121517
20.8; 543499; 212507; -0.0720761; -0.0735144; -0.105804; -0.109676; -0.164562
21; 584725; 255985; -0.0921362; -0.0951679; -0.126809; -0.130255; -0.185637
21.2; 680499; 271053; -0.107133; -0.110853; -0.135468; -0.138255; -0.182544
21.4; 780174; 384400; -0.116379; -0.118937; -0.133427; -0.135476; -0.162021
21.6; 840824; 480530; -0.118295; -0.120044; -0.125049; -0.124096; -0.133575
21.8; 854872; 456761; -0.119555; -0.11897; -0.113849; -0.112515; -0.102826
22; 815424; 449638; -0.122545; -0.120845; -0.104913; -0.102519; -0.0733515
22.2; 735540; 497529; -0.126805; -0.124132; -0.0985459; -0.0957421; -0.0491387
22.4; 657270; 593789; -0.125717; -0.122449; -0.091905; -0.088576; -0.0326845
22.6; 639956; 748894; -0.110043; -0.106786; -0.076858; -0.0742539; -0.019561
22.8; 687989; 833371; -0.0801811; -0.0770927; -0.0544941; -0.0513262; -0.00903858
23; 712331; 845576; -0.0509831; -0.0482698; -0.0375334; -0.035415; -0.0137768
23.2; 661498; 741706; -0.0368502; -0.0357559; -0.0397506; -0.0398694; -0.0444451
23.4; 582397; 500126; -0.0415655; -0.0414247; -0.061123; -0.0618498; -0.0931921
23.6; 539276; 267461; -0.0596298; -0.060714; -0.0908305; -0.0929871; -0.143393
23.8; 558460; 217475; -0.0818159; -0.0836121; -0.117418; -0.120224; -0.177785
24; 615874; 263621; -0.0996306; -0.102944; -0.132548; -0.135359; -0.187487
24.2; 726182; 302193; -0.112223; -0.115781; -0.135842; -0.13868; -0.175522
24.4; 823699; 440946; -0.118222; -0.120227; -0.130547; -0.131334; -0.150343
24.6; 864543; 478117; -0.119447; -0.11967; -0.120361; -0.119194; -0.11994
24.8; 852239; 449836; -0.121183; -0.119915; -0.109916; -0.107954; -0.0892578
25; 794278; 459160; -0.124625; -0.122848; -0.101719; -0.099121; -0.0610349
25.2; 703708; 531245; -0.127569; -0.124645; -0.0958198; -0.092749; -0.0400701
25.4; 641777; 669846; -0.120403; -0.117582; -0.0859929; -0.0830955; -0.0260119
25.6; 654775; 792564; -0.0976854; -0.0944607; -0.0672844; -0.0642242; -0.0141315
25.8; 697360; 847131; -0.0658613; -0.0628405; -0.0450302; -0.0423323; -0.00834561
26; 692038; 809539; -0.0421905; -0.040047; -0.0357258; -0.0344227; -0.0240247
26.2; 622712; 642550; -0.0365948; -0.0360472; -0.0475421; -0.0477341; -0.0650575
26.4; 551159; 371512; -0.0483871; -0.0486897; -0.0740012; -0.0755587; -0.117071
26.6; 540268; 213859; -0.0694218; -0.071386; -0.104207; -0.106479; -0.162194
26.8; 587038; 236635; -0.0902603; -0.0938652; -0.125767; -0.129761; -0.186287
27; 672369; 261368; -0.106228; -0.110016; -0.135831; -0.138774; -0.185218
27.2; 786589; 366859; -0.116195; -0.119016; -0.134707; -0.13676; -0.165548
27.4; 849728; 473772; -0.118976; -0.12044; -0.126528; -0.125878; -0.137013
27.6; 865508; 454666; -0.119719; -0.119619; -0.11521; -0.113842; -0.105699
27.8; 835462; 443783; -0.122631; -0.120841; -0.105771; -0.103421; -0.0755979
28; 753156; 481173; -0.126785; -0.124183; -0.099103; -0.0962163; -0.0504809
28.2; 669463; 578291; -0.126413; -0.123431; -0.0926803; -0.0894301; -0.0333744
28.4; 647985; 724200; -0.111949; -0.109367; -0.0784339; -0.0760188; -0.0203021
28.6; 689910; 814695; -0.083573; -0.0800478; -0.056692; -0.0534271; -0.00938184
28.8; 713638; 828672; -0.0530157; -0.0505465; -0.0380787; -0.0360197; -0.0117073
29; 670225; 742356; -0.0372702; -0.0360211; -0.0387665; -0.038083; -0.0402658
29.2; 585338; 511518; -0.0402373; -0.0399991; -0.0585919; -0.0591876; -0.0885533
29.4; 537061; 277571; -0.0572076; -0.0583921; -0.0882613; -0.0899359; -0.139913
29.6; 556195; 213337; -0.0798365; -0.0815132; -0.115314; -0.118859; -0.17658
29.8; 620963; 255122; -0.0988021; -0.101178; -0.131822; -0.135273; -0.188632
30; 726331; 290240; -0.111463; -0.115183; -0.136383; -0.139302; -0.178203
30.2; 817683; 428232; -0.118078; -0.120473; -0.131564; -0.132786; -0.153483
30.4; 870474; 477921; -0.119559; -0.120238; -0.121578; -0.120836; -0.123307
30.6; 864575; 443571; -0.121455; -0.12007; -0.110938; -0.109406; -0.0921539
30.8; 809190; 451952; -0.124737; -0.122932; -0.102445; -0.100204; -0.0632208
31; 716760; 513834; -0.127868; -0.125095; -0.0963405; -0.0935132; -0.0411754
31.2; 649500; 649607; -0.121774; -0.119129; -0.087051; -0.0841435; -0.0262898
31.4; 647369; 778538; -0.100563; -0.0971412; -0.0690652; -0.0661613; -0.0143561
31.6; 696168; 832273; -0.0687529; -0.0658693; -0.0467163; -0.0440146; -0.0079045
31.8; 698640; 806268; -0.0437216; -0.0413977; -0.0354477; -0.0342642; -0.0210599
32; 630191; 653877; -0.0360809; -0.0353044; -0.045281; -0.0456732; -0.0603935
32.2; 551036; 390497; -0.046272; -0.0465641; -0.0712637; -0.0722109; -0.112474
32.4; 535166; 216557; -0.0674302; -0.0687854; -0.101277; -0.104474; -0.159527
32.6; 576958; 239048; -0.0888255; -0.0916651; -0.124499; -0.128487; -0.185959
32.8; 662044; 257497; -0.105008; -0.108859; -0.136524; -0.137886; -0.186969
33; 777212; 358708; -0.116; -0.118504; -0.136322; -0.136953; -0.168558
33.2; 855835; 471798; -0.11979; -0.120545; -0.127989; -0.127506; -0.140314
33.4; 881185; 460476; -0.120626; -0.119908; -0.116802; -0.115355; -0.108868
33.6; 847656; 437838; -0.122754; -0.121276; -0.106924; -0.104611; -0.078263
33.8; 771421; 476820; -0.126827; -0.12427; -0.0996464; -0.0969171; -0.0520199
34; 678746; 568204; -0.126926; -0.124319; -0.0932864; -0.0901183; -0.0338815
34.2; 639582; 717248; -0.114353; -0.111062; -0.0802049; -0.0770797; -0.0205293
34.4; 667963; 814024; -0.0862832; -0.0834388; -0.0583244; -0.0559611; -0.00985955
34.6; 699846; 826901; -0.0553692; -0.0524561; -0.0390838; -0.0366183; -0.0102262
34.8; 664601; 757005; -0.0375166; -0.0358162; -0.0369976; -0.0365225; -0.0358903
35; 582437; 536878; -0.0385483; -0.0384261; -0.0553698; -0.0562267; -0.0830605
35.2; 528503; 288783; -0.0552314; -0.0560251; -0.0855017; -0.0869777; -0.135897
35.4; 542868; 202530; -0.077916; -0.0796255; -0.113839; -0.117178; -0.175698
35.6; 604091; 251492; -0.0967293; -0.100468; -0.131283; -0.135126; -0.190082
35.8; 721713; 286015; -0.110735; -0.114053; -0.136827; -0.139526; -0.180586
36; 826729; 416818; -0.118246; -0.120282; -0.133072; -0.133165; -0.156034
36.2; 872660; 476144; -0.119685; -0.120902; -0.122601; -0.121949; -0.125477
36.4; 862465; 446289; -0.121492; -0.120768; -0.112142; -0.110269; -0.0942773
36.6; 805511; 446777; -0.124887; -0.122869; -0.103199; -0.100999; -0.0652454
36.8; 720184; 504201; -0.127995; -0.125338; -0.0970822; -0.0940999; -0.0426102
37; 650984; 632421; -0.12287; -0.120207; -0.0882254; -0.0851164; -0.0273546
37.2; 648713; 764171; -0.102638; -0.0995051; -0.0705949; -0.0677914; -0.0148108
37.4; 689144; 818039; -0.0713186; -0.0684075; -0.0481918; -0.0454113; -0.00739055
37.6; 692405; 808364; -0.0450758; -0.0427655; -0.0356357; -0.0340069; -0.0187795
37.8; 628740; 666052; -0.0359085; -0.0349533; -0.0435937; -0.0439535; -0.0563331
38; 549398; 415831; -0.0446848; -0.0449496; -0.0683396; -0.0700372; -0.108339
38.2; 525915; 211344; -0.0654578; -0.0665959; -0.0996578; -0.101597; -0.156999
38.4; 564215; 229883; -0.0873785; -0.0896964; -0.124151; -0.1265; -0.18576
38.6; 663640; 249006; -0.103791; -0.107756; -0.135389; -0.138512; -0.188279
38.8; 769810; 344040; -0.115142; -0.117996; -0.135729; -0.13807; -0.170394
39; 844778; 471365; -0.118939; -0.120821; -0.128655; -0.127964; -0.142308
39.2; 878294; 461654; -0.120666; -0.119947; -0.117403; -0.116478; -0.111081
39.4; 850478; 431490; -0.122757; -0.121677; -0.107889; -0.105716; -0.0806372
39.6; 771650; 464982; -0.126967; -0.124604; -0.100363; -0.0978311; -0.0537762
39.8; 680026; 550059; -0.127479; -0.124718; -0.0938976; -0.0907261; -0.0346815
40; 641297; 702535; -0.115637; -0.112739; -0.0811703; -0.07821; -0.0208921
40.2; 666604; 806881; -0.0887673; -0.0857849; -0.0603029; -0.0571217; -0.00995262
40.4; 702879; 825489; -0.0577309; -0.0546691; -0.0397929; -0.0380914; -0.00937205
40.6; 670659; 762023; -0.0383708; -0.0369933; -0.0368414; -0.035998; -0.0332842
40.8; 588488; 551858; -0.0380402; -0.037702; -0.0536911; -0.0545348; -0.0795782
41; 528789; 292778; -0.0530251; -0.0540181; -0.0823864; -0.0848882; -0.132591
41.2; 550746; 191394; -0.0758036; -0.0773413; -0.11138; -0.115442; -0.173746
41.4; 606930; 247765; -0.0960358; -0.0984515; -0.131445; -0.133582; -0.190516
41.6; 710359; 270774; -0.110286; -0.113056; -0.138075; -0.13893; -0.182694
41.8; 830719; 406304; -0.117771; -0.120542; -0.133351; -0.134806; -0.158754
42; 886213; 473113; -0.119653; -0.120875; -0.123436; -0.123105; -0.128239
42.2; 877176; 437646; -0.121156; -0.120811; -0.11284; -0.111307; -0.096846
42.4; 820767; 436857; -0.124846; -0.12273; -0.10416; -0.101628; -0.0674278
42.6; 736963; 491314; -0.128055; -0.125781; -0.0975974; -0.0950451; -0.0442106
42.8; 663050; 614907; -0.124321; -0.121241; -0.0894115; -0.0862835; -0.0283205
43; 653337; 747197; -0.105003; -0.101929; -0.0724321; -0.0694177; -0.0153967
43.2; 696258; 807683; -0.0740144; -0.0708064; -0.0496521; -0.0468647; -0.00700722
43.4; 703232; 803842; -0.0464246; -0.0443156; -0.0356623; -0.0340618; -0.0164987
43.6; 638695; 667244; -0.0358878; -0.0347921; -0.0421325; -0.0423965; -0.0524857
43.8; 553128; 425671; -0.0431176; -0.0435104; -0.0656924; -0.0676676; -0.104166
44; 527052; 214116; -0.0633728; -0.0643412; -0.0966417; -0.0996526; -0.154048
44.2; 562366; 215959; -0.085613; -0.0879368; -0.122526; -0.125286; -0.184907
44.4; 660198; 243350; -0.102607; -0.10663; -0.135628; -0.137814; -0.189608
44.6; 776120; 334689; -0.1148; -0.117428; -0.136528; -0.138843; -0.173265
44.8; 856176; 459498; -0.119165; -0.121014; -0.12963; -0.129682; -0.145589
45; 889028; 453139; -0.120572; -0.120659; -0.118814; -0.117664; -0.114062
45.2; 860902; 426754; -0.123075; -0.121564; -0.108849; -0.106763; -0.0830861
45.4; 789589; 458563; -0.126623; -0.124748; -0.100939; -0.0983688; -0.0554612
45.6; 694522; 535128; -0.127979; -0.125169; -0.0943792; -0.091402; -0.035371
45.8; 640997; 687681; -0.117339; -0.114568; -0.0823667; -0.0795435; -0.0212931
46; 655903; 788272; -0.0916376; -0.0884929; -0.0621714; -0.0590925; -0.0104033
46.2; 692770; 815475; -0.0600937; -0.0568999; -0.0412211; -0.0389048; -0.00849476
46.4; 677763; 762151; -0.0390152; -0.03762; -0.0360422; -0.0350463; -0.0298552
46.6; 598817; 567912; -0.036887; -0.0367977; -0.0512954; -0.0522877; -0.0751751
46.8; 531925; 300658; -0.0514004; -0.0517267; -0.0804294; -0.0814403; -0.128606
47; 536940; 200683; -0.0737352; -0.0753818; -0.110249; -0.112439; -0.1716
47.2; 595486; 240721; -0.0941909; -0.0970361; -0.129579; -0.133501; -0.190664
47.4; 710708; 269402; -0.108849; -0.112672; -0.137249; -0.140185; -0.184851
47.6; 823053; 395831; -0.118041; -0.120001; -0.134321; -0.135803; -0.161565
47.8; 885195; 466276; -0.120093; -0.121332; -0.125157; -0.124111; -0.131071
48; 883121; 441312; -0.121606; -0.121066; -0.113892; -0.112512; -0.0993194
48.2; 829954; 435437; -0.124748; -0.122851; -0.104811; -0.102378; -0.0692647
48.4; 738772; 485991; -0.128234; -0.125659; -0.0981061; -0.0954043; -0.0453125
48.6; 660758; 596350; -0.125164; -0.122005; -0.0901842; -0.0869588; -0.0289088
48.8; 652538; 740628; -0.107097; -0.103988; -0.0738786; -0.0710535; -0.0159562
49; 687518; 801395; -0.0766291; -0.0736694; -0.0516; -0.0487079; -0.00747875
49.2; 704766; 802833; -0.0483408; -0.0458771; -0.0357047; -0.0348515; -0.0147767
49.4; 643997; 682895; -0.0358738; -0.0350244; -0.0411099; -0.0405189; -0.0484757
49.6; 560895; 444260; -0.0419454; -0.041994; -0.0637785; -0.0645389; -0.0996496
49.8; 528237; 235077; -0.0610172; -0.0623488; -0.0943036; -0.0968369; -0.150843
50; 555610; 208447; -0.0837459; -0.0856375; -0.120417; -0.124233; -0.184231
50.2; 640556; 245909; -0.101265; -0.10493; -0.13453; -0.13804; -0.191033
50.4; 764993; 320102; -0.114131; -0.116779; -0.137634; -0.138667; -0.175554
50.6; 853961; 446284; -0.120429; -0.120434; -0.131024; -0.130548; -0.147989
50.8; 890113; 463320; -0.120951; -0.121401; -0.120023; -0.118914; -0.116355
51; 865878; 434414; -0.122409; -0.122725; -0.109745; -0.107814; -0.0853541
51.2; 799941; 452878; -0.126812; -0.124474; -0.101581; -0.0990322; -0.0572177
51.4; 701027; 522805; -0.127908; -0.125486; -0.0948908; -0.0919454; -0.0365799
51.6; 645750; 667933; -0.118496; -0.115826; -0.0834102; -0.080676; -0.0221968
51.8; 661451; 777672; -0.0939482; -0.0908694; -0.0638879; -0.0606426; -0.0107562
52; 699838; 810409; -0.0624941; -0.0592634; -0.0423618; -0.0401761; -0.00773801
52.2; 681527; 762876; -0.0402122; -0.0384182; -0.0357898; -0.0344089; -0.0270643
52.4; 599526; 590065; -0.0363141; -0.0358489; -0.0491147; -0.0501502; -0.0707262
52.6; 533522; 325082; -0.0493186; -0.0499577; -0.0766585; -0.0795026; -0.124244
52.8; 536633; 181953; -0.071668; -0.0734599; -0.107413; -0.11118; -0.169471
53; 585415; 239142; -0.0934131; -0.0951168; -0.130063; -0.131652; -0.191128
53.2; 686784; 261384; -0.108822; -0.110853; -0.138168; -0.139535; -0.186775
53.4; 816073; 380603; -0.117206; -0.120362; -0.134685; -0.137117; -0.164219
53.6; 894559; 468315; -0.120177; -0.121367; -0.125526; -0.125674; -0.133614
53.8; 891935; 444792; -0.121769; -0.120823; -0.11474; -0.113296; -0.101494
54; 840803; 429581; -0.12436; -0.12301; -0.105396; -0.103151; -0.0712869
54.2; 746844; 471407; -0.128225; -0.125666; -0.098456; -0.0960013; -0.0465481
54.4; 664688; 587495; -0.125769; -0.123108; -0.0909682; -0.0879023; -0.0297179
54.6; 642118; 732356; -0.109056; -0.105901; -0.0753006; -0.0725584; -0.0166086
54.8; 676300; 793994; -0.0789514; -0.0760471; -0.0529822; -0.0501198; -0.007256
55; 699016; 797961; -0.0499565; -0.0473187; -0.036275; -0.0347831; -0.0128306
55.2; 642319; 695115; -0.036078; -0.0348258; -0.039628; -0.0392043; -0.0448043
55.4; 553793; 464714; -0.0405859; -0.0406138; -0.0611144; -0.0621908; -0.0952397
55.6; 516985; 237330; -0.0593556; -0.0603429; -0.0923513; -0.0939577; -0.147463
55.8; 548767; 209396; -0.0822792; -0.0843391; -0.119168; -0.123028; -0.183269
56; 636035; 237791; -0.100427; -0.103997; -0.134339; -0.138024; -0.192265
56.2; 761879; 302367; -0.11339; -0.116428; -0.137589; -0.139782; -0.177932
56.4; 850103; 436457; -0.119308; -0.120894; -0.131782; -0.13119; -0.150419
56.6; 891713; 466260; -0.120624; -0.121092; -0.120474; -0.119636; -0.11851
56.8; 868919; 421328; -0.123037; -0.121636; -0.110379; -0.108337; -0.0871913
57; 798421; 441216; -0.126479; -0.124702; -0.102094; -0.0996741; -0.0588785
57.2; 702018; 514503; -0.128597; -0.125769; -0.0955897; -0.0927433; -0.0377301
57.4; 643512; 657096; -0.119839; -0.117241; -0.0847266; -0.0817789; -0.0231181
57.6; 655973; 763092; -0.0961415; -0.0929413; -0.0654128; -0.0621476; -0.0112025
57.8; 697267; 801166; -0.0644625; -0.0612773; -0.0432195; -0.0413227; -0.00709083
58; 687943; 761748; -0.0409297; -0.0393975; -0.0351846; -0.0341321; -0.0245285
58.2; 602549; 595530; -0.0358738; -0.0354542; -0.047631; -0.0483627; -0.0670819
58.4; 527652; 344188; -0.0481262; -0.0484024; -0.0755413; -0.0762957; -0.120684
58.6; 524049; 195088; -0.0700367; -0.0717723; -0.105672; -0.109025; -0.167028
58.8; 576849; 226191; -0.0917256; -0.0939359; -0.127873; -0.131648; -0.190604
59; 688197; 250294; -0.107418; -0.110239; -0.138345; -0.139025; -0.187961
59.2; 814719; 377499; -0.11675; -0.119663; -0.13557; -0.136971; -0.166156
59.4; 888305; 466933; -0.120181; -0.121224; -0.126041; -0.126742; -0.135845
59.6; 889664; 440377; -0.121837; -0.121143; -0.115816; -0.114269; -0.1039
59.8; 842934; 429528; -0.12449; -0.123203; -0.10617; -0.104311; -0.0735987
60; 753586; 467378; -0.128381; -0.125789; -0.0992405; -0.0965725; -0.0481885
60.2; 666750; 574891; -0.126285; -0.123959; -0.0916858; -0.0886058; -0.0304572
60.4; 645409; 723387; -0.110788; -0.1077; -0.0764679; -0.0739213; -0.0170509
60.6; 673521; 784775; -0.0816834; -0.0784613; -0.0547914; -0.0518453; -0.00760117
60.8; 700166; 801071; -0.0516448; -0.049395; -0.0368114; -0.0357356; -0.0117868
61; 646778; 706094; -0.0365144; -0.035227; -0.0387996; -0.0382372; -0.0417531
61.2; 560594; 475409; -0.0396657; -0.0395577; -0.0592609; -0.0598917; -0.0913227
61.4; 516048; 257991; -0.0571768; -0.0584806; -0.0896648; -0.0914646; -0.143959
61.6; 537594; 203815; -0.0801365; -0.0821585; -0.117112; -0.120965; -0.181411
61.8; 622778; 238963; -0.0997854; -0.101506; -0.134191; -0.136343; -0.192411
62; 745545; 299608; -0.112882; -0.115557; -0.138721; -0.13929; -0.179876
62.2; 845465; 431714; -0.119171; -0.121742; -0.132386; -0.13316; -0.153264
62.4; 895026; 465837; -0.121286; -0.121511; -0.121883; -0.121049; -0.121376
62.6; 876413; 427458; -0.123124; -0.121776; -0.111121; -0.109422; -0.0894425
62.8; 809570; 442543; -0.126162; -0.124423; -0.1025; -0.100124; -0.0605322
63; 708586; 507856; -0.128453; -0.125854; -0.09584; -0.0932894; -0.0388947
63.2; 644325; 640516; -0.121071; -0.118526; -0.0859554; -0.082894; -0.0241273
63.4; 649356; 754026; -0.0985897; -0.0955121; -0.0673295; -0.0640033; -0.0120291
63.6; 692219; 799714; -0.0670456; -0.0640458; -0.0448325; -0.0429505; -0.00693566
63.8; 681508; 764276; -0.0423904; -0.0405673; -0.0348655; -0.0343239; -0.0222305
64; 603279; 612553; -0.0355949; -0.0351602; -0.0463823; -0.0464085; -0.0633248
64.2; 532481; 355959; -0.0465408; -0.0467393; -0.0729831; -0.0738577; -0.116712
64.4; 523105; 195678; -0.0680794; -0.0696723; -0.103585; -0.106712; -0.164511
64.6; 574471; 220278; -0.0901927; -0.0921709; -0.126696; -0.130487; -0.19029
64.8; 694375; 248475; -0.106347; -0.10932; -0.137469; -0.139585; -0.18922
65; 801019; 361403; -0.116364; -0.11935; -0.136813; -0.13695; -0.168339
65.2; 879246; 468595; -0.120572; -0.120737; -0.127435; -0.127138; -0.138375
65.4; 892971; 437050; -0.121683; -0.120777; -0.11647; -0.114863; -0.106018
65.6; 846403; 420407; -0.124203; -0.122794; -0.106796; -0.104636; -0.0754162
65.8; 759111; 465611; -0.128128; -0.125686; -0.0996; -0.0970536; -0.0496902
66; 670033; 555662; -0.127106; -0.124424; -0.092582; -0.0894999; -0.0316987
66.2; 645358; 708840; -0.112758; -0.10965; -0.0783362; -0.0753995; -0.0181527
66.4; 676248; 785256; -0.0835354; -0.0811006; -0.0562724; -0.0533396; -0.0078346
66.6; 703578; 785584; -0.0535067; -0.0505594; -0.0374332; -0.0357806; -0.0101248
66.8; 651938; 714957; -0.0368532; -0.0354798; -0.0378208; -0.0370083; -0.0383335
67; 559179; 498260; -0.0389751; -0.038708; -0.0573399; -0.0580002; -0.0875503
67.2; 511469; 266241; -0.0558602; -0.0570271; -0.0877071; -0.089438; -0.140998
67.4; 537045; 196403; -0.0789193; -0.0805574; -0.115831; -0.119469; -0.179948
67.6; 615090; 236497; -0.0983269; -0.100701; -0.133073; -0.136423; -0.19289
67.8; 738602; 285562; -0.111529; -0.114848; -0.138542; -0.139198; -0.181333
68; 853117; 419270; -0.118937; -0.120862; -0.132831; -0.133395; -0.155071
68.2; 903344; 461584; -0.121229; -0.121203; -0.122563; -0.12175; -0.123525
68.4; 883927; 429401; -0.123121; -0.121755; -0.112033; -0.110322; -0.0919691
68.6; 819670; 434986; -0.126169; -0.124519; -0.103381; -0.100981; -0.0627701
68.8; 723628; 493290; -0.12878; -0.126018; -0.096675; -0.0938312; -0.0403067
69; 656949; 633475; -0.122304; -0.119302; -0.0868351; -0.0838551; -0.0248831
69.2; 656157; 745206; -0.100353; -0.0975178; -0.0685026; -0.0655373; -0.0124865
69.4; 693347; 784012; -0.0691839; -0.0660808; -0.0463165; -0.043701; -0.00633231
69.6; 685256; 765601; -0.0437081; -0.0415163; -0.0351113; -0.0337298; -0.019824
69.8; 609364; 624857; -0.0354073; -0.0346052; -0.0445799; -0.0446919; -0.0593176
70; 528126; 375671; -0.0449383; -0.0453645; -0.0703371; -0.0715016; -0.112479
70.2; 515633; 199643; -0.0663187; -0.0676902; -0.10209; -0.10373; -0.161674
70.4; 568143; 216498; -0.0886903; -0.0906424; -0.12597; -0.128769; -0.189549
70.6; 669958; 238739; -0.105194; -0.108267; -0.136562; -0.140056; -0.190525
70.8; 801880; 348040; -0.115838; -0.118856; -0.137052; -0.137828; -0.170703
71; 888918; 461677; -0.120373; -0.121087; -0.128565; -0.127998; -0.140832
71.2; 901524; 439996; -0.121925; -0.121005; -0.117545; -0.116043; -0.10865
71.4; 857564; 419734; -0.124019; -0.123128; -0.10767; -0.105656; -0.0778634
71.6; 772459; 453257; -0.128063; -0.125615; -0.100101; -0.0975475; -0.0511034
71.8; 676207; 547413; -0.127427; -0.124906; -0.0929919; -0.0899728; -0.0321934
72; 643276; 698397; -0.114138; -0.111196; -0.0791901; -0.0765641; -0.0185259
72.2; 665485; 772421; -0.0864338; -0.0835837; -0.0582901; -0.0551753; -0.00842497
72.4; 698829; 790579; -0.0557343; -0.0528741; -0.0381516; -0.037478; -0.00954104
72.6; 656907; 718435; -0.0374183; -0.0360915; -0.0363658; -0.0370523; -0.0355731
72.8; 565600; 513467; -0.0380062; -0.0376772; -0.0554683; -0.0556237; -0.0834871
73; 518190; 266260; -0.0539056; -0.0549123; -0.0847643; -0.0869592; -0.137117
73.2; 533740; 196109; -0.0768934; -0.0787049; -0.113535; -0.117769; -0.177946
73.4; 611891; 231841; -0.0963943; -0.0999435; -0.132558; -0.135276; -0.192909
73.6; 735177; 280750; -0.110897; -0.114206; -0.138731; -0.13967; -0.183269
73.8; 837993; 415066; -0.119231; -0.120601; -0.13423; -0.134025; -0.157701
74; 894013; 462698; -0.121419; -0.121311; -0.123657; -0.1227; -0.12604
74.2; 880449; 424049; -0.122932; -0.121898; -0.112906; -0.111094; -0.0941205
74.4; 822763; 434645; -0.126067; -0.124135; -0.103853; -0.10151; -0.0645522
74.6; 727070; 487415; -0.128787; -0.126128; -0.0971418; -0.0942904; -0.0414642
74.8; 656250; 615795; -0.123405; -0.120305; -0.0878704; -0.0847497; -0.025658
75; 650178; 746162; -0.102666; -0.0995507; -0.0700478; -0.0672023; -0.013129
75.2; 686151; 786347; -0.0715814; -0.0684961; -0.0479184; -0.045105; -0.0063097
75.4; 686067; 771905; -0.0450006; -0.0429328; -0.0353211; -0.0336893; -0.0178658
75.6; 610479; 642565; -0.0353467; -0.034282; -0.0428985; -0.0431739; -0.0553667
75.8; 529226; 408982; -0.0435316; -0.0438124; -0.0678668; -0.0688694; -0.108139
76; 505249; 203589; -0.064705; -0.0659236; -0.0994987; -0.101985; -0.158705
76.2; 550217; 210395; -0.0870854; -0.089921; -0.124387; -0.128518; -0.189096
76.4; 647414; 238076; -0.104181; -0.107909; -0.137157; -0.139618; -0.191851
76.6; 788586; 344776; -0.115801; -0.118262; -0.138057; -0.138159; -0.172952
76.8; 880137; 460622; -0.11979; -0.121795; -0.129121; -0.129297; -0.143207
77; 897671; 448826; -0.121151; -0.121711; -0.118223; -0.116783; -0.11062
77.2; 858444; 420444; -0.124294; -0.122592; -0.108221; -0.106274; -0.0796311
77.4; 771643; 452289; -0.127698; -0.125838; -0.100703; -0.0980259; -0.052672
77.6; 675436; 537746; -0.127964; -0.125307; -0.0937324; -0.090713; -0.033365
77.8; 637965; 687297; -0.115636; -0.112753; -0.0804622; -0.0779055; -0.0194388
78; 661533; 776374; -0.0885553; -0.0855615; -0.0597354; -0.0564638; -0.00856734
78.2; 693286; 788297; -0.0573758; -0.054561; -0.0391588; -0.0376988; -0.00840709
78.4; 657335; 729263; -0.0380389; -0.036313; -0.0360651; -0.0355557; -0.0324926
78.6; 566580; 527239; -0.0369546; -0.0369476; -0.0532348; -0.0535783; -0.0792664
78.8; 512701; 286117; -0.0527172; -0.0532793; -0.0830997; -0.0842064; -0.133569
79; 528348; 187119; -0.0756413; -0.0773558; -0.112974; -0.115453; -0.176219
79.2; 596312; 223127; -0.0955493; -0.098866; -0.131398; -0.135509; -0.193313
79.4; 712987; 278807; -0.11002; -0.113423; -0.138406; -0.140198; -0.184945
79.6; 848778; 405842; -0.11884; -0.12027; -0.134849; -0.134604; -0.159886
79.8; 901988; 460971; -0.120944; -0.121586; -0.124259; -0.123659; -0.128342
80; 883235; 425577; -0.122449; -0.122242; -0.113593; -0.111916; -0.0963088
80.2; 824885; 429989; -0.126033; -0.12407; -0.104331; -0.102312; -0.0663112
80.4; 729194; 479352; -0.128442; -0.126586; -0.0974901; -0.0948889; -0.0426914
80.6; 654846; 604228; -0.124166; -0.12122; -0.088782; -0.0855878; -0.0265379
80.8; 647969; 736035; -0.104485; -0.101273; -0.071661; -0.0684089; -0.0138997
81; 689816; 779889; -0.0734174; -0.0705274; -0.0490732; -0.0463695; -0.00626574
81.2; 695258; 767994; -0.0461938; -0.0440877; -0.0350876; -0.0340891; -0.0161422
81.4; 627678; 647938; -0.0355748; -0.0343876; -0.0417962; -0.0423383; -0.0525884
81.6; 535467; 408186; -0.0427206; -0.0430066; -0.0663314; -0.0670014; -0.104886
81.8; 515174; 208174; -0.0625885; -0.0643583; -0.0971861; -0.0998586; -0.155874
82; 563256; 207066; -0.0856528; -0.087308; -0.122797; -0.126433; -0.187526
82.2; 657493; 233971; -0.102837; -0.106093; -0.136533; -0.138476; -0.192115
82.4; 784536; 327745; -0.114855; -0.117707; -0.138114; -0.138487; -0.174719
82.6; 883882; 448087; -0.120385; -0.121259; -0.130135; -0.130303; -0.145926
82.8; 909644; 445240; -0.121491; -0.121704; -0.119428; -0.117944; -0.113523
83; 872729; 415227; -0.124184; -0.122531; -0.109099; -0.107184; -0.0821648
83.2; 792894; 446877; -0.127211; -0.125709; -0.101005; -0.0985681; -0.0543808
83.4; 692305; 523673; -0.128151; -0.12528; -0.0941049; -0.0910561; -0.0341707
83.6; 643170; 672180; -0.117002; -0.114264; -0.0816583; -0.0790554; -0.0201193
83.8; 654906; 763585; -0.0908169; -0.0879586; -0.0613622; -0.0582085; -0.00922052
84; 692004; 775901; -0.0596363; -0.0565149; -0.0404357; -0.0385399; -0.00761532
84.2; 668899; 735586; -0.0388967; -0.0371862; -0.0360106; -0.0345766; -0.0296482
84.4; 580934; 542614; -0.03663; -0.0364145; -0.0504858; -0.0528845; -0.0755094
84.6; 513856; 294811; -0.0509146; -0.051512; -0.0796053; -0.0825991; -0.129726
84.8; 533903; 187292; -0.073592; -0.0751591; -0.111219; -0.112789; -0.173796
85; 598274; 220024; -0.0945317; -0.0965746; -0.130923; -0.133605; -0.192865
85.2; 722873; 270912; -0.109103; -0.11252; -0.137643; -0.140913; -0.186416
85.4; 837380; 392902; -0.118257; -0.120757; -0.135625; -0.135771; -0.162524
85.6; 897888; 457469; -0.121393; -0.12172; -0.125612; -0.124921; -0.131384
85.8; 897585; 424241; -0.123009; -0.121787; -0.114662; -0.112849; -0.0988855
86; 842171; 425663; -0.125531; -0.123866; -0.104844; -0.102815; -0.0683074
86.2; 748464; 472328; -0.128467; -0.12617; -0.098002; -0.0951324; -0.0440483
86.4; 664926; 590598; -0.125037; -0.12197; -0.0896592; -0.0865811; -0.027658
86.6; 648000; 725233; -0.106755; -0.103604; -0.0733354; -0.0704444; -0.0149269
86.8; 676676; 766871; -0.0759706; -0.07321; -0.0507867; -0.048078; -0.00652906
87; 690685; 764504; -0.047952; -0.0454107; -0.0356186; -0.0339464; -0.0140401
87.2; 625660; 658438; -0.0357766; -0.0346714; -0.040842; -0.0407459; -0.0487968
87.4; 537437; 417356; -0.0415881; -0.0417721; -0.0641365; -0.0646488; -0.100801
87.6; 509109; 224935; -0.0607671; -0.0620831; -0.0945982; -0.097633; -0.152898
87.8; 542502; 208124; -0.083611; -0.0853511; -0.121318; -0.124445; -0.1862
88; 646830; 230665; -0.101583; -0.104706; -0.136247; -0.137401; -0.19248
88.2; 772315; 322539; -0.1141; -0.117309; -0.138016; -0.13905; -0.176322
88.4; 861567; 445586; -0.12013; -0.121908; -0.131232; -0.131148; -0.14809
88.6; 894962; 449567; -0.121871; -0.122138; -0.120285; -0.119304; -0.115824
88.8; 862982; 416789; -0.12408; -0.122942; -0.110011; -0.108148; -0.0844299
89; 794500; 443807; -0.127235; -0.125068; -0.101356; -0.0991251; -0.0561261
89.2; 696953; 515670; -0.128013; -0.125523; -0.0945251; -0.0917537; -0.0356081
89.4; 644913; 653744; -0.118205; -0.115523; -0.08281; -0.0802655; -0.0212433
89.6; 660036; 758373; -0.0931882; -0.0903251; -0.0630117; -0.0599591; -0.00974229
89.8; 693763; 774560; -0.0618418; -0.0587899; -0.0417479; -0.0395787; -0.00704146
90; 667037; 745167; -0.0396017; -0.0381548; -0.0352044; -0.034489; -0.0271478
90.2; 578028; 553829; -0.0359246; -0.0354963; -0.0494881; -0.0499778; -0.0716171
90.4; 513143; 321395; -0.0491519; -0.0497589; -0.0780198; -0.0790138; -0.125714
90.6; 524618; 178120; -0.0721133; -0.0736374; -0.108529; -0.111857; -0.171442
90.8; 591725; 218402; -0.0934838; -0.0961158; -0.130226; -0.13346; -0.193052
91; 698047; 261779; -0.108513; -0.112013; -0.138828; -0.140144; -0.18786
91.2; 835231; 390896; -0.118116; -0.119585; -0.135827; -0.13585; -0.163949
91.4; 897733; 461467; -0.120889; -0.120771; -0.125661; -0.124993; -0.132797
91.6; 894228; 427401; -0.122145; -0.121274; -0.114787; -0.113051; -0.100465
91.8; 838103; 420443; -0.125286; -0.123739; -0.105562; -0.103473; -0.0704435
92; 743045; 463385; -0.129036; -0.126493; -0.0988152; -0.0961746; -0.045813
92.2; 660639; 584614; -0.126159; -0.12318; -0.0906985; -0.0876809; -0.0285793
92.4; 641333; 728093; -0.108449; -0.105317; -0.0744575; -0.07164; -0.0152143
92.6; 676224; 769622; -0.0781482; -0.075042; -0.0519703; -0.049322; -0.00634534
92.8; 694201; 777472; -0.0490697; -0.0467621; -0.0359435; -0.0341712; -0.012711
93; 635597; 666295; -0.0356437; -0.0346082; -0.0396862; -0.0395222; -0.0458741
93.2; 541230; 438548; -0.0404331; -0.040507; -0.061488; -0.0628708; -0.096903
93.4; 510841; 230714; -0.0593741; -0.060471; -0.0930359; -0.094701; -0.149333
93.6; 546568; 200108; -0.0825331; -0.084262; -0.119937; -0.12338; -0.184763
93.8; 635931; 231495; -0.100494; -0.104246; -0.134808; -0.138318; -0.193126
94; 768019; 315022; -0.113859; -0.116502; -0.138744; -0.139147; -0.178224
94.2; 864388; 437911; -0.120621; -0.120787; -0.131772; -0.1319; -0.150351
94.4; 897383; 455944; -0.121118; -0.122092; -0.120955; -0.119853; -0.118125
94.6; 869235; 412701; -0.123076; -0.123105; -0.11041; -0.108802; -0.0865789
94.8; 801812; 434392; -0.127118; -0.124999; -0.101923; -0.0997064; -0.0578191
95; 701489; 508177; -0.128523; -0.126026; -0.0951836; -0.0924232; -0.0365279
95.2; 640281; 655181; -0.119588; -0.116849; -0.0841539; -0.0810445; -0.0218179
95.4; 654108; 754651; -0.0955286; -0.0922079; -0.064638; -0.0615294; -0.0104494
95.6; 689121; 775445; -0.0636633; -0.0609242; -0.0429922; -0.0407026; -0.00691265
95.8; 676502; 744432; -0.0408131; -0.0387434; -0.0352672; -0.0339485; -0.0249753
96; 593119; 570847; -0.0355881; -0.0351209; -0.0476847; -0.0486142; -0.0679998
96.2; 520056; 326869; -0.0478651; -0.0482527; -0.0756141; -0.0768875; -0.122003
96.4; 525498; 183932; -0.0701765; -0.071794; -0.107085; -0.108987; -0.16881
96.6; 578744; 220063; -0.0919421; -0.09418; -0.128653; -0.132267; -0.192252
96.8; 688638; 256692; -0.107218; -0.111152; -0.137677; -0.140732; -0.188936
97; 829907; 379275; -0.118038; -0.119328; -0.136605; -0.136743; -0.166433
97.2; 906133; 459695; -0.121405; -0.121022; -0.126953; -0.126302; -0.135611
97.4; 904482; 431295; -0.121856; -0.122207; -0.115911; -0.114345; -0.103174
97.6; 849367; 416495; -0.124749; -0.123954; -0.106273; -0.104157; -0.072634
97.8; 758388; 458332; -0.12875; -0.126164; -0.0991368; -0.0964502; -0.0471414
98; 668222; 568019; -0.126325; -0.123775; -0.0912646; -0.0882964; -0.0295343
98.2; 645874; 718183; -0.110204; -0.107424; -0.0758768; -0.0733585; -0.0162066
98.4; 673123; 770638; -0.0809593; -0.0777787; -0.054042; -0.051086; -0.00671213
98.6; 692795; 770890; -0.05114; -0.0485589; -0.0365258; -0.0349718; -0.0114583
98.8; 635793; 686296; -0.0358119; -0.0346949; -0.0380886; -0.0383494; -0.0419361
99; 547288; 457579; -0.039518; -0.0393727; -0.0589266; -0.0608754; -0.092532
99.2; 505393; 237757; -0.0579315; -0.0587315; -0.0909992; -0.0922625; -0.146025
99.4; 539297; 193749; -0.0812609; -0.0829805; -0.11938; -0.121486; -0.18352
99.6; 636488; 227593; -0.099576; -0.10317; -0.134527; -0.137876; -0.193786
99.8; 761402; 301744; -0.112708; -0.115823; -0.137509; -0.140323; -0.179743
100; 858647; 429611; -0.119031; -0.120954; -0.132208; -0.131812; -0.151998
100.2; 902607; 449955; -0.121293; -0.121098; -0.121195; -0.120475; -0.120005
100.4; 873077; 410502; -0.123317; -0.122532; -0.111258; -0.109355; -0.0887038
100.6; 801695; 433846; -0.127114; -0.125177; -0.102871; -0.100519; -0.0600778
100.8; 704458; 498223; -0.129044; -0.126563; -0.0961855; -0.0933234; -0.0381937
101; 646497; 639310; -0.120862; -0.118296; -0.0852256; -0.0824405; -0.0228472
101.2; 652560; 749972; -0.0974835; -0.0945568; -0.0661803; -0.0629549; -0.0107925
101.4; 686220; 776903; -0.0657576; -0.0629977; -0.0440322; -0.0418999; -0.00644659
101.6; 673726; 745594; -0.0418279; -0.0398269; -0.0350628; -0.0336706; -0.0225967
101.8; 590950; 590706; -0.0354722; -0.0349625; -0.0462845; -0.0470813; -0.0643546
102; 517614; 339390; -0.046704; -0.0470191; -0.0729418; -0.0753044; -0.118329
102.2; 514757; 186038; -0.0685088; -0.0698758; -0.104363; -0.107638; -0.166359
102.4; 565342; 220849; -0.0903954; -0.0925278; -0.128072; -0.130357; -0.191551
102.6; 686497; 244507; -0.106113; -0.109982; -0.138239; -0.139389; -0.18974
102.8; 820875; 364597; -0.117359; -0.119009; -0.136712; -0.137262; -0.168136
103; 890358; 456367; -0.121108; -0.121704; -0.12798; -0.127124; -0.137713
103.2; 891960; 427768; -0.122448; -0.122132; -0.116821; -0.115463; -0.105494
103.4; 844577; 419515; -0.125316; -0.123522; -0.107145; -0.10501; -0.0748285
103.6; 760811; 451645; -0.128244; -0.126087; -0.099514; -0.0967981; -0.0486692
103.8; 673393; 554639; -0.126568; -0.123807; -0.091684; -0.0887746; -0.03045
104; 644529; 697824; -0.111568; -0.108641; -0.077148; -0.0742555; -0.0169384
104.2; 669151; 760871; -0.0827477; -0.0802553; -0.0555581; -0.0525923; -0.00721293
104.4; 692187; 770093; -0.0532533; -0.0503556; -0.037485; -0.0358891; -0.0106524
104.6; 636611; 692442; -0.0367022; -0.0353676; -0.0381496; -0.037403; -0.0395729
104.8; 543954; 484951; -0.0385664; -0.0385125; -0.057466; -0.0583642; -0.088701
105; 508330; 240767; -0.0558475; -0.0567265; -0.0879793; -0.0899547; -0.142323
105.2; 537789; 186263; -0.0792667; -0.0810314; -0.117188; -0.119811; -0.181659
105.4; 617072; 225675; -0.0984548; -0.101944; -0.134424; -0.136912; -0.194319
105.6; 754817; 289591; -0.112464; -0.115508; -0.139191; -0.140048; -0.182095
105.8; 858727; 422006; -0.119241; -0.121365; -0.13335; -0.133099; -0.154707
106; 905991; 457729; -0.120873; -0.121785; -0.122256; -0.121307; -0.122335
106.2; 882288; 412074; -0.123344; -0.121942; -0.111715; -0.10988; -0.0904698
106.4; 813882; 425783; -0.126426; -0.124871; -0.103096; -0.100726; -0.0614958
106.6; 712938; 488835; -0.129087; -0.126351; -0.0964612; -0.0938162; -0.0393869
106.8; 646002; 628064; -0.122069; -0.119251; -0.0864499; -0.083585; -0.0242062
107; 651286; 741579; -0.0996871; -0.0965484; -0.0678176; -0.0646777; -0.0117774
107.2; 691912; 771784; -0.0677701; -0.0651294; -0.0452381; -0.0429324; -0.00584853
107.4; 681206; 748560; -0.0428679; -0.0409227; -0.0339177; -0.0344428; -0.0203842
107.6; 598714; 597709; -0.0353395; -0.0345474; -0.0445453; -0.0458955; -0.0610239
107.8; 515683; 360795; -0.0454032; -0.045741; -0.0715798; -0.0723183; -0.114535
108; 511056; 188027; -0.0670422; -0.0682679; -0.102605; -0.105387; -0.16356
108.2; 564267; 221411; -0.0891162; -0.0914574; -0.126391; -0.129956; -0.190764
108.4; 667293; 236182; -0.1053; -0.109094; -0.136935; -0.140428; -0.190805
108.6; 809860; 360709; -0.116426; -0.118942; -0.136412; -0.138605; -0.170358
108.8; 887602; 455150; -0.120753; -0.121367; -0.128723; -0.127794; -0.140259
109; 903397; 435644; -0.122331; -0.12156; -0.1173; -0.116208; -0.107721
109.2; 855084; 409853; -0.12468; -0.12336; -0.107527; -0.105504; -0.076654
109.4; 766923; 448186; -0.128345; -0.12599; -0.0999481; -0.0972813; -0.049877
109.6; 675773; 548237; -0.12751; -0.12454; -0.0924965; -0.0894402; -0.030991
109.8; 637207; 696398; -0.113259; -0.11064; -0.0782698; -0.0758538; -0.0175133
110; 655803; 764158; -0.0852549; -0.0824486; -0.0573639; -0.0542174; -0.00779855
110.2; 683482; 774643; -0.0546626; -0.0519955; -0.0377796; -0.0367684; -0.00970346
110.4; 645533; 699135; -0.0370715; -0.0356087; -0.0370021; -0.0366634; -0.0365493
110.6; 554342; 493082; -0.037649; -0.0377976; -0.0556423; -0.056268; -0.0847892
110.8; 509656; 245719; -0.05411; -0.0550598; -0.0856539; -0.0875713; -0.13886
111; 542417; 190267; -0.0776256; -0.0791621; -0.115449; -0.118018; -0.17989
111.2; 613345; 222655; -0.0977205; -0.0999886; -0.133712; -0.13597; -0.194346
111.4; 746778; 289372; -0.111661; -0.11467; -0.139362; -0.140044; -0.183604
111.6; 851812; 412850; -0.119; -0.121405; -0.134004; -0.134084; -0.157071
111.8; 904360; 458871; -0.121119; -0.121914; -0.123276; -0.122369; -0.124833
112; 885734; 415730; -0.123235; -0.121946; -0.112502; -0.110658; -0.0926467
112.2; 816297; 421369; -0.126059; -0.124741; -0.103567; -0.101321; -0.0633497
112.4; 717182; 482554; -0.129026; -0.126422; -0.0969673; -0.094228; -0.0406386
112.6; 648028; 616880; -0.123165; -0.120319; -0.0875327; -0.0844694; -0.0250156
112.8; 641486; 734056; -0.10188; -0.0989645; -0.0693108; -0.066549; -0.0123811
113; 684402; 774226; -0.0705218; -0.067378; -0.0468452; -0.0444117; -0.00572743
113.2; 679900; 750921; -0.044205; -0.0420508; -0.0348186; -0.0335346; -0.0183795
113.4; 603138; 618247; -0.0351277; -0.0344217; -0.0436618; -0.0438222; -0.057323
113.6; 519471; 373843; -0.0442011; -0.0444609; -0.0693296; -0.0701683; -0.11073
113.8; 508088; 193624; -0.065458; -0.0667282; -0.100917; -0.103127; -0.160891
114; 561940; 212648; -0.087856; -0.0900534; -0.12517; -0.129044; -0.190098
114.2; 664354; 237836; -0.104287; -0.108251; -0.137133; -0.140087; -0.19219
114.4; 790501; 345651; -0.116358; -0.117908; -0.137904; -0.138113; -0.172567
114.6; 881816; 450171; -0.121035; -0.120797; -0.129316; -0.128694; -0.142509
114.8; 904190; 437690; -0.121568; -0.122152; -0.118086; -0.11681; -0.109745
115; 860388; 412737; -0.123841; -0.123923; -0.108115; -0.106174; -0.0785893
115.2; 772412; 445184; -0.128389; -0.125944; -0.100542; -0.0979468; -0.0515784
115.4; 672004; 537100; -0.127837; -0.125294; -0.0933083; -0.0903716; -0.0324199
115.6; 634410; 685960; -0.114866; -0.112156; -0.0798071; -0.0770925; -0.0185772
115.8; 655525; 757526; -0.0875961; -0.084649; -0.0589187; -0.0558266; -0.00822143
116; 692251; 772858; -0.0566883; -0.0537872; -0.0386876; -0.0374522; -0.00868423
116.2; 653131; 708618; -0.0377187; -0.0363164; -0.0365967; -0.0357236; -0.0336695
116.4; 562588; 509685; -0.0375939; -0.0371323; -0.0541837; -0.0546883; -0.0813447
116.6; 506246; 271832; -0.0529519; -0.0536986; -0.0838315; -0.0854209; -0.13567
116.8; 523605; 187908; -0.0759256; -0.0774987; -0.113106; -0.116741; -0.1778
117; 606810; 218730; -0.0955529; -0.0992225; -0.132144; -0.135407; -0.193945
117.2; 735279; 277124; -0.110421; -0.113525; -0.138743; -0.139884; -0.184595
117.4; 851582; 410777; -0.118745; -0.120579; -0.134462; -0.134298; -0.158769
117.6; 906579; 456298; -0.121165; -0.121818; -0.124066; -0.123303; -0.127188
117.8; 887366; 416222; -0.123112; -0.122366; -0.113538; -0.111797; -0.0953633
118; 823116; 421771; -0.126366; -0.124501; -0.104457; -0.102169; -0.0656142
118.2; 726428; 478040; -0.128938; -0.126591; -0.0974696; -0.0946963; -0.0419354
118.4; 655393; 602990; -0.123812; -0.120966; -0.0880208; -0.0851591; -0.0255219
118.6; 651366; 727387; -0.103724; -0.100684; -0.0708033; -0.0676817; -0.0128775
118.8; 683282; 765489; -0.0728573; -0.0699489; -0.0484448; -0.0461651; -0.00620137
119; 689638; 756436; -0.0459451; -0.0437279; -0.0348894; -0.0345794; -0.0170187
119.2; 615967; 624024; -0.0353538; -0.0343545; -0.0425938; -0.0424717; -0.0539829
119.4; 532339; 392102; -0.0426786; -0.0429509; -0.066893; -0.0674701; -0.106404
119.6; 509894; 200480; -0.0631704; -0.0644234; -0.0977216; -0.100736; -0.157259
119.8; 554932; 206268; -0.0859029; -0.0882362; -0.123582; -0.127254; -0.188782
120; 655689; 237306; -0.103118; -0.107077; -0.136445; -0.139742; -0.192761
