0.004; 80.8561; 2613.77; -8.91329e-07; -6.2714e-07; -2.68966e-06; -3.841e-06; -9.02706e-06
0.2; 27129.7; 132994; -0.00595707; -0.00710437; -0.00798466; -0.0100289; -0.0120496
0.4; 174466; 584044; -0.0390119; -0.0410325; -0.0541439; -0.055535; -0.0779959
0.6; 343308; 663386; -0.0831158; -0.0843748; -0.112365; -0.113809; -0.160253
0.8; 403490; 367063; -0.112693; -0.117433; -0.150641; -0.153915; -0.212577
1; 479128; 212571; -0.127228; -0.128889; -0.160357; -0.162593; -0.216097
1.2; 595537; 292365; -0.129416; -0.131069; -0.149692; -0.150006; -0.182041
1.4; 659782; 344079; -0.130025; -0.131919; -0.133649; -0.133287; -0.137204
1.6; 652847; 425357; -0.13503; -0.133708; -0.124326; -0.12248; -0.10479
1.8; 602057; 534872; -0.142681; -0.141212; -0.124222; -0.121843; -0.0909306
2; 587761; 572952; -0.147386; -0.144795; -0.123862; -0.121091; -0.0825594
2.2; 656430; 559842; -0.136959; -0.135122; -0.110151; -0.106963; -0.0627318
2.4; 746210; 623712; -0.112621; -0.109223; -0.0836925; -0.0803717; -0.0339517
2.6; 812326; 696094; -0.0828282; -0.0794029; -0.0560642; -0.0524992; -0.00996924
2.8; 861926; 696817; -0.0580352; -0.0547981; -0.0364033; -0.0331587; 0.00143841
3; 803208; 732470; -0.0424782; -0.0401059; -0.0309417; -0.029325; -0.0105587
3.2; 671266; 717378; -0.033501; -0.032558; -0.0378508; -0.0369758; -0.0433905
3.4; 578183; 581525; -0.0333468; -0.0331647; -0.0522745; -0.0530768; -0.0835923
3.6; 539895; 343657; -0.0459451; -0.0467073; -0.0746615; -0.0757745; -0.121644
3.8; 531554; 220911; -0.0692313; -0.07097; -0.10161; -0.103654; -0.154949
4; 560143; 277292; -0.0951053; -0.0968401; -0.125754; -0.127499; -0.175911
4.2; 621255; 297115; -0.117285; -0.118712; -0.1415; -0.142658; -0.180671
4.4; 663363; 401304; -0.13281; -0.134209; -0.148567; -0.149058; -0.173353
4.6; 695026; 522122; -0.139481; -0.140199; -0.147058; -0.146657; -0.158068
4.8; 726417; 511839; -0.141833; -0.140752; -0.140488; -0.139052; -0.136878
5; 746749; 474493; -0.142015; -0.140784; -0.130956; -0.128892; -0.110735
5.2; 753789; 490400; -0.14132; -0.13864; -0.119355; -0.116407; -0.0809396
5.4; 730616; 579397; -0.136014; -0.13287; -0.106513; -0.1031; -0.055041
5.6; 716665; 738905; -0.121125; -0.117602; -0.0896774; -0.086103; -0.0350425
5.8; 725224; 826256; -0.093456; -0.0906592; -0.066102; -0.063166; -0.0187013
6; 772580; 774836; -0.0625965; -0.0590242; -0.0418046; -0.0383661; -0.00540459
6.2; 789329; 698215; -0.0389827; -0.0367787; -0.0268839; -0.025069; -0.00564901
6.4; 717538; 609180; -0.0304567; -0.0289343; -0.0307503; -0.0297425; -0.0297701
6.6; 600694; 533350; -0.0330698; -0.0330938; -0.047687; -0.0483243; -0.0712095
6.8; 511508; 412847; -0.0473199; -0.0479909; -0.073783; -0.074904; -0.11718
7; 484878; 301869; -0.0692998; -0.0710203; -0.10187; -0.104347; -0.156198
7.2; 530597; 299179; -0.0920942; -0.0941429; -0.124836; -0.126961; -0.179026
7.4; 609756; 306551; -0.111297; -0.112929; -0.138077; -0.139269; -0.181628
7.6; 679977; 369285; -0.126013; -0.128579; -0.143272; -0.145279; -0.17158
7.8; 716064; 482817; -0.135852; -0.137973; -0.14449; -0.14469; -0.156842
8; 715460; 499333; -0.142861; -0.141931; -0.14198; -0.141004; -0.139416
8.2; 710721; 476766; -0.145283; -0.144933; -0.135883; -0.134125; -0.117852
8.4; 728525; 475581; -0.144406; -0.143007; -0.12461; -0.122313; -0.0896121
8.6; 727205; 533439; -0.137555; -0.134446; -0.109071; -0.105778; -0.0595281
8.8; 728802; 696079; -0.122328; -0.119429; -0.0908357; -0.0874692; -0.0359389
9; 727421; 785839; -0.0983411; -0.0947343; -0.0691254; -0.0659979; -0.0190756
9.2; 743584; 744686; -0.0693763; -0.0662785; -0.0473058; -0.0439481; -0.00838942
9.4; 765731; 688959; -0.0446301; -0.0423358; -0.0309159; -0.028781; -0.00663412
9.6; 717376; 630082; -0.0311793; -0.0299779; -0.028766; -0.0283821; -0.0239937
9.8; 609185; 550760; -0.0300111; -0.0293767; -0.0418156; -0.0417004; -0.0603137
10; 512581; 404567; -0.0422069; -0.0429697; -0.0661257; -0.0676252; -0.105738
10.2; 471367; 285855; -0.0650632; -0.0664137; -0.0967887; -0.0984982; -0.14909
10.4; 501319; 306222; -0.0894996; -0.0911364; -0.122959; -0.124753; -0.178275
10.6; 592195; 300877; -0.109403; -0.111143; -0.138214; -0.139656; -0.185414
10.8; 681736; 355121; -0.124666; -0.126032; -0.144317; -0.145042; -0.175779
11; 721025; 463564; -0.134262; -0.136006; -0.144491; -0.144524; -0.159514
11.2; 724293; 501471; -0.140147; -0.141525; -0.141716; -0.140772; -0.141398
11.4; 702999; 469926; -0.145075; -0.143843; -0.136703; -0.134989; -0.121072
11.6; 703509; 471180; -0.145652; -0.143869; -0.127655; -0.125111; -0.0956303
11.8; 701486; 510528; -0.14036; -0.137349; -0.113242; -0.110042; -0.0660759
12; 709663; 652281; -0.126752; -0.123707; -0.0954937; -0.0920262; -0.0409202
12.2; 722850; 771096; -0.103645; -0.10028; -0.0736486; -0.0704156; -0.021939
12.4; 738628; 737347; -0.0746015; -0.0712835; -0.0506551; -0.0474934; -0.00905917
12.6; 759471; 680780; -0.0485778; -0.0457709; -0.0327985; -0.0303209; -0.00512028
12.8; 718625; 624281; -0.0330662; -0.0314993; -0.0283985; -0.0270939; -0.0190946
13; 614060; 562892; -0.0295755; -0.0287487; -0.0386027; -0.0385713; -0.052775
13.2; 514580; 434550; -0.0386202; -0.0395044; -0.0609128; -0.0618544; -0.0969888
13.4; 465691; 291246; -0.0600422; -0.0610475; -0.0903403; -0.0924882; -0.141119
13.6; 487709; 287938; -0.0843574; -0.0865294; -0.118418; -0.120031; -0.174063
13.8; 573949; 295395; -0.105929; -0.107239; -0.135828; -0.137693; -0.185733
14; 664550; 332201; -0.121615; -0.123964; -0.143999; -0.144692; -0.179131
14.2; 707420; 445289; -0.132522; -0.135093; -0.145161; -0.145453; -0.163871
14.4; 726982; 499313; -0.139829; -0.14022; -0.142787; -0.141956; -0.145731
14.6; 712608; 464827; -0.144591; -0.143351; -0.138052; -0.136429; -0.125517
14.8; 703344; 457994; -0.145765; -0.144688; -0.129715; -0.12765; -0.100934
15; 700432; 488619; -0.142197; -0.139243; -0.116323; -0.113198; -0.0712178
15.2; 700970; 615621; -0.130327; -0.127405; -0.0993486; -0.0959123; -0.0452067
15.4; 714379; 752592; -0.109009; -0.105703; -0.0781856; -0.0750534; -0.0251403
15.6; 728442; 729654; -0.0804129; -0.0772199; -0.055047; -0.0518818; -0.010977
15.8; 759258; 672337; -0.0531471; -0.0503841; -0.0356869; -0.0328029; -0.00473146
16; 729898; 622424; -0.0350299; -0.0334713; -0.0277237; -0.0266083; -0.0144361
16.2; 630483; 569966; -0.0289451; -0.0284384; -0.0354303; -0.0351198; -0.0447489
16.4; 526042; 458341; -0.0356434; -0.0358947; -0.0550844; -0.0563846; -0.0874595
16.6; 463925; 306218; -0.05501; -0.0558606; -0.0843436; -0.0855328; -0.132387
16.8; 470011; 270955; -0.0793379; -0.0815341; -0.112716; -0.115617; -0.168807
17; 543312; 288878; -0.101921; -0.103502; -0.132553; -0.135863; -0.185377
17.2; 635093; 323284; -0.11871; -0.120859; -0.14281; -0.144183; -0.181911
17.4; 701350; 423781; -0.130768; -0.133504; -0.145753; -0.145819; -0.167845
17.6; 722852; 491616; -0.138721; -0.139529; -0.143463; -0.143302; -0.149964
17.8; 714963; 467386; -0.144203; -0.143058; -0.139564; -0.13804; -0.130244
18; 703004; 449973; -0.146102; -0.145024; -0.132041; -0.129847; -0.106318
18.2; 703328; 471105; -0.143655; -0.14104; -0.11927; -0.116528; -0.0768617
18.4; 701561; 577240; -0.133361; -0.130566; -0.102873; -0.0994139; -0.0493672
18.6; 708143; 735045; -0.114244; -0.110659; -0.0826065; -0.0793457; -0.0281247
18.8; 714515; 735084; -0.0866181; -0.0831325; -0.0595497; -0.0565122; -0.0130458
19; 746094; 667605; -0.0584223; -0.055493; -0.0389657; -0.036124; -0.00491919
19.2; 733430; 640454; -0.0377986; -0.0359618; -0.0279498; -0.0265876; -0.0104302
19.4; 643690; 582320; -0.0291616; -0.0282242; -0.0319795; -0.0326179; -0.0368899
19.6; 531999; 478509; -0.0328812; -0.0329055; -0.0502736; -0.0506646; -0.0782376
19.8; 465832; 325707; -0.0501008; -0.0510112; -0.0779577; -0.0793892; -0.123908
20; 461237; 264108; -0.0742657; -0.0764646; -0.107556; -0.110247; -0.163228
20.2; 524112; 282033; -0.0976783; -0.0995067; -0.129583; -0.132988; -0.184436
20.4; 623427; 313230; -0.11586; -0.117602; -0.141656; -0.143489; -0.184527
20.6; 696321; 398860; -0.128883; -0.131488; -0.145859; -0.146073; -0.171488
20.8; 722382; 485172; -0.137321; -0.139074; -0.144132; -0.144314; -0.153751
21; 716375; 475513; -0.143497; -0.142766; -0.140691; -0.13936; -0.134307
21.2; 699507; 447743; -0.146309; -0.145052; -0.134041; -0.132002; -0.111594
21.4; 698102; 460781; -0.144615; -0.142879; -0.122396; -0.119864; -0.0831515
21.6; 692724; 546457; -0.136326; -0.13323; -0.106403; -0.103317; -0.0545814
21.8; 701745; 704269; -0.118794; -0.11565; -0.0870202; -0.0837183; -0.0318229
22; 712298; 738456; -0.0923336; -0.0891891; -0.0640509; -0.0609607; -0.0151644
22.2; 732465; 668922; -0.0639606; -0.0605689; -0.042541; -0.0395838; -0.00548255
22.4; 731189; 639156; -0.0410534; -0.03903; -0.0291518; -0.0271662; -0.00768169
22.6; 655027; 591600; -0.0301694; -0.0288306; -0.0302613; -0.030279; -0.0302643
22.8; 546125; 503439; -0.0308308; -0.0308491; -0.045584; -0.0459432; -0.0691505
23; 475597; 350309; -0.0454231; -0.0461137; -0.0712969; -0.0730796; -0.114533
23.2; 455746; 252225; -0.0689163; -0.070522; -0.10203; -0.103535; -0.156298
23.4; 506025; 276239; -0.0929891; -0.0946919; -0.126025; -0.128667; -0.181841
23.6; 605740; 292978; -0.112072; -0.114471; -0.139971; -0.141797; -0.185781
23.8; 685109; 376803; -0.126329; -0.129453; -0.145336; -0.146194; -0.17472
24; 720616; 471135; -0.136364; -0.13769; -0.145256; -0.144898; -0.158027
24.2; 717254; 474466; -0.142884; -0.141882; -0.141855; -0.140734; -0.138904
24.4; 700893; 438256; -0.145778; -0.145451; -0.135912; -0.134173; -0.117003
24.6; 700918; 446850; -0.145573; -0.14414; -0.125355; -0.122837; -0.0892502
24.8; 694633; 511649; -0.138923; -0.135878; -0.109916; -0.106691; -0.0593369
25; 698536; 674628; -0.123218; -0.120205; -0.0909895; -0.0879586; -0.0352668
25.2; 704818; 748583; -0.0983125; -0.094865; -0.068826; -0.0653377; -0.0175998
25.4; 720279; 678596; -0.0693863; -0.0662391; -0.0464296; -0.0435853; -0.00675231
25.6; 735485; 616088; -0.044941; -0.0423613; -0.0307724; -0.0285756; -0.00581475
25.8; 679206; 593632; -0.0311225; -0.0299507; -0.0287008; -0.028232; -0.0238204
26; 566571; 524865; -0.0293543; -0.0288966; -0.04113; -0.0413335; -0.0598996
26.2; 478713; 375851; -0.0408882; -0.0419328; -0.0651574; -0.066537; -0.104996
26.4; 447737; 261396; -0.0637179; -0.0650918; -0.0956717; -0.0975787; -0.148725
26.6; 490084; 263355; -0.088384; -0.0902678; -0.122529; -0.124384; -0.179033
26.8; 588494; 289815; -0.109054; -0.110663; -0.138641; -0.140042; -0.187335
27; 673029; 356878; -0.124571; -0.126299; -0.145318; -0.145935; -0.178333
27.2; 716622; 451527; -0.134751; -0.136885; -0.145815; -0.145831; -0.161968
27.4; 722767; 476265; -0.141208; -0.142326; -0.142851; -0.141932; -0.142918
27.6; 697893; 443285; -0.14607; -0.144602; -0.13743; -0.135813; -0.121571
27.8; 698459; 443894; -0.146339; -0.144872; -0.127999; -0.125677; -0.0952865
28; 692580; 484749; -0.141044; -0.138112; -0.113399; -0.110316; -0.0652183
28.2; 693840; 635391; -0.127193; -0.124168; -0.0954414; -0.0920137; -0.0399407
28.4; 702187; 737151; -0.10412; -0.100502; -0.0734575; -0.0702455; -0.02076
28.6; 715644; 682177; -0.075246; -0.0720126; -0.0505013; -0.0477121; -0.00795744
28.8; 731605; 626282; -0.0490698; -0.0468586; -0.0330658; -0.0305499; -0.00442448
29; 686350; 604471; -0.0332672; -0.0313374; -0.0278601; -0.0270739; -0.0184142
29.2; 577711; 546212; -0.0285353; -0.0282121; -0.037651; -0.0376509; -0.0515827
29.4; 484355; 402347; -0.0373086; -0.0381444; -0.0593758; -0.0607507; -0.0956975
29.6; 450799; 270415; -0.0585137; -0.0595616; -0.0894288; -0.0910095; -0.140645
29.8; 478949; 261455; -0.083405; -0.0850837; -0.117738; -0.119542; -0.174533
30; 562282; 277139; -0.104919; -0.106942; -0.135471; -0.138314; -0.187316
30.2; 654804; 336593; -0.122011; -0.123468; -0.144497; -0.145554; -0.181229
30.4; 705683; 437067; -0.133737; -0.134695; -0.146249; -0.14618; -0.165631
30.6; 722896; 486208; -0.140895; -0.140561; -0.143532; -0.143096; -0.147072
30.8; 702705; 441057; -0.145208; -0.14443; -0.138842; -0.137356; -0.126434
31; 695108; 430523; -0.146883; -0.145257; -0.130426; -0.128244; -0.101079
31.2; 696091; 472716; -0.142855; -0.139991; -0.116544; -0.11358; -0.070734
31.4; 689769; 601527; -0.130814; -0.127984; -0.0992823; -0.0959106; -0.0440399
31.6; 699879; 732538; -0.109561; -0.105963; -0.0779582; -0.074756; -0.0235758
31.8; 709126; 698954; -0.0809741; -0.0779161; -0.0548999; -0.0520034; -0.0098211
32; 729207; 623221; -0.053636; -0.0509641; -0.0357155; -0.0328898; -0.00394796
32.2; 701262; 606913; -0.0351595; -0.0332874; -0.0273099; -0.026394; -0.0135744
32.4; 603852; 549066; -0.0284958; -0.027859; -0.0346003; -0.0344844; -0.0437152
32.6; 498287; 432520; -0.0346921; -0.0349596; -0.0542815; -0.0553965; -0.0866766
32.8; 446830; 286668; -0.0537222; -0.0547356; -0.0834778; -0.0846771; -0.13226
33; 467165; 258190; -0.0783753; -0.0801226; -0.112371; -0.114887; -0.16952
33.2; 542727; 273890; -0.100625; -0.102979; -0.132526; -0.13571; -0.186826
33.4; 642976; 321288; -0.117715; -0.1213; -0.142279; -0.145674; -0.183769
33.6; 701214; 409959; -0.131633; -0.133391; -0.146388; -0.146755; -0.169338
33.8; 723598; 479419; -0.140151; -0.140141; -0.144562; -0.144328; -0.151126
34; 706531; 451128; -0.144871; -0.144547; -0.140452; -0.139115; -0.131036
34.2; 691351; 432684; -0.146569; -0.146002; -0.132442; -0.130763; -0.106755
34.4; 699337; 452582; -0.144059; -0.141332; -0.119518; -0.11674; -0.0767995
34.6; 688242; 558582; -0.133593; -0.130827; -0.102784; -0.0995088; -0.0488373
34.8; 693535; 708782; -0.114639; -0.111236; -0.0825942; -0.0793103; -0.0271336
35; 700104; 701571; -0.0870019; -0.0840816; -0.0595598; -0.0565466; -0.0119348
35.2; 719411; 636614; -0.0591027; -0.0560232; -0.0390901; -0.0363845; -0.004403
35.4; 704231; 608220; -0.0377226; -0.0357167; -0.0278323; -0.025951; -0.00971457
35.6; 619563; 562148; -0.0283652; -0.0275889; -0.0313186; -0.0311366; -0.0352518
35.8; 509576; 459605; -0.0318282; -0.0320719; -0.0487537; -0.0495414; -0.0762845
36; 438165; 307959; -0.0490833; -0.0501039; -0.076903; -0.0783799; -0.122765
36.2; 441666; 246445; -0.0736826; -0.0753085; -0.107564; -0.109368; -0.163564
36.4; 521778; 275544; -0.0971683; -0.0988661; -0.130651; -0.132184; -0.185892
36.6; 616368; 301466; -0.115678; -0.117085; -0.142394; -0.143492; -0.186208
36.8; 687170; 392989; -0.129185; -0.131066; -0.146122; -0.146618; -0.172768
37; 716908; 465997; -0.137507; -0.139664; -0.144945; -0.144588; -0.154637
37.2; 711150; 459226; -0.144102; -0.143566; -0.141239; -0.140026; -0.134708
37.4; 690183; 428980; -0.147204; -0.145959; -0.134736; -0.132729; -0.111847
37.6; 688777; 445773; -0.145656; -0.143405; -0.122881; -0.120387; -0.0830856
37.8; 677907; 529951; -0.136654; -0.13392; -0.106607; -0.103277; -0.0538071
38; 685614; 683986; -0.118873; -0.115716; -0.0865455; -0.0833403; -0.0305152
38.2; 696968; 716719; -0.0926134; -0.0892982; -0.0638277; -0.0605322; -0.0138802
38.4; 713112; 637440; -0.0641679; -0.0611476; -0.0426164; -0.0395271; -0.00475877
38.6; 707285; 596055; -0.0412054; -0.0393282; -0.0290229; -0.027379; -0.00741373
38.8; 637433; 574920; -0.0299222; -0.0287352; -0.030131; -0.0299366; -0.0298788
39; 527457; 482035; -0.0302507; -0.0301011; -0.0451092; -0.0452198; -0.0686879
39.2; 456962; 328194; -0.0442942; -0.0451073; -0.0702577; -0.0724461; -0.114237
39.4; 449772; 246840; -0.0679552; -0.0693546; -0.101193; -0.103021; -0.156337
39.6; 503339; 259333; -0.0923887; -0.0940162; -0.126418; -0.128051; -0.18274
39.8; 603172; 295721; -0.11183; -0.114559; -0.13996; -0.142805; -0.187336
40; 688501; 369549; -0.126803; -0.130099; -0.145502; -0.147928; -0.176346
40.2; 720136; 462696; -0.136989; -0.138809; -0.146003; -0.146078; -0.159144
40.4; 713936; 461870; -0.143487; -0.143001; -0.142569; -0.141535; -0.139489
40.6; 693306; 425245; -0.14632; -0.145695; -0.136177; -0.134399; -0.11695
40.8; 692598; 431141; -0.145819; -0.144092; -0.12521; -0.122949; -0.0889416
41; 684518; 498141; -0.138879; -0.136163; -0.109911; -0.10668; -0.0590597
41.2; 686673; 655902; -0.12353; -0.120524; -0.0912125; -0.0879438; -0.0348947
41.4; 694170; 722028; -0.0988042; -0.0954428; -0.0686645; -0.0658241; -0.0170693
41.6; 706332; 644847; -0.069451; -0.0667642; -0.0465708; -0.0432667; -0.0059322
41.8; 712960; 594554; -0.0448549; -0.0422284; -0.0300043; -0.02862; -0.00507506
42; 652614; 578601; -0.0308103; -0.0295541; -0.0283032; -0.0275228; -0.0229446
42.2; 544359; 504088; -0.0291579; -0.0286271; -0.0406883; -0.0409958; -0.0592056
42.4; 459990; 360317; -0.0406285; -0.0413697; -0.0649913; -0.0660088; -0.10476
42.6; 440486; 252494; -0.0630949; -0.0644978; -0.0953942; -0.0972493; -0.149021
42.8; 491430; 251100; -0.0877834; -0.0894642; -0.122415; -0.124093; -0.179714
43; 582142; 283814; -0.108137; -0.110223; -0.138645; -0.139735; -0.188181
43.2; 669319; 354928; -0.124111; -0.12642; -0.145; -0.146661; -0.179252
43.4; 711344; 446650; -0.13506; -0.137194; -0.146245; -0.146278; -0.162686
43.6; 718604; 462822; -0.142109; -0.142846; -0.143469; -0.142718; -0.143569
43.8; 692356; 430613; -0.146739; -0.14544; -0.138134; -0.136416; -0.122035
44; 692775; 426453; -0.14687; -0.145294; -0.128329; -0.126031; -0.0953043
44.2; 691305; 474599; -0.141165; -0.138282; -0.113275; -0.110152; -0.0644804
44.4; 687158; 621163; -0.127192; -0.124349; -0.0949988; -0.0917314; -0.0387776
44.6; 690466; 721006; -0.104486; -0.100893; -0.0733964; -0.069985; -0.0195881
44.8; 700868; 659099; -0.0755994; -0.0725176; -0.0505979; -0.0477325; -0.00735681
45; 715547; 605184; -0.0493035; -0.0470479; -0.033144; -0.030682; -0.0043386
45.2; 669182; 582182; -0.0329523; -0.0310686; -0.0274885; -0.0267364; -0.0179227
45.4; 567510; 521400; -0.0281428; -0.0276514; -0.0368493; -0.0372665; -0.0508511
45.6; 473398; 387245; -0.0369048; -0.0374565; -0.0589269; -0.0599495; -0.0949149
45.8; 436797; 251818; -0.0580665; -0.0592706; -0.0891771; -0.0906103; -0.140461
46; 468387; 262923; -0.0828317; -0.0851766; -0.116879; -0.120545; -0.175252
46.2; 559549; 270946; -0.104395; -0.107177; -0.135381; -0.139123; -0.188641
46.4; 653971; 338922; -0.120891; -0.124378; -0.145083; -0.145796; -0.18257
46.6; 704466; 424958; -0.133697; -0.135277; -0.146461; -0.147031; -0.166669
46.8; 721313; 468259; -0.14136; -0.141378; -0.144031; -0.143724; -0.147573
47; 694162; 434727; -0.14605; -0.14492; -0.139327; -0.137802; -0.126446
47.2; 688652; 420458; -0.147348; -0.145836; -0.130754; -0.128542; -0.100976
47.4; 688921; 457326; -0.142948; -0.140355; -0.116543; -0.113766; -0.0705118
47.6; 680839; 588478; -0.130904; -0.127951; -0.0990672; -0.0957848; -0.0434618
47.8; 686403; 711412; -0.109611; -0.106173; -0.0777209; -0.0746206; -0.0227912
48; 689209; 675340; -0.0811007; -0.0781844; -0.0548181; -0.0517094; -0.00897396
48.2; 707364; 611115; -0.0541542; -0.0513091; -0.0355645; -0.0334485; -0.00375431
48.4; 677312; 588905; -0.035087; -0.0336707; -0.0276115; -0.0261811; -0.0134983
48.6; 582272; 538831; -0.0280905; -0.0274832; -0.0342208; -0.033935; -0.0430941
48.8; 483006; 416002; -0.0338458; -0.0342005; -0.0533468; -0.0546401; -0.0857301
49; 440703; 270082; -0.0529561; -0.053842; -0.0827561; -0.0839499; -0.131755
49.2; 460433; 244702; -0.0778093; -0.0795719; -0.112057; -0.114649; -0.169767
49.4; 533295; 262438; -0.100253; -0.103115; -0.132464; -0.136419; -0.187946
49.6; 640252; 325780; -0.117981; -0.121621; -0.143485; -0.145944; -0.185364
49.8; 704985; 401694; -0.132367; -0.133471; -0.147283; -0.147296; -0.170695
50; 724790; 466432; -0.140416; -0.140382; -0.144955; -0.144733; -0.151738
50.2; 705984; 437212; -0.14502; -0.144656; -0.14055; -0.139109; -0.130904
50.4; 690082; 414651; -0.147399; -0.145646; -0.132626; -0.130558; -0.106259
50.6; 691816; 440677; -0.143901; -0.142202; -0.119564; -0.116871; -0.0763473
50.8; 679930; 550173; -0.134158; -0.131003; -0.102896; -0.0996114; -0.0483997
51; 686416; 695502; -0.114743; -0.111342; -0.0824795; -0.0792666; -0.0266771
51.2; 694315; 682944; -0.0870024; -0.0841967; -0.0593721; -0.0564647; -0.011444
51.4; 711430; 604404; -0.0590776; -0.0562072; -0.0389339; -0.0361098; -0.0036639
51.6; 697533; 589642; -0.0380864; -0.0359579; -0.0277197; -0.0263778; -0.00959576
51.8; 607178; 546715; -0.0286647; -0.027828; -0.0312183; -0.0321461; -0.0360248
52; 498510; 440084; -0.0316946; -0.0319627; -0.0489285; -0.0498095; -0.077175
52.2; 448075; 291663; -0.0483736; -0.049423; -0.0768208; -0.0779389; -0.123302
52.4; 457875; 239223; -0.0726117; -0.0745189; -0.106834; -0.10889; -0.163551
52.6; 527821; 256874; -0.0961436; -0.0982283; -0.129796; -0.131804; -0.185772
52.8; 613444; 306392; -0.114789; -0.117279; -0.141377; -0.144165; -0.186385
53; 704307; 388345; -0.128872; -0.132061; -0.145693; -0.147963; -0.173444
53.2; 728904; 450365; -0.138954; -0.13968; -0.145919; -0.145407; -0.155772
53.4; 706925; 449934; -0.144903; -0.143959; -0.14203; -0.140937; -0.135987
53.6; 690373; 417523; -0.146405; -0.147128; -0.134916; -0.133283; -0.112552
53.8; 701165; 421456; -0.144734; -0.144028; -0.122617; -0.120382; -0.0828576
54; 695651; 512337; -0.136623; -0.133587; -0.106012; -0.102992; -0.0529057
54.2; 694084; 677774; -0.119249; -0.116281; -0.0866553; -0.0833214; -0.0297367
54.4; 690790; 700217; -0.0932367; -0.0898449; -0.0640292; -0.0608; -0.0134221
54.6; 703504; 619142; -0.0646865; -0.0616976; -0.0426811; -0.0402588; -0.00495356
54.8; 700487; 586138; -0.0411691; -0.0391958; -0.0289895; -0.027054; -0.00708761
55; 631975; 559008; -0.0293031; -0.0280032; -0.0283924; -0.0295345; -0.0281621
55.2; 521448; 469767; -0.0293285; -0.0293912; -0.0435495; -0.0441335; -0.0664391
55.4; 445104; 321747; -0.0437346; -0.0442647; -0.0699006; -0.0709025; -0.112831
55.6; 434001; 241112; -0.0673428; -0.0691803; -0.100716; -0.10302; -0.156492
55.8; 501085; 247578; -0.0919911; -0.0940498; -0.125649; -0.129504; -0.184073
56; 597619; 294492; -0.111234; -0.114842; -0.140498; -0.143187; -0.188967
56.2; 683056; 371341; -0.127113; -0.129402; -0.146874; -0.147005; -0.177304
56.4; 728092; 448381; -0.138017; -0.13779; -0.145934; -0.14636; -0.159395
56.6; 714488; 451462; -0.142825; -0.143989; -0.142738; -0.141494; -0.139355
56.8; 684598; 416509; -0.146617; -0.146528; -0.136438; -0.134998; -0.117092
57; 687429; 420265; -0.146732; -0.144527; -0.125894; -0.123402; -0.0892464
57.2; 683580; 489210; -0.139273; -0.136717; -0.110212; -0.107102; -0.0591672
57.4; 688121; 647850; -0.123773; -0.120731; -0.0911821; -0.088054; -0.0346225
57.6; 694534; 702972; -0.099062; -0.0955404; -0.0687992; -0.0654806; -0.0164339
57.8; 707435; 626966; -0.0700124; -0.0670627; -0.046301; -0.0438064; -0.00561238
58; 706506; 587919; -0.0451165; -0.0430182; -0.0309308; -0.0284528; -0.00515024
58.2; 645366; 566126; -0.0310053; -0.0296216; -0.0279253; -0.0280702; -0.0229866
58.4; 534237; 493775; -0.0283977; -0.0283445; -0.0399093; -0.0406957; -0.0587175
58.6; 453345; 349998; -0.039685; -0.0402737; -0.0640266; -0.065056; -0.103864
58.8; 437890; 243697; -0.0619485; -0.0633657; -0.0946028; -0.0961951; -0.148536
59; 490479; 248520; -0.086982; -0.0886216; -0.121733; -0.123725; -0.179816
59.2; 574613; 275664; -0.107189; -0.110725; -0.137666; -0.140904; -0.188831
59.4; 663711; 353341; -0.123823; -0.126994; -0.144722; -0.147701; -0.180115
59.6; 726316; 433721; -0.135786; -0.137648; -0.14681; -0.147087; -0.163555
59.8; 715767; 458190; -0.142397; -0.143505; -0.143783; -0.143481; -0.14417
60; 693100; 429070; -0.146957; -0.145853; -0.138503; -0.136873; -0.122586
60.2; 693876; 409179; -0.146901; -0.145448; -0.12828; -0.126261; -0.095346
60.4; 695949; 459832; -0.140666; -0.138642; -0.112904; -0.110142; -0.0640511
60.6; 690266; 617614; -0.127513; -0.124366; -0.0949381; -0.0915469; -0.0380304
60.8; 689627; 709910; -0.104813; -0.10131; -0.0732068; -0.070352; -0.0191397
61; 692992; 645894; -0.0759257; -0.0730607; -0.0509812; -0.0478178; -0.00721778
61.2; 705132; 593533; -0.0495744; -0.047038; -0.0330711; -0.0307688; -0.00411042
61.4; 662213; 571687; -0.0324389; -0.0310014; -0.0267471; -0.0264814; -0.0170603
61.6; 563508; 510716; -0.0278102; -0.0272348; -0.0363585; -0.0363779; -0.0496177
61.8; 467096; 374568; -0.0360949; -0.0371384; -0.0582066; -0.0593856; -0.0942172
62; 435552; 249723; -0.0573216; -0.0587524; -0.0886603; -0.090309; -0.140437
62.2; 469253; 249178; -0.0825585; -0.0844502; -0.116931; -0.120401; -0.176106
62.4; 555149; 270743; -0.103919; -0.107087; -0.135656; -0.139363; -0.189884
62.6; 658125; 334723; -0.120926; -0.124182; -0.144801; -0.146688; -0.18357
62.8; 719468; 418101; -0.134194; -0.135232; -0.147246; -0.146967; -0.167245
63; 733182; 459492; -0.141967; -0.141533; -0.144282; -0.144145; -0.147812
63.2; 697101; 424626; -0.145876; -0.146044; -0.139749; -0.138181; -0.126651
63.4; 685819; 413387; -0.147871; -0.1461; -0.131071; -0.128965; -0.101301
63.6; 687377; 451166; -0.14311; -0.140844; -0.116819; -0.114014; -0.0706242
63.8; 674724; 577458; -0.131151; -0.128223; -0.0992085; -0.0959362; -0.0433671
64; 686418; 700257; -0.109955; -0.106563; -0.0778962; -0.0747887; -0.0225864
64.2; 694231; 652079; -0.0816455; -0.0785709; -0.0549652; -0.0519444; -0.00860018
64.4; 708617; 586779; -0.0543011; -0.0516766; -0.0356831; -0.0333602; -0.00337387
64.6; 675982; 578888; -0.0352229; -0.0334371; -0.0272904; -0.0260757; -0.0129506
64.8; 579520; 526751; -0.0280375; -0.0272718; -0.0337609; -0.0337595; -0.0425258
65; 478037; 409109; -0.033335; -0.0336823; -0.0529804; -0.0539335; -0.0851506
65.2; 433686; 267787; -0.0520744; -0.0530782; -0.0821264; -0.0833242; -0.131512
65.4; 456064; 236449; -0.077137; -0.0786285; -0.111798; -0.114002; -0.17
65.6; 529873; 261734; -0.0997405; -0.102474; -0.13275; -0.13574; -0.188452
65.8; 638892; 322231; -0.117618; -0.121465; -0.143028; -0.146348; -0.185766
66; 705269; 398978; -0.132621; -0.133707; -0.147136; -0.14794; -0.1709
66.2; 723049; 459946; -0.141156; -0.14084; -0.145568; -0.14509; -0.152036
66.4; 701031; 436990; -0.145419; -0.145476; -0.140946; -0.139874; -0.131418
66.6; 687617; 408474; -0.147463; -0.14624; -0.132951; -0.131074; -0.106792
66.8; 691259; 429279; -0.144105; -0.142186; -0.119672; -0.117051; -0.0765369
67; 682022; 541593; -0.134102; -0.131107; -0.10275; -0.0995938; -0.0481099
67.2; 686474; 688600; -0.115049; -0.111791; -0.0824989; -0.0793897; -0.0261571
67.4; 685887; 670307; -0.0876197; -0.0844823; -0.0595372; -0.0564873; -0.0108666
67.6; 698286; 602713; -0.059403; -0.0564536; -0.0389846; -0.0363759; -0.00359483
67.8; 680885; 581470; -0.0376303; -0.0357891; -0.0274483; -0.025877; -0.00910057
68; 594756; 538474; -0.0282032; -0.0274466; -0.030698; -0.0311665; -0.034762
68.2; 489666; 433196; -0.0311282; -0.0315593; -0.0480777; -0.0490802; -0.0757536
68.4; 434769; 288919; -0.0479348; -0.048663; -0.0761194; -0.07737; -0.122605
68.6; 446565; 230785; -0.072314; -0.0739491; -0.106687; -0.108748; -0.164014
68.8; 509672; 260265; -0.095794; -0.0982774; -0.129377; -0.13291; -0.186972
69; 613722; 308342; -0.114318; -0.117957; -0.141656; -0.144907; -0.187707
69.2; 699662; 380928; -0.129547; -0.131724; -0.147003; -0.147407; -0.174181
69.4; 721357; 452182; -0.139491; -0.13942; -0.145741; -0.145805; -0.155826
69.6; 709963; 446769; -0.144655; -0.14462; -0.142101; -0.140893; -0.135591
69.8; 680770; 401608; -0.147824; -0.146428; -0.13513; -0.133386; -0.112253
70; 686128; 420811; -0.145841; -0.143919; -0.123108; -0.12053; -0.0828769
70.2; 679615; 517245; -0.137005; -0.134005; -0.1063; -0.103327; -0.0529961
70.4; 680726; 669575; -0.119353; -0.11639; -0.086657; -0.0834373; -0.029684
70.6; 685896; 686677; -0.0932986; -0.0900337; -0.0640534; -0.0606932; -0.0130769
70.8; 698481; 602720; -0.0646739; -0.0616649; -0.042334; -0.0400851; -0.00430413
71; 685842; 580748; -0.0412397; -0.0393476; -0.0290981; -0.0270381; -0.00695641
71.2; 609654; 549768; -0.0295013; -0.0281702; -0.0293115; -0.0293405; -0.0288828
71.4; 504977; 466139; -0.0294535; -0.0295005; -0.0439673; -0.0443079; -0.0670958
71.6; 441935; 309611; -0.0435861; -0.0442009; -0.0696656; -0.0711575; -0.113043
71.8; 439573; 234353; -0.0669258; -0.0686229; -0.100625; -0.102378; -0.156301
72; 498342; 247869; -0.0916785; -0.0932924; -0.125814; -0.1286; -0.184023
72.2; 593804; 293038; -0.110945; -0.114406; -0.139901; -0.143399; -0.189062
72.4; 685033; 368860; -0.126958; -0.129702; -0.146354; -0.147961; -0.1778
72.6; 720556; 440067; -0.137923; -0.138729; -0.146928; -0.146332; -0.160055
72.8; 711866; 446903; -0.144314; -0.143675; -0.142884; -0.142609; -0.140094
73; 682798; 414949; -0.147025; -0.146581; -0.136864; -0.134984; -0.11722
73.2; 691220; 412709; -0.146741; -0.144589; -0.125734; -0.123446; -0.0889758
73.4; 684474; 485510; -0.139219; -0.136474; -0.109884; -0.106754; -0.0584728
73.6; 679261; 636129; -0.123736; -0.120809; -0.0910199; -0.0876714; -0.0337343
73.8; 681674; 695202; -0.0992154; -0.0957282; -0.0684809; -0.0654624; -0.0156746
74; 692878; 620235; -0.0701179; -0.0672233; -0.0462548; -0.0436459; -0.00507603
74.2; 695378; 583272; -0.0449833; -0.0429707; -0.030713; -0.0283212; -0.00482727
74.4; 631650; 557673; -0.030868; -0.0293362; -0.0276656; -0.0279463; -0.0228482
74.6; 528000; 482248; -0.0283203; -0.0281684; -0.0395506; -0.0409835; -0.0588192
74.8; 450518; 335701; -0.0399472; -0.0404157; -0.0644905; -0.0651267; -0.10425
75; 435579; 239976; -0.0620555; -0.063813; -0.0944364; -0.0970158; -0.149015
75.2; 489357; 248100; -0.0871584; -0.0887081; -0.121495; -0.124508; -0.180277
75.4; 579288; 283619; -0.107991; -0.109892; -0.138866; -0.140119; -0.189454
75.6; 676988; 350268; -0.124952; -0.125926; -0.146051; -0.146876; -0.180739
75.8; 719187; 427990; -0.135902; -0.137538; -0.147073; -0.147124; -0.163959
76; 717065; 457141; -0.142498; -0.143909; -0.144308; -0.143463; -0.144488
76.2; 687580; 415624; -0.147338; -0.146185; -0.138653; -0.137098; -0.122476
76.4; 690530; 409079; -0.147286; -0.145833; -0.128592; -0.126388; -0.0952094
76.6; 686933; 463298; -0.141335; -0.138472; -0.113046; -0.110271; -0.0639626
76.8; 678836; 607077; -0.127196; -0.124681; -0.094741; -0.0916787; -0.0379582
77; 680417; 695883; -0.104641; -0.10111; -0.0731803; -0.0698083; -0.0186228
77.2; 684319; 633197; -0.075848; -0.0728847; -0.0504659; -0.0477661; -0.0066754
77.4; 697624; 585241; -0.0496481; -0.0471418; -0.0331207; -0.0306109; -0.00380405
77.6; 650738; 568773; -0.032688; -0.0311877; -0.0272554; -0.026638; -0.0176012
77.8; 549097; 502439; -0.0278126; -0.0272912; -0.0365482; -0.0366366; -0.0501749
78; 460945; 371217; -0.0359863; -0.0369332; -0.0582155; -0.0593411; -0.0944608
78.2; 432490; 244084; -0.0571261; -0.0581126; -0.0884183; -0.0899213; -0.140324
78.4; 468541; 244811; -0.0821547; -0.0838442; -0.117369; -0.11906; -0.17567
78.6; 559055; 269379; -0.104327; -0.106145; -0.136448; -0.138053; -0.189633
78.8; 657742; 340542; -0.121906; -0.123503; -0.145625; -0.146136; -0.183699
79; 705535; 414988; -0.134067; -0.136095; -0.147176; -0.147777; -0.167646
79.2; 715166; 455790; -0.141263; -0.142981; -0.145041; -0.144258; -0.148392
79.4; 690033; 425331; -0.146601; -0.145541; -0.139816; -0.138391; -0.126914
79.6; 680706; 406798; -0.147335; -0.146131; -0.1308; -0.128646; -0.100867
79.8; 686323; 442673; -0.143009; -0.140456; -0.116445; -0.113666; -0.0699755
80; 679558; 575407; -0.130937; -0.128; -0.0988645; -0.0955407; -0.0427122
80.2; 681469; 692823; -0.109927; -0.106544; -0.0778119; -0.0745069; -0.022079
80.4; 681254; 644798; -0.0815736; -0.0787639; -0.054971; -0.0518455; -0.00838581
80.6; 698091; 591083; -0.0543268; -0.0516279; -0.0356412; -0.0333612; -0.00331957
80.8; 664595; 573665; -0.034994; -0.0331833; -0.0270704; -0.0260174; -0.0130671
81; 565958; 522181; -0.027793; -0.0270681; -0.0334516; -0.033804; -0.0424882
81.2; 470572; 399920; -0.0334367; -0.0337267; -0.0532734; -0.0538957; -0.0853956
81.4; 430141; 255247; -0.052116; -0.0534636; -0.0815512; -0.0844155; -0.131893
81.6; 458173; 240116; -0.076742; -0.0791946; -0.111025; -0.11516; -0.170352
81.8; 537423; 250313; -0.100252; -0.101772; -0.133519; -0.134928; -0.188549
82; 642616; 329289; -0.118444; -0.120254; -0.143797; -0.145414; -0.18587
82.2; 706907; 391741; -0.131925; -0.134246; -0.146528; -0.148629; -0.171197
82.4; 723655; 458987; -0.140311; -0.142031; -0.145832; -0.145354; -0.152515
82.6; 699938; 429015; -0.146234; -0.14508; -0.141016; -0.140211; -0.131602
82.8; 686764; 402203; -0.147135; -0.147074; -0.133179; -0.131103; -0.106639
83; 693397; 426557; -0.143958; -0.142415; -0.119485; -0.116987; -0.0761531
83.2; 681411; 535889; -0.133955; -0.13101; -0.102418; -0.0994199; -0.0475928
83.4; 685028; 680225; -0.114858; -0.111681; -0.0822386; -0.0792535; -0.025904
83.6; 687219; 658040; -0.0876745; -0.0845059; -0.0597013; -0.0563916; -0.0108543
83.8; 698739; 589505; -0.0593734; -0.0564641; -0.0386268; -0.0365741; -0.00341506
84; 678806; 575435; -0.0378552; -0.035766; -0.0276506; -0.0258627; -0.0091431
84.2; 590642; 534178; -0.0282393; -0.0273576; -0.0310483; -0.0311222; -0.0351928
84.4; 485539; 426410; -0.0311581; -0.0313578; -0.0484389; -0.0489811; -0.0762906
84.6; 433632; 276577; -0.0478873; -0.0487963; -0.0762119; -0.0776186; -0.123036
84.8; 446731; 238949; -0.0720892; -0.073984; -0.106634; -0.108756; -0.164135
85; 513180; 258484; -0.0959198; -0.0977239; -0.130219; -0.131696; -0.186817
85.2; 617623; 307920; -0.115293; -0.116457; -0.142499; -0.14358; -0.187417
85.4; 702092; 379054; -0.12997; -0.131238; -0.147056; -0.147249; -0.174094
85.6; 721280; 451143; -0.138916; -0.140573; -0.146108; -0.145875; -0.155981
85.8; 698706; 439523; -0.144722; -0.145501; -0.142521; -0.14135; -0.136007
86; 682021; 408926; -0.148191; -0.146592; -0.135377; -0.133669; -0.112555
86.2; 691851; 418032; -0.145672; -0.143744; -0.122958; -0.120426; -0.0828202
86.4; 684786; 507622; -0.136716; -0.133734; -0.105997; -0.103111; -0.0527465
86.6; 685244; 662261; -0.119296; -0.116181; -0.0865142; -0.0831637; -0.029306
86.8; 684252; 679839; -0.0934385; -0.0901191; -0.0640238; -0.0607189; -0.0128747
87; 690232; 599577; -0.0649324; -0.0618022; -0.0426787; -0.0399562; -0.00423539
87.2; 682172; 580185; -0.041365; -0.0392541; -0.0289325; -0.0271051; -0.00679416
87.4; 612489; 547919; -0.029161; -0.028191; -0.0292351; -0.0289077; -0.0285029
87.6; 506109; 459576; -0.0293217; -0.0291124; -0.0435856; -0.0440695; -0.0666405
87.8; 440304; 309626; -0.0432365; -0.0439537; -0.0695821; -0.0707471; -0.112854
88; 436006; 224903; -0.0666387; -0.0684147; -0.1002; -0.10266; -0.156612
88.2; 497465; 250429; -0.0915599; -0.0930727; -0.125892; -0.128597; -0.184386
88.4; 593184; 299389; -0.111771; -0.113515; -0.141375; -0.142292; -0.18959
88.6; 687259; 365577; -0.12792; -0.128883; -0.147007; -0.147704; -0.178313
88.8; 725867; 433922; -0.137946; -0.139082; -0.14695; -0.146679; -0.160167
89; 716087; 449226; -0.143926; -0.144292; -0.143203; -0.142307; -0.139928
89.2; 685277; 414540; -0.147745; -0.146322; -0.136923; -0.135118; -0.11707
89.4; 687785; 406488; -0.146708; -0.144899; -0.125757; -0.123487; -0.0887724
89.6; 678836; 480895; -0.139287; -0.136397; -0.109676; -0.106898; -0.0583933
89.8; 678580; 635603; -0.123577; -0.120617; -0.0908987; -0.0875584; -0.0337435
90; 686485; 686515; -0.0991457; -0.0956333; -0.0686337; -0.0652562; -0.0157078
90.2; 699116; 609084; -0.0703494; -0.0672203; -0.0464451; -0.0436307; -0.00507613
90.4; 698361; 576899; -0.0452677; -0.0430571; -0.0306577; -0.0285807; -0.00479832
90.6; 633322; 556933; -0.0308641; -0.0293683; -0.0278794; -0.0275949; -0.0226218
90.8; 525903; 481305; -0.0281587; -0.0280857; -0.0398081; -0.040285; -0.0584371
91; 448047; 337374; -0.0396717; -0.0402076; -0.0637256; -0.0652235; -0.103782
91.2; 429896; 226063; -0.0620501; -0.0634271; -0.0948307; -0.0961588; -0.148691
91.4; 485514; 247174; -0.0870452; -0.088718; -0.121694; -0.124232; -0.180312
91.6; 573943; 281364; -0.107155; -0.110821; -0.137727; -0.14142; -0.189658
91.8; 669407; 350987; -0.124363; -0.126668; -0.145572; -0.147623; -0.180966
92; 725646; 425941; -0.136481; -0.136968; -0.147455; -0.146906; -0.164202
92.2; 719083; 446718; -0.14324; -0.142998; -0.143812; -0.143958; -0.144601
92.4; 687992; 414619; -0.147151; -0.146284; -0.138792; -0.136979; -0.122553
92.6; 688137; 402640; -0.147593; -0.145813; -0.128605; -0.126643; -0.0953316
92.8; 689153; 457694; -0.141375; -0.138983; -0.113372; -0.110354; -0.0640102
93; 686443; 606384; -0.127586; -0.124633; -0.094926; -0.0915922; -0.0377736
93.2; 686026; 694136; -0.104594; -0.101056; -0.0730916; -0.0697162; -0.0184698
93.4; 687050; 625273; -0.0757433; -0.0729206; -0.0504877; -0.0476752; -0.00659219
93.6; 697367; 574992; -0.0495683; -0.0471349; -0.0329642; -0.0306021; -0.00370222
93.8; 654287; 557465; -0.0326471; -0.0313266; -0.0272647; -0.0265468; -0.0173224
94; 548425; 501638; -0.0278007; -0.027274; -0.0364689; -0.0366673; -0.0501839
94.2; 455981; 369216; -0.0360194; -0.0364988; -0.058175; -0.0591078; -0.094439
94.4; 429923; 244811; -0.0567779; -0.0579443; -0.0883477; -0.0897317; -0.140426
94.6; 472359; 239770; -0.0819205; -0.0836128; -0.11691; -0.119335; -0.175874
94.8; 558212; 274434; -0.104283; -0.105799; -0.136629; -0.137742; -0.189799
95; 657910; 333016; -0.121795; -0.123467; -0.14519; -0.146546; -0.183741
95.2; 712100; 408680; -0.134098; -0.136366; -0.147484; -0.147643; -0.167612
95.4; 718466; 455268; -0.141731; -0.142992; -0.145078; -0.144502; -0.148334
95.6; 687641; 425257; -0.146964; -0.145666; -0.140092; -0.138534; -0.127015
95.8; 680354; 402740; -0.147571; -0.146266; -0.13092; -0.128975; -0.101157
96; 685604; 442703; -0.142989; -0.14043; -0.116549; -0.113782; -0.0703754
96.2; 675419; 576758; -0.130967; -0.1282; -0.0989441; -0.0957501; -0.0429031
96.4; 676044; 685853; -0.110006; -0.10679; -0.0778687; -0.074543; -0.0219235
96.6; 682477; 645133; -0.0817593; -0.0787991; -0.0548569; -0.0519197; -0.00807612
96.8; 691400; 580698; -0.0541246; -0.0516225; -0.0356597; -0.032933; -0.002966
97; 660840; 572089; -0.0347253; -0.0330532; -0.0266559; -0.0258132; -0.0125286
97.2; 569132; 514819; -0.027812; -0.0270149; -0.033654; -0.0332989; -0.0421288
97.4; 466695; 397397; -0.0332398; -0.0338515; -0.0525908; -0.0543886; -0.0852167
97.6; 428455; 256705; -0.0520402; -0.0530196; -0.0813088; -0.0844223; -0.131987
97.8; 461808; 232508; -0.076784; -0.0786153; -0.111677; -0.114419; -0.170719
98; 532280; 252146; -0.100154; -0.101591; -0.133757; -0.134849; -0.18905
98.2; 632712; 320748; -0.118724; -0.119894; -0.14401; -0.145233; -0.185983
98.4; 716162; 391839; -0.132345; -0.134002; -0.147479; -0.147628; -0.170954
98.6; 730588; 449024; -0.140592; -0.141963; -0.145776; -0.145322; -0.152204
98.8; 696852; 429180; -0.146144; -0.145461; -0.141405; -0.140005; -0.131559
99; 679907; 400145; -0.148008; -0.146667; -0.133375; -0.131503; -0.107073
99.2; 685346; 423173; -0.144442; -0.142315; -0.119792; -0.117234; -0.0765272
99.4; 678301; 536998; -0.133941; -0.13113; -0.102543; -0.0993112; -0.0475491
99.6; 684812; 677402; -0.114956; -0.111653; -0.0822552; -0.0789433; -0.0253904
99.8; 687133; 655753; -0.0877545; -0.0845218; -0.059391; -0.0564134; -0.0103524
100; 698302; 586117; -0.0594527; -0.0566236; -0.039141; -0.0363444; -0.00358465
100.2; 678787; 572069; -0.0375814; -0.0357986; -0.0274214; -0.026051; -0.00931702
100.4; 592353; 531445; -0.0282277; -0.0271521; -0.030536; -0.0312388; -0.0348463
100.6; 486726; 425449; -0.0309036; -0.0313921; -0.0480792; -0.0486978; -0.075611
100.8; 428666; 278155; -0.0476111; -0.0486103; -0.0757872; -0.0772306; -0.122338
101; 437458; 229186; -0.0719637; -0.0737032; -0.106191; -0.108777; -0.163923
101.2; 515443; 255400; -0.095836; -0.0977492; -0.130405; -0.131842; -0.187388
101.4; 610675; 305542; -0.114727; -0.117441; -0.142898; -0.14416; -0.188446
101.6; 698697; 375671; -0.129596; -0.132006; -0.147273; -0.147999; -0.17511
101.8; 733755; 446640; -0.139239; -0.14045; -0.14636; -0.14613; -0.15648
102; 712685; 435887; -0.145466; -0.144614; -0.142429; -0.141253; -0.135862
102.2; 687117; 404166; -0.147745; -0.146938; -0.13523; -0.133463; -0.112113
102.4; 686543; 413166; -0.145965; -0.14397; -0.12304; -0.120568; -0.082638
102.6; 676577; 508697; -0.137028; -0.134109; -0.106432; -0.103225; -0.052872
102.8; 681439; 659135; -0.119318; -0.116446; -0.0865874; -0.0833552; -0.0294267
103; 686347; 669834; -0.0933698; -0.090187; -0.0639254; -0.0607465; -0.0127836
103.2; 696892; 588734; -0.064872; -0.0618577; -0.0425971; -0.0398882; -0.00402714
103.4; 687638; 571331; -0.0412827; -0.0394482; -0.0289181; -0.0270554; -0.00661574
103.6; 610499; 547354; -0.0293592; -0.02803; -0.028724; -0.0293709; -0.0283678
103.8; 502559; 455295; -0.0292155; -0.0293056; -0.0436416; -0.0441339; -0.0668017
104; 437891; 304608; -0.0433564; -0.0441105; -0.0697311; -0.0708419; -0.112985
104.2; 429179; 229478; -0.0666112; -0.0687481; -0.100346; -0.102696; -0.15658
104.4; 490067; 246715; -0.0906149; -0.0941797; -0.125183; -0.129482; -0.184547
104.6; 594848; 297966; -0.110896; -0.114352; -0.140825; -0.14279; -0.189588
104.8; 681726; 359799; -0.127489; -0.128971; -0.146951; -0.147447; -0.178103
105; 720715; 440610; -0.138291; -0.138329; -0.146448; -0.146924; -0.160253
105.2; 713804; 442974; -0.143819; -0.144466; -0.143409; -0.142289; -0.14008
105.4; 681546; 403361; -0.14766; -0.146541; -0.136788; -0.135528; -0.117333
105.6; 687202; 408618; -0.146852; -0.145058; -0.12605; -0.123575; -0.0890363
105.8; 680555; 481978; -0.139428; -0.136588; -0.10981; -0.106928; -0.058304
106; 671771; 630578; -0.123623; -0.120914; -0.0908402; -0.0875629; -0.0333455
106.2; 677627; 686699; -0.0991254; -0.0956061; -0.068313; -0.0652284; -0.0152658
106.4; 685717; 607849; -0.0701904; -0.0671023; -0.046202; -0.0434996; -0.00480536
106.6; 685228; 569583; -0.0450316; -0.0429878; -0.0306261; -0.0284921; -0.00489346
106.8; 624626; 552373; -0.0307714; -0.0292699; -0.0278064; -0.0276032; -0.0226714
107; 519674; 474088; -0.0281931; -0.0280258; -0.0397155; -0.0403415; -0.0584173
107.2; 444716; 335002; -0.0394901; -0.0400234; -0.0636951; -0.0650009; -0.103798
107.4; 430099; 231071; -0.0619305; -0.0631893; -0.0947135; -0.0960868; -0.14872
107.6; 480451; 243994; -0.0868313; -0.0887726; -0.121473; -0.124548; -0.180605
107.8; 575035; 282982; -0.107203; -0.110865; -0.137976; -0.1415; -0.190092
108; 666684; 349145; -0.124354; -0.127034; -0.146652; -0.147077; -0.181368
108.2; 716516; 423682; -0.13701; -0.136971; -0.147249; -0.147663; -0.164476
108.4; 716403; 446123; -0.142835; -0.143828; -0.144428; -0.143599; -0.144618
108.6; 684138; 409743; -0.146666; -0.146951; -0.138606; -0.137112; -0.122325
108.8; 684337; 403152; -0.147682; -0.145701; -0.128578; -0.126425; -0.0949664
109; 681220; 455818; -0.141434; -0.138934; -0.113305; -0.110294; -0.0638537
109.2; 675568; 605044; -0.127673; -0.12459; -0.0949297; -0.0916096; -0.0377364
109.4; 680249; 688890; -0.104437; -0.101405; -0.072987; -0.0698958; -0.0184079
109.6; 688570; 612191; -0.0759375; -0.072927; -0.0505582; -0.0475874; -0.00636441
109.8; 692894; 567895; -0.049555; -0.0470769; -0.0327135; -0.0306954; -0.00355394
110; 646696; 556403; -0.0325838; -0.0310838; -0.0272289; -0.0262287; -0.0171093
110.2; 542584; 494481; -0.0274648; -0.0271872; -0.0363668; -0.0364157; -0.0500403
110.4; 452672; 363380; -0.0359743; -0.0363863; -0.05802; -0.0591774; -0.094437
110.6; 423803; 238324; -0.0568058; -0.0579153; -0.0884445; -0.0897387; -0.140566
110.8; 468066; 231485; -0.0819377; -0.0835846; -0.116887; -0.119474; -0.176065
111; 564333; 277210; -0.10367; -0.106432; -0.136606; -0.137864; -0.189948
111.2; 655321; 330408; -0.1211; -0.124034; -0.145053; -0.146688; -0.183906
111.4; 714413; 407748; -0.133906; -0.136469; -0.146716; -0.148576; -0.167967
111.6; 724212; 445822; -0.142122; -0.142904; -0.145401; -0.144628; -0.148685
111.8; 694174; 416017; -0.147097; -0.146054; -0.140094; -0.139115; -0.127325
112; 686223; 403038; -0.14754; -0.146774; -0.13124; -0.128999; -0.101238
112.2; 684016; 438308; -0.143171; -0.140673; -0.116578; -0.113865; -0.0700935
112.4; 678412; 565928; -0.130798; -0.128282; -0.0987649; -0.0956683; -0.0426152
112.6; 684633; 684834; -0.109934; -0.106481; -0.0777282; -0.0743699; -0.0217772
112.8; 682153; 629359; -0.0816026; -0.0786985; -0.0545971; -0.0519784; -0.00808125
113; 691150; 572137; -0.0544847; -0.0515575; -0.0358385; -0.0330548; -0.00309674
113.2; 660090; 565758; -0.0348899; -0.0332149; -0.0268518; -0.0258268; -0.0125402
113.4; 565555; 514270; -0.0276601; -0.0271084; -0.0331348; -0.0336972; -0.0420287
113.6; 466228; 393431; -0.0332174; -0.0335281; -0.052943; -0.0537192; -0.0850829
113.8; 430296; 253867; -0.0519263; -0.0527771; -0.0820815; -0.083441; -0.132011
114; 458683; 224906; -0.0765081; -0.0785136; -0.111804; -0.114107; -0.170802
114.2; 534879; 262355; -0.100023; -0.101444; -0.13356; -0.134989; -0.189262
114.4; 640055; 323733; -0.118656; -0.119977; -0.144314; -0.145123; -0.186258
114.6; 707240; 393473; -0.132589; -0.133813; -0.1475; -0.147742; -0.171072
114.8; 722400; 452290; -0.140559; -0.142169; -0.145895; -0.145381; -0.152295
115; 695939; 426109; -0.145898; -0.14594; -0.141447; -0.140083; -0.131549
115.2; 678693; 397849; -0.148196; -0.146551; -0.133383; -0.131459; -0.106901
115.4; 683362; 420587; -0.144456; -0.142423; -0.1198; -0.117322; -0.0765704
115.6; 677012; 536794; -0.134171; -0.131111; -0.102679; -0.0994254; -0.0476854
115.8; 679488; 673385; -0.115008; -0.111806; -0.082226; -0.0791687; -0.0255031
116; 687008; 654769; -0.0878442; -0.0845307; -0.0594843; -0.0563095; -0.0102253
116.2; 693623; 579286; -0.0593091; -0.056621; -0.039016; -0.0361979; -0.00336298
116.4; 675375; 565509; -0.0376567; -0.0357752; -0.0274187; -0.0260677; -0.0093129
116.6; 588031; 527617; -0.0280989; -0.0272716; -0.0308153; -0.0310766; -0.0350291
116.8; 482953; 415469; -0.0309212; -0.0312379; -0.0481806; -0.0486617; -0.0757834
117; 434229; 273657; -0.0468669; -0.04889; -0.0753856; -0.0775221; -0.122619
117.2; 449549; 231212; -0.0719417; -0.0731875; -0.105815; -0.10893; -0.164039
117.4; 514583; 251595; -0.0952121; -0.0978782; -0.130046; -0.131794; -0.187278
117.6; 613642; 308096; -0.114245; -0.117689; -0.14272; -0.14407; -0.188311
117.8; 702699; 373401; -0.129601; -0.132161; -0.146577; -0.14873; -0.174992
118; 734632; 444938; -0.139448; -0.14072; -0.146271; -0.146596; -0.156607
118.2; 709725; 436180; -0.145682; -0.144746; -0.142667; -0.141429; -0.136064
118.4; 687486; 398670; -0.147613; -0.147171; -0.135352; -0.133529; -0.112284
118.6; 690103; 408861; -0.145394; -0.144403; -0.122835; -0.120635; -0.0825582
118.8; 678182; 501964; -0.136978; -0.133928; -0.106219; -0.103087; -0.0525889
119; 681076; 656214; -0.119555; -0.116647; -0.0866586; -0.0834635; -0.0292582
119.2; 685302; 669516; -0.0936789; -0.0904358; -0.0641892; -0.0608636; -0.0128097
119.4; 692497; 585037; -0.0649073; -0.061928; -0.0424791; -0.0400912; -0.00403327
119.6; 683472; 567164; -0.0411687; -0.0390652; -0.0287698; -0.0268268; -0.00654267
119.8; 612632; 537425; -0.0289817; -0.0279458; -0.0289734; -0.0287546; -0.0282684
120; 504684; 445590; -0.0291875; -0.029205; -0.0436737; -0.0439898; -0.0666853
