0.004; 1181.16; 3142.71; 2.23061e-06; 2.61528e-06; 2.15463e-06; 2.50407e-06; 2.3373e-06
0.2; 73623.7; 132694; 0.000638266; -0.000446991; 0.000590077; -0.000549478; 0.000764096
0.4; 360643; 519334; -0.00209217; -0.00171335; -0.0026694; -0.00211184; -0.00250645
0.6; 601386; 603184; -0.00770137; -0.00761032; -0.00889896; -0.00893629; -0.00974247
0.8; 636923; 464068; -0.016017; -0.0161866; -0.0182489; -0.0190019; -0.0210179
1; 694998; 448272; -0.0245375; -0.0243581; -0.0286945; -0.0285761; -0.034096
1.2; 740620; 516247; -0.0314989; -0.030998; -0.0371704; -0.0370254; -0.0456345
1.4; 719382; 508434; -0.0368667; -0.0364735; -0.0439204; -0.0433032; -0.0540709
1.6; 678657; 488459; -0.0419315; -0.0423491; -0.0493803; -0.0492562; -0.0604209
1.8; 659045; 503945; -0.0496905; -0.0488576; -0.0561874; -0.0557132; -0.0661514
2; 642216; 504709; -0.0594732; -0.0590551; -0.0656093; -0.0648722; -0.074054
2.2; 615624; 496885; -0.0721653; -0.0717886; -0.0774313; -0.0777652; -0.0854932
2.4; 585176; 507329; -0.0861842; -0.0859805; -0.0921448; -0.091808; -0.100099
2.6; 563687; 515827; -0.0997737; -0.0997119; -0.106487; -0.106331; -0.115861
2.8; 563187; 515367; -0.111883; -0.111491; -0.119256; -0.119028; -0.130022
3; 573124; 509721; -0.121737; -0.121553; -0.129646; -0.1293; -0.141218
3.2; 579716; 510720; -0.130749; -0.130295; -0.138252; -0.137948; -0.149594
3.4; 579611; 511506; -0.139964; -0.139391; -0.146698; -0.146197; -0.15667
3.6; 569275; 509686; -0.15022; -0.149732; -0.155981; -0.155432; -0.164153
3.8; 548650; 515545; -0.161578; -0.16101; -0.166337; -0.165897; -0.172859
4; 526062; 523405; -0.172785; -0.172419; -0.177066; -0.176662; -0.182539
4.2; 512299; 525737; -0.182665; -0.182221; -0.186632; -0.18625; -0.191645
4.4; 513367; 522743; -0.19; -0.189507; -0.193795; -0.19335; -0.198526
4.6; 524318; 517001; -0.194696; -0.194197; -0.198168; -0.197658; -0.202424
4.8; 536922; 511294; -0.197623; -0.196869; -0.200364; -0.199672; -0.203552
5; 542922; 509345; -0.199691; -0.198883; -0.201451; -0.200647; -0.203042
5.2; 541832; 511198; -0.20183; -0.200909; -0.20243; -0.20153; -0.202066
5.4; 538755; 516538; -0.203909; -0.202982; -0.203407; -0.202519; -0.201183
5.6; 538441; 521808; -0.205247; -0.204256; -0.203885; -0.202901; -0.200076
5.8; 543315; 525794; -0.204725; -0.203789; -0.202741; -0.201808; -0.197854
6; 553333; 525510; -0.201767; -0.200687; -0.199314; -0.198247; -0.193598
6.2; 567887; 520374; -0.196272; -0.195141; -0.193365; -0.192241; -0.186964
6.4; 581051; 513296; -0.189056; -0.187838; -0.185577; -0.184365; -0.178313
6.6; 587745; 507519; -0.181144; -0.179771; -0.17698; -0.175605; -0.168611
6.8; 589332; 506535; -0.173152; -0.171743; -0.16826; -0.16685; -0.158731
7; 591864; 510455; -0.165286; -0.163806; -0.159716; -0.158239; -0.149018
7.2; 597714; 516686; -0.157042; -0.155562; -0.150952; -0.149475; -0.139316
7.4; 607137; 519288; -0.147786; -0.146313; -0.141387; -0.139914; -0.12917
7.6; 620607; 517813; -0.137102; -0.135641; -0.130598; -0.129137; -0.118179
7.8; 636048; 512136; -0.125142; -0.123666; -0.118679; -0.1172; -0.106342
8; 647779; 503042; -0.112529; -0.111025; -0.106173; -0.104658; -0.0940811
8.2; 654375; 495909; -0.100117; -0.0985451; -0.0938585; -0.0922806; -0.0819786
8.4; 658672; 493418; -0.088488; -0.086898; -0.0823084; -0.0807102; -0.0705974
8.6; 663732; 494984; -0.0778232; -0.0762405; -0.0717263; -0.0701355; -0.0601493
8.8; 670397; 498875; -0.0678806; -0.0663554; -0.0619459; -0.0604054; -0.0505895
9; 678670; 501247; -0.0582325; -0.0567902; -0.0526052; -0.0511472; -0.0417133
9.2; 687320; 499908; -0.0486412; -0.0472616; -0.0434995; -0.042102; -0.033374
9.4; 693541; 495031; -0.0391907; -0.0378602; -0.0346929; -0.0333516; -0.0256487
9.6; 695745; 487958; -0.0303089; -0.0290084; -0.0265564; -0.0252443; -0.0187856
9.8; 694156; 481431; -0.0225799; -0.0213345; -0.0195921; -0.0183108; -0.0131246
10; 690295; 477400; -0.0164855; -0.015261; -0.0141857; -0.0129435; -0.00891768
10.2; 686326; 477357; -0.0120933; -0.0109389; -0.0104264; -0.00925299; -0.00622088
10.4; 683354; 480731; -0.00921494; -0.00813889; -0.00816748; -0.00705936; -0.00494044
10.6; 680941; 483213; -0.00749585; -0.00650425; -0.00709889; -0.00609951; -0.00493716
10.8; 677283; 482836; -0.00667252; -0.0057728; -0.00703615; -0.00612977; -0.0061024
11; 670577; 479093; -0.00672576; -0.0059201; -0.00794744; -0.00712866; -0.008431
11.2; 660685; 472739; -0.00787333; -0.00712551; -0.00997821; -0.00922358; -0.0119583
11.4; 648566; 466835; -0.0104061; -0.00970429; -0.013347; -0.0126453; -0.0167637
11.6; 636399; 464435; -0.0145176; -0.0138679; -0.0182001; -0.0175457; -0.0228792
11.8; 626530; 464992; -0.0202328; -0.0196206; -0.0245297; -0.0239164; -0.0302329
12; 619380; 467192; -0.0273239; -0.0268025; -0.0321274; -0.0316103; -0.0386805
12.2; 613111; 469980; -0.0354835; -0.0350186; -0.0407389; -0.0402768; -0.0480044
12.4; 605917; 471830; -0.0443295; -0.0439495; -0.0500219; -0.0496464; -0.0579996
12.6; 596947; 471073; -0.0536894; -0.0533581; -0.0598243; -0.0594992; -0.0685286
12.8; 586128; 468226; -0.0635199; -0.0632289; -0.0700768; -0.069793; -0.0795035
13; 574035; 464768; -0.0738916; -0.0736162; -0.0807973; -0.0805328; -0.0908409
13.2; 562505; 462161; -0.0848715; -0.0845905; -0.0919887; -0.091724; -0.102413
13.4; 553007; 461331; -0.0963996; -0.096125; -0.10356; -0.1033; -0.114069
13.6; 545401; 464184; -0.108266; -0.108003; -0.11532; -0.115068; -0.125639
13.8; 538754; 468070; -0.120164; -0.119905; -0.127006; -0.126756; -0.136947
14; 532309; 470874; -0.131758; -0.131492; -0.138327; -0.138072; -0.147788
14.2; 525687; 471486; -0.142768; -0.142493; -0.149037; -0.148774; -0.157995
14.4; 519348; 470566; -0.153067; -0.15277; -0.159009; -0.158721; -0.167426
14.6; 513755; 469399; -0.162643; -0.162304; -0.168195; -0.167867; -0.175987
14.8; 509218; 469523; -0.17152; -0.17113; -0.176585; -0.176205; -0.183585
15; 506182; 470526; -0.179683; -0.179243; -0.184139; -0.183709; -0.19014
15.2; 505425; 471973; -0.187015; -0.186518; -0.190757; -0.190271; -0.195566
15.4; 506345; 474259; -0.193308; -0.192765; -0.196271; -0.195737; -0.199771
15.6; 507923; 476529; -0.198346; -0.197742; -0.200517; -0.199924; -0.202682
15.8; 509713; 477857; -0.201956; -0.201284; -0.203365; -0.202699; -0.20424
16; 511942; 477888; -0.204092; -0.203351; -0.20477; -0.204034; -0.20443
16.2; 514769; 476937; -0.204832; -0.204011; -0.20479; -0.203973; -0.203263
16.4; 518581; 476111; -0.204274; -0.203374; -0.203493; -0.202592; -0.200746
16.6; 523925; 476249; -0.202494; -0.201509; -0.200929; -0.199942; -0.196877
16.8; 530211; 477853; -0.199515; -0.198455; -0.197132; -0.196069; -0.191713
17; 536259; 480019; -0.195315; -0.194188; -0.192129; -0.190999; -0.185359
17.2; 541841; 481929; -0.189845; -0.188656; -0.185939; -0.184746; -0.177954
17.4; 547422; 482356; -0.183111; -0.181864; -0.178603; -0.177353; -0.169606
17.6; 553119; 480383; -0.175211; -0.173914; -0.170219; -0.168916; -0.160418
17.8; 559509; 477403; -0.16632; -0.16497; -0.160929; -0.159574; -0.150476
18; 567284; 474641; -0.156642; -0.155247; -0.150905; -0.149504; -0.139887
18.2; 575915; 472960; -0.146384; -0.144949; -0.140329; -0.138888; -0.128788
18.4; 584650; 472557; -0.135685; -0.134219; -0.129346; -0.127883; -0.117343
18.6; 592969; 472748; -0.124604; -0.123182; -0.11806; -0.116631; -0.105733
18.8; 600813; 471669; -0.113287; -0.111849; -0.106641; -0.105198; -0.0941345
19; 608355; 469173; -0.101774; -0.100343; -0.0951733; -0.0937164; -0.0827117
19.2; 615926; 466399; -0.0902187; -0.0887823; -0.0837792; -0.0823381; -0.0716084
19.4; 623821; 463449; -0.0788018; -0.0773814; -0.0726482; -0.0712252; -0.060963
19.6; 631694; 460451; -0.0677522; -0.066359; -0.0619724; -0.0605596; -0.0508971
19.8; 638777; 458042; -0.0572933; -0.0559203; -0.051921; -0.0505351; -0.0415365
20; 644584; 456423; -0.0475861; -0.046243; -0.0426544; -0.041302; -0.0330073
20.2; 649047; 455642; -0.0387252; -0.0374181; -0.0342794; -0.0329554; -0.0254215
20.4; 651991; 455358; -0.0307527; -0.0294993; -0.0268499; -0.0255775; -0.0188881
20.6; 653257; 454586; -0.0237181; -0.0225149; -0.0204328; -0.0192189; -0.0134997
20.8; 652986; 452807; -0.0176748; -0.0165407; -0.0150951; -0.0139406; -0.00932233
21; 651052; 450175; -0.0127345; -0.0116719; -0.0109143; -0.00983814; -0.00641819
21.2; 647343; 447247; -0.00901144; -0.0080346; -0.00798519; -0.00699827; -0.00482941
21.4; 642183; 444704; -0.00662625; -0.00571737; -0.00639626; -0.00547359; -0.00456197
21.6; 635902; 443185; -0.00562261; -0.00479032; -0.00616107; -0.00531979; -0.00561641
21.8; 628985; 442566; -0.00600996; -0.00523741; -0.00728805; -0.00650918; -0.00796758
22; 621963; 442229; -0.00772143; -0.00702058; -0.00971138; -0.00900497; -0.0115697
22.2; 614358; 441569; -0.0106825; -0.0100783; -0.0133703; -0.0127624; -0.0164009
22.4; 605832; 440767; -0.0148742; -0.0143336; -0.0182675; -0.017726; -0.0224705
22.6; 597127; 439737; -0.0202401; -0.0197803; -0.0243461; -0.0238819; -0.0297429
22.8; 588471; 438180; -0.0267613; -0.0263652; -0.0315915; -0.0310957; -0.0380702
23; 580390; 436669; -0.0343831; -0.0340473; -0.0397986; -0.03939; -0.0472982
23.2; 572988; 435823; -0.0430604; -0.0426737; -0.0489191; -0.0485623; -0.0572433
23.4; 565613; 437027; -0.052539; -0.0522358; -0.0588156; -0.0584803; -0.067773
23.6; 557561; 439136; -0.0627687; -0.0624783; -0.0693089; -0.0690451; -0.0787699
23.8; 548973; 440105; -0.0734951; -0.0733288; -0.0802927; -0.0800675; -0.0901179
24; 539934; 439694; -0.0847085; -0.0844643; -0.0916235; -0.0913919; -0.101684
24.2; 531044; 439383; -0.0961113; -0.0958939; -0.103118; -0.102915; -0.113347
24.4; 522821; 439368; -0.107637; -0.107437; -0.11467; -0.114468; -0.12493
24.6; 515372; 440357; -0.119174; -0.11895; -0.126119; -0.125909; -0.136249
24.8; 508593; 442164; -0.130552; -0.130328; -0.137303; -0.137081; -0.147099
25; 502788; 443677; -0.141639; -0.141399; -0.148062; -0.147829; -0.15732
25.2; 497623; 445053; -0.15225; -0.151965; -0.158242; -0.157968; -0.166778
25.4; 493194; 446820; -0.162187; -0.161884; -0.167679; -0.167382; -0.175387
25.6; 489717; 448879; -0.171329; -0.170972; -0.17627; -0.175924; -0.183057
25.8; 487188; 450135; -0.179518; -0.179125; -0.183878; -0.183495; -0.189708
26; 486037; 450368; -0.186689; -0.186244; -0.190432; -0.189993; -0.195232
26.2; 486072; 450780; -0.192768; -0.19226; -0.19584; -0.195342; -0.19953
26.4; 486985; 451527; -0.197684; -0.19712; -0.200031; -0.199472; -0.202512
26.6; 488779; 452691; -0.201381; -0.200735; -0.202949; -0.202304; -0.204118
26.8; 491520; 454210; -0.203776; -0.203058; -0.204529; -0.203812; -0.204341
27; 494792; 455762; -0.204834; -0.204036; -0.204772; -0.203973; -0.203219
27.2; 498481; 457268; -0.204515; -0.203646; -0.203659; -0.202786; -0.200782
27.4; 503148; 458287; -0.202825; -0.201876; -0.201195; -0.200242; -0.197023
27.6; 508491; 458770; -0.199788; -0.198772; -0.197403; -0.196382; -0.191973
27.8; 513559; 458852; -0.195464; -0.194371; -0.192351; -0.191253; -0.185704
28; 518635; 459090; -0.189899; -0.188743; -0.18611; -0.184948; -0.178333
28.2; 524320; 459229; -0.183192; -0.181973; -0.178793; -0.177567; -0.169999
28.4; 530364; 458511; -0.17545; -0.174174; -0.170511; -0.169228; -0.160819
28.6; 536769; 457406; -0.166784; -0.165458; -0.161377; -0.160044; -0.150906
28.8; 544033; 456461; -0.157305; -0.155935; -0.151498; -0.150122; -0.140363
29; 551957; 455594; -0.147129; -0.145723; -0.140993; -0.139582; -0.129311
29.2; 559960; 454545; -0.136366; -0.134971; -0.129971; -0.128591; -0.117907
29.4; 567566; 453030; -0.125171; -0.123804; -0.118638; -0.117243; -0.106314
29.6; 574902; 450171; -0.113737; -0.112326; -0.107137; -0.105711; -0.0947002
29.8; 582539; 447293; -0.102163; -0.100752; -0.0955968; -0.0941891; -0.0832452
30; 590612; 445502; -0.0906349; -0.089226; -0.0842231; -0.0827991; -0.0721033
30.2; 598924; 443884; -0.0793268; -0.0779259; -0.0731527; -0.0717398; -0.0614325
30.4; 606866; 441861; -0.0683951; -0.0670201; -0.0625359; -0.0611576; -0.0513555
30.6; 613690; 440085; -0.0579787; -0.0566279; -0.0525129; -0.0511467; -0.0419687
30.8; 619318; 438718; -0.0482006; -0.0468886; -0.0431859; -0.0418603; -0.0333959
31; 623774; 437505; -0.0391928; -0.0379053; -0.0346894; -0.0333929; -0.0257457
31.2; 626878; 436109; -0.0310407; -0.0298124; -0.0271174; -0.0258703; -0.0191279
31.4; 628185; 434644; -0.0238803; -0.0226978; -0.0205907; -0.0193953; -0.0136588
31.6; 628051; 432643; -0.0177911; -0.0166731; -0.0151933; -0.0140617; -0.00941072
31.8; 626649; 430744; -0.0128571; -0.0118251; -0.0109938; -0.00994671; -0.00644376
32; 623748; 428833; -0.00917073; -0.00820053; -0.00806664; -0.00708952; -0.00478511
32.2; 619457; 427109; -0.00675655; -0.0058714; -0.00643122; -0.00553462; -0.00444796
32.4; 613999; 425905; -0.00566069; -0.00484813; -0.00611111; -0.00529019; -0.00542135
32.6; 607541; 424860; -0.00589343; -0.00514913; -0.00710822; -0.00636025; -0.00769447
32.8; 600671; 423875; -0.00744017; -0.00677369; -0.00940039; -0.00872812; -0.011226
33; 593281; 422800; -0.0102799; -0.00970027; -0.0129562; -0.0123739; -0.0159836
33.2; 585093; 421950; -0.0143926; -0.0138818; -0.0177711; -0.0172605; -0.0219703
33.4; 577118; 421464; -0.0197308; -0.0192929; -0.0238036; -0.0233651; -0.0291647
33.6; 569411; 420443; -0.0262438; -0.0258706; -0.0309723; -0.0305997; -0.0374328
33.8; 562140; 419243; -0.0338514; -0.0335271; -0.039186; -0.0388264; -0.0466021
34; 555370; 418876; -0.0424197; -0.0421524; -0.0482798; -0.0479265; -0.0565089
34.2; 548709; 419553; -0.0518263; -0.0516079; -0.0580975; -0.0577863; -0.0670045
34.4; 541302; 420585; -0.0620014; -0.0616952; -0.0685181; -0.0682704; -0.0779686
34.6; 533347; 421655; -0.072612; -0.0724939; -0.0794264; -0.0792523; -0.089311
34.8; 524829; 422048; -0.0838182; -0.0835661; -0.0907195; -0.0905698; -0.100876
35; 516019; 422747; -0.0952397; -0.095028; -0.102283; -0.102061; -0.112542
35.2; 507703; 423480; -0.106809; -0.106645; -0.113859; -0.113665; -0.124127
35.4; 500626; 424590; -0.118417; -0.118195; -0.125322; -0.125156; -0.135434
35.6; 494762; 425736; -0.129806; -0.129612; -0.13655; -0.136325; -0.146297
35.8; 489356; 427579; -0.14089; -0.140666; -0.147305; -0.147097; -0.156564
36; 484295; 429058; -0.151487; -0.151215; -0.157504; -0.157256; -0.166098
36.2; 479952; 430427; -0.161416; -0.161151; -0.166988; -0.166702; -0.174808
36.4; 476859; 432026; -0.170622; -0.170274; -0.175634; -0.175317; -0.182571
36.6; 474655; 433513; -0.178904; -0.178537; -0.183344; -0.182974; -0.189301
36.8; 473173; 434622; -0.186197; -0.185771; -0.189998; -0.189574; -0.194896
37; 473383; 435707; -0.192385; -0.191895; -0.195488; -0.195018; -0.199246
37.2; 474253; 436969; -0.197384; -0.196845; -0.199765; -0.199216; -0.202289
37.4; 475501; 438208; -0.20115; -0.200522; -0.202745; -0.202128; -0.203974
37.6; 477596; 439435; -0.203599; -0.202906; -0.204404; -0.203705; -0.204298
37.8; 480693; 440900; -0.204717; -0.203942; -0.204719; -0.203941; -0.203275
38; 484430; 442289; -0.204481; -0.203634; -0.203693; -0.202845; -0.200938
38.2; 488942; 443374; -0.202903; -0.201973; -0.20134; -0.200402; -0.19728
38.4; 494252; 443952; -0.199984; -0.198987; -0.197654; -0.196649; -0.192315
38.6; 499097; 444747; -0.195771; -0.194702; -0.192698; -0.191621; -0.186118
38.8; 503615; 445632; -0.190303; -0.189162; -0.186538; -0.185391; -0.178803
39; 508859; 446038; -0.183654; -0.182454; -0.179271; -0.178064; -0.170503
39.2; 514647; 445100; -0.175948; -0.174693; -0.171023; -0.16976; -0.161354
39.4; 520625; 443854; -0.167315; -0.166008; -0.161924; -0.160609; -0.151481
39.6; 527351; 442853; -0.157873; -0.156523; -0.152088; -0.15073; -0.140988
39.8; 535088; 442164; -0.147745; -0.146359; -0.141631; -0.140238; -0.129984
40; 542988; 441179; -0.137031; -0.13567; -0.130648; -0.129299; -0.118609
40.2; 550502; 439546; -0.125893; -0.124543; -0.119354; -0.117979; -0.107024
40.4; 557548; 437181; -0.114478; -0.113089; -0.107861; -0.106454; -0.0953953
40.6; 565023; 434897; -0.102903; -0.101512; -0.096307; -0.0949207; -0.0839094
40.8; 572822; 433082; -0.0913505; -0.089962; -0.0849046; -0.0835023; -0.0727332
41; 580878; 431317; -0.0800054; -0.0786213; -0.0737957; -0.0724014; -0.0620188
41.2; 588649; 429055; -0.0690322; -0.0676758; -0.0631393; -0.0617806; -0.051908
41.4; 595404; 426854; -0.058582; -0.0572493; -0.0530814; -0.0517357; -0.042485
41.6; 600942; 425722; -0.0487736; -0.0474743; -0.0437215; -0.0424101; -0.0338726
41.8; 605676; 424863; -0.0397181; -0.0384509; -0.0351694; -0.0338963; -0.0261588
42; 609119; 423679; -0.0315158; -0.0302968; -0.0275369; -0.0263044; -0.019462
42.2; 610666; 422255; -0.0242808; -0.0231125; -0.0209311; -0.0197484; -0.0138998
42.4; 610712; 420320; -0.0181111; -0.0170061; -0.015447; -0.0143323; -0.00956165
42.6; 609549; 418252; -0.0130852; -0.012068; -0.0111581; -0.0101263; -0.00650706
42.8; 606911; 416501; -0.00930795; -0.00834839; -0.0081429; -0.00717751; -0.0047652
43; 602947; 414942; -0.00680585; -0.00593003; -0.00642205; -0.00553861; -0.00434788
43.2; 598056; 413529; -0.00562264; -0.00482679; -0.00601802; -0.00521291; -0.00524275
43.4; 592248; 412400; -0.00577554; -0.00504508; -0.00693418; -0.00620173; -0.00743492
43.6; 585856; 411588; -0.0072409; -0.00658736; -0.00914653; -0.00848979; -0.010889
43.8; 579007; 410772; -0.00999196; -0.00942584; -0.0126179; -0.0120486; -0.0155665
44; 571181; 409847; -0.0140121; -0.013509; -0.0173407; -0.0168397; -0.0214619
44.2; 563348; 409309; -0.0192488; -0.0188227; -0.0232735; -0.0228488; -0.0285626
44.4; 555999; 408216; -0.0256733; -0.0253119; -0.030361; -0.0299999; -0.0367571
44.6; 549108; 407196; -0.0332074; -0.0328987; -0.0384882; -0.0381827; -0.0458738
44.8; 542623; 406692; -0.041726; -0.0414684; -0.0475123; -0.0472581; -0.0557441
45; 536387; 407564; -0.0510916; -0.0508866; -0.0573458; -0.0570339; -0.0662101
45.2; 529517; 408512; -0.0611696; -0.060991; -0.0677212; -0.0674919; -0.0771517
45.4; 522024; 409521; -0.0718743; -0.0716156; -0.0786246; -0.0784106; -0.0884548
45.6; 514231; 410136; -0.0829463; -0.0827477; -0.0899031; -0.0896856; -0.100015
45.8; 506112; 410890; -0.0943504; -0.094162; -0.101388; -0.101212; -0.11168
46; 498134; 411877; -0.105936; -0.105747; -0.112977; -0.112806; -0.123279
46.2; 491382; 412348; -0.117517; -0.117345; -0.124482; -0.124293; -0.13462
46.4; 485576; 413742; -0.128958; -0.128762; -0.135706; -0.135528; -0.145526
46.6; 480430; 415801; -0.140074; -0.139858; -0.14653; -0.146317; -0.155839
46.8; 475483; 417826; -0.150703; -0.150475; -0.156771; -0.156541; -0.165436
47; 471379; 419133; -0.160711; -0.16043; -0.166305; -0.166039; -0.174192
47.2; 468349; 420515; -0.16994; -0.169633; -0.175012; -0.174703; -0.182022
47.4; 466001; 422160; -0.178299; -0.177937; -0.182783; -0.182429; -0.188825
47.6; 464289; 423721; -0.185664; -0.185256; -0.189516; -0.189113; -0.194507
47.8; 463944; 424752; -0.191933; -0.191468; -0.195103; -0.194638; -0.198956
48; 465111; 425901; -0.197025; -0.196497; -0.199455; -0.198933; -0.202081
48.2; 466616; 427448; -0.200878; -0.200278; -0.20254; -0.201934; -0.203866
48.4; 468575; 429095; -0.203433; -0.202754; -0.204293; -0.203614; -0.204286
48.6; 471137; 430361; -0.20465; -0.203895; -0.20471; -0.20395; -0.203362
48.8; 474304; 431805; -0.204514; -0.203683; -0.203785; -0.202946; -0.201122
49; 478756; 433022; -0.203026; -0.202117; -0.201519; -0.200604; -0.197557
49.2; 483937; 433915; -0.200202; -0.199223; -0.197929; -0.196941; -0.192687
49.4; 488765; 434792; -0.196083; -0.195029; -0.193064; -0.192; -0.186573
49.6; 493166; 435721; -0.190701; -0.189581; -0.18698; -0.185852; -0.179315
49.8; 498059; 436138; -0.18414; -0.182957; -0.179791; -0.1786; -0.171081
50; 503439; 435569; -0.17651; -0.17527; -0.171612; -0.170364; -0.161986
50.2; 509160; 434267; -0.167937; -0.166646; -0.162568; -0.161268; -0.15216
50.4; 515740; 433382; -0.158548; -0.157212; -0.152779; -0.151435; -0.141707
50.6; 523113; 432822; -0.148459; -0.147088; -0.142359; -0.14098; -0.130735
50.8; 530544; 432025; -0.137779; -0.136432; -0.131404; -0.130069; -0.119382
51; 537745; 430326; -0.126665; -0.125337; -0.120127; -0.118771; -0.1078
51.2; 545023; 427802; -0.115275; -0.113898; -0.108646; -0.107251; -0.0961621
51.4; 552471; 425725; -0.103703; -0.102323; -0.0970851; -0.0957126; -0.0846546
51.6; 560009; 424184; -0.0921441; -0.0907655; -0.085672; -0.0842779; -0.0734497
51.8; 567745; 422351; -0.0807778; -0.0794113; -0.0745366; -0.0731618; -0.0627126
52; 575577; 419881; -0.0697705; -0.0684252; -0.0638416; -0.062495; -0.0525491
52.2; 582190; 417680; -0.0592764; -0.057957; -0.0537373; -0.0524026; -0.043076
52.4; 587607; 416655; -0.0494186; -0.0481296; -0.0443216; -0.0430224; -0.0344013
52.6; 592524; 416050; -0.0403084; -0.0390486; -0.0357081; -0.0344447; -0.0266148
52.8; 596257; 414790; -0.0320337; -0.0308282; -0.0279989; -0.0267787; -0.0198326
53; 597895; 413078; -0.0247312; -0.0235686; -0.0213205; -0.0201491; -0.014193
53.2; 598235; 411250; -0.0184737; -0.0173899; -0.0157499; -0.0146587; -0.00977852
53.4; 597307; 409266; -0.0133728; -0.0123474; -0.0113872; -0.0103496; -0.00663355
53.6; 594927; 407453; -0.00949201; -0.00854988; -0.00827038; -0.00732258; -0.00480655
53.8; 591448; 406072; -0.00690286; -0.00603152; -0.00646228; -0.00558392; -0.00429512
54; 586911; 404684; -0.00562892; -0.00483398; -0.00596518; -0.0051644; -0.00509543
54.2; 581430; 403488; -0.00568281; -0.00496499; -0.00678326; -0.00606385; -0.00719311
54.4; 575262; 402751; -0.00705355; -0.00640859; -0.00890271; -0.0082564; -0.0105573
54.6; 568722; 401986; -0.00970941; -0.0091472; -0.0122816; -0.0117185; -0.0151454
54.8; 561205; 401050; -0.0136327; -0.013136; -0.0169103; -0.0164159; -0.0209497
55; 553693; 399958; -0.0187796; -0.0183545; -0.0227543; -0.0223316; -0.0279613
55.2; 546851; 398773; -0.0251129; -0.0247519; -0.0297538; -0.0293955; -0.0360748
55.4; 540340; 398009; -0.0325574; -0.032259; -0.0378015; -0.0375065; -0.0451352
55.6; 534011; 397795; -0.041003; -0.0407589; -0.0467637; -0.0465218; -0.0549575
55.8; 527826; 398348; -0.0503198; -0.0501221; -0.0565294; -0.0562747; -0.06539
56; 521495; 398965; -0.0603642; -0.0601898; -0.066912; -0.0666639; -0.0763072
56.2; 514693; 399866; -0.071013; -0.0707888; -0.0777658; -0.0775627; -0.0875856
56.4; 507221; 400997; -0.0820654; -0.0818677; -0.0890178; -0.0888038; -0.099124
56.6; 499029; 402038; -0.093442; -0.0932588; -0.100477; -0.10032; -0.110782
56.8; 491220; 402831; -0.105012; -0.104834; -0.112073; -0.111895; -0.122387
57; 484479; 403521; -0.116607; -0.116439; -0.123582; -0.123407; -0.13375
57.2; 478897; 404890; -0.128068; -0.127887; -0.134837; -0.134674; -0.144696
57.4; 473711; 406772; -0.13922; -0.139013; -0.145708; -0.145494; -0.155059
57.6; 468849; 409149; -0.149891; -0.149672; -0.15599; -0.15578; -0.16472
57.8; 464859; 410629; -0.159949; -0.159679; -0.16559; -0.165326; -0.173548
58; 461699; 411804; -0.169242; -0.168945; -0.174363; -0.174065; -0.181455
58.2; 458970; 413430; -0.17767; -0.177319; -0.182206; -0.181864; -0.188337
58.4; 457244; 415027; -0.185105; -0.184709; -0.189016; -0.188619; -0.194099
58.6; 457422; 416292; -0.191458; -0.191007; -0.194685; -0.194237; -0.198637
58.8; 458309; 417676; -0.196649; -0.196132; -0.199142; -0.198628; -0.20187
59; 459311; 419190; -0.200603; -0.200017; -0.202328; -0.201735; -0.20376
59.2; 461185; 420759; -0.20326; -0.202595; -0.204183; -0.203519; -0.204283
59.4; 464076; 422282; -0.204577; -0.203839; -0.204701; -0.203955; -0.203461
59.6; 467323; 423852; -0.204542; -0.203725; -0.203874; -0.203049; -0.201312
59.8; 471105; 425133; -0.203154; -0.20226; -0.201708; -0.200808; -0.19785
60; 475993; 425917; -0.200433; -0.199465; -0.19822; -0.197244; -0.193079
60.2; 480896; 426674; -0.196411; -0.195372; -0.193449; -0.192399; -0.187053
60.4; 485176; 427808; -0.191133; -0.190021; -0.187463; -0.18634; -0.179879
60.6; 489479; 428530; -0.18466; -0.183491; -0.180352; -0.179173; -0.171706
60.8; 494661; 427948; -0.177107; -0.175875; -0.172239; -0.170998; -0.16266
61; 500629; 426826; -0.168588; -0.167308; -0.163239; -0.161949; -0.15286
61.2; 506825; 426061; -0.159253; -0.157927; -0.153501; -0.152165; -0.142452
61.4; 513181; 425524; -0.149215; -0.147851; -0.143131; -0.141758; -0.131528
61.6; 520591; 424556; -0.138576; -0.137227; -0.132212; -0.130882; -0.120205
61.8; 528518; 422799; -0.127481; -0.126165; -0.120947; -0.119601; -0.108623
62; 535435; 420424; -0.116119; -0.114749; -0.109482; -0.108095; -0.096982
62.2; 542268; 418941; -0.104555; -0.103186; -0.097968; -0.0965151; -0.0854594
62.4; 550531; 417423; -0.0929878; -0.0916139; -0.0865183; -0.0850767; -0.0742247
62.6; 558849; 415741; -0.0815981; -0.0802366; -0.0753566; -0.0739176; -0.0634319
62.8; 565583; 412946; -0.0705658; -0.0692293; -0.0646377; -0.0632224; -0.0532401
63; 572240; 411005; -0.0600299; -0.0587151; -0.0544777; -0.0531019; -0.0437257
63.2; 578822; 409907; -0.0501097; -0.0488099; -0.0449601; -0.0436717; -0.0349733
63.4; 583179; 408964; -0.0409002; -0.0396735; -0.0362668; -0.0350069; -0.0270913
63.6; 585923; 407421; -0.0325723; -0.0313652; -0.0284802; -0.0272734; -0.0202328
63.8; 588513; 405739; -0.0251733; -0.0240426; -0.0217025; -0.020568; -0.0144968
64; 589224; 404304; -0.0188522; -0.0177665; -0.0160739; -0.0149633; -0.00998355
64.2; 587820; 402919; -0.0136775; -0.0126582; -0.0116188; -0.0106081; -0.00677436
64.4; 585952; 400797; -0.00971007; -0.00877192; -0.00843181; -0.00748164; -0.00486371
64.6; 583158; 398880; -0.00702292; -0.00615785; -0.00652598; -0.0056514; -0.00426638
64.8; 578783; 397737; -0.00564974; -0.00485059; -0.00592476; -0.00512871; -0.00496394
65; 573471; 396899; -0.00558162; -0.00487141; -0.00662792; -0.00590984; -0.00694156
65.2; 567571; 395931; -0.00684585; -0.00621129; -0.00863547; -0.00799857; -0.0101946
65.4; 560996; 394810; -0.0094181; -0.00884518; -0.0119288; -0.0113603; -0.0146935
65.6; 553555; 393766; -0.0132471; -0.0127579; -0.0164714; -0.0159818; -0.0204228
65.8; 546465; 393067; -0.0183094; -0.0178888; -0.0222353; -0.0218169; -0.0273624
66; 540261; 392196; -0.0245583; -0.0242024; -0.0291569; -0.0288044; -0.035412
66.2; 533877; 391123; -0.0319232; -0.0316279; -0.0371306; -0.03684; -0.0444043
66.4; 527494; 390864; -0.0402946; -0.0400554; -0.0460235; -0.0457871; -0.0541694
66.6; 521618; 391471; -0.0495426; -0.0493485; -0.0556956; -0.0555056; -0.064548
66.8; 515408; 392377; -0.0595184; -0.059366; -0.0660459; -0.0658178; -0.0754174
67; 508457; 393150; -0.0701527; -0.069897; -0.0768493; -0.0766971; -0.0866711
67.2; 501092; 393888; -0.0811371; -0.0809921; -0.0880834; -0.0879183; -0.0982041
67.4; 493615; 394993; -0.0925369; -0.0923162; -0.0995575; -0.0993918; -0.109854
67.6; 486192; 396359; -0.104055; -0.103916; -0.111142; -0.110973; -0.121477
67.8; 479638; 397006; -0.115678; -0.115508; -0.122665; -0.122504; -0.132875
68; 473975; 397990; -0.127167; -0.126986; -0.133963; -0.133799; -0.143861
68.2; 469047; 399974; -0.138331; -0.138158; -0.144857; -0.144665; -0.15427
68.4; 464333; 402312; -0.149065; -0.148833; -0.155192; -0.154984; -0.163982
68.6; 459905; 404197; -0.159162; -0.158927; -0.164851; -0.164613; -0.17289
68.8; 456573; 405179; -0.168531; -0.168241; -0.173701; -0.173411; -0.180878
69; 454254; 406596; -0.177028; -0.176686; -0.181617; -0.181287; -0.187841
69.2; 452774; 408774; -0.184539; -0.18416; -0.18851; -0.188124; -0.19369
69.4; 452186; 410079; -0.190994; -0.190544; -0.194278; -0.193838; -0.198333
69.6; 453129; 411182; -0.196266; -0.195774; -0.198827; -0.198331; -0.201664
69.8; 454516; 412826; -0.200324; -0.199746; -0.202112; -0.201531; -0.203655
70; 456210; 414625; -0.203079; -0.202428; -0.20407; -0.203419; -0.204286
70.2; 458782; 416228; -0.204497; -0.203775; -0.204687; -0.203954; -0.203553
70.4; 461850; 417553; -0.204572; -0.203764; -0.203961; -0.203149; -0.201499
70.6; 465315; 418837; -0.203288; -0.202409; -0.2019; -0.201013; -0.198137
70.8; 469887; 420042; -0.200676; -0.19972; -0.198524; -0.197556; -0.193479
71; 474888; 420683; -0.19676; -0.195735; -0.193856; -0.192821; -0.187556
71.2; 479355; 421700; -0.191582; -0.190484; -0.187967; -0.186859; -0.180478
71.4; 483512; 422609; -0.185201; -0.184041; -0.180941; -0.179771; -0.172376
71.6; 488309; 422472; -0.177719; -0.1765; -0.17289; -0.171663; -0.163374
71.8; 494054; 421315; -0.169264; -0.167999; -0.163946; -0.162671; -0.153619
72; 500386; 420272; -0.159984; -0.158666; -0.154251; -0.152923; -0.143232
72.2; 506514; 419742; -0.149998; -0.148643; -0.143926; -0.142562; -0.132341
72.4; 513102; 419119; -0.139403; -0.138064; -0.133048; -0.13173; -0.121061
72.6; 520669; 417413; -0.12834; -0.127045; -0.121821; -0.120487; -0.109515
72.8; 528124; 414941; -0.117001; -0.11564; -0.110361; -0.108993; -0.0978677
73; 535126; 413170; -0.105438; -0.104085; -0.0987978; -0.0974488; -0.0863276
73.2; 542661; 411922; -0.0938627; -0.0925121; -0.0873521; -0.0859799; -0.0750594
73.4; 550965; 410135; -0.0824671; -0.0810973; -0.0761618; -0.0747905; -0.0642283
73.6; 558238; 407818; -0.0713719; -0.0700502; -0.0654136; -0.0639973; -0.0539468
73.8; 564233; 405786; -0.0608038; -0.059483; -0.0552081; -0.0538213; -0.0443721
74; 570246; 404486; -0.0508352; -0.0495624; -0.0456451; -0.0443724; -0.0355866
74.2; 575840; 403421; -0.0416018; -0.0403458; -0.0369202; -0.0356344; -0.027651
74.4; 578945; 402340; -0.0331928; -0.0319957; -0.0290453; -0.0278537; -0.0207181
74.6; 580874; 400506; -0.0257235; -0.0245695; -0.0222006; -0.0210366; -0.0148853
74.8; 582614; 398650; -0.0192702; -0.0181968; -0.0164197; -0.0153524; -0.0102578
75; 581976; 397322; -0.0139656; -0.0129501; -0.0118602; -0.0108301; -0.00690598
75.2; 579261; 395632; -0.0099; -0.00895769; -0.00855527; -0.00760975; -0.00488906
75.4; 576342; 393624; -0.00713113; -0.00626782; -0.0065606; -0.00569621; -0.00418992
75.6; 572594; 392041; -0.00567972; -0.00489104; -0.00588372; -0.00508658; -0.0047943
75.8; 567394; 391575; -0.00554311; -0.00482049; -0.00650435; -0.00578308; -0.00668486
76; 561620; 391060; -0.00669971; -0.00606722; -0.00841073; -0.00778119; -0.00984577
76.2; 555628; 389843; -0.0091479; -0.00858158; -0.0115965; -0.0110291; -0.0142541
76.4; 548523; 388457; -0.0128598; -0.0123654; -0.0160358; -0.0155443; -0.0199114
76.6; 541003; 387478; -0.0178186; -0.0173975; -0.021708; -0.021291; -0.0267795
76.8; 534692; 386432; -0.0239764; -0.0236229; -0.0285428; -0.0281926; -0.0347456
77; 528967; 385854; -0.0312646; -0.0309716; -0.0364385; -0.0361486; -0.0436579
77.2; 522983; 385659; -0.0395722; -0.0393255; -0.0452615; -0.0450193; -0.0533379
77.4; 516924; 386218; -0.0487603; -0.0485613; -0.0548702; -0.0546765; -0.0636492
77.6; 510566; 386890; -0.058682; -0.0585235; -0.0651454; -0.0649682; -0.0744826
77.8; 504122; 387403; -0.0692477; -0.0690294; -0.0759704; -0.0757569; -0.0857186
78; 497311; 388210; -0.080223; -0.0800533; -0.0871145; -0.0870239; -0.0972665
78.2; 489608; 389693; -0.091576; -0.0913821; -0.0986356; -0.0984442; -0.108942
78.4; 482414; 390427; -0.103108; -0.102954; -0.110212; -0.110043; -0.120585
78.6; 476184; 391238; -0.114721; -0.114567; -0.12173; -0.121599; -0.132006
78.8; 470766; 392555; -0.126229; -0.12606; -0.133068; -0.132886; -0.143002
79; 465319; 394687; -0.137456; -0.137261; -0.143995; -0.143805; -0.153449
79.2; 460140; 397067; -0.148208; -0.148009; -0.154366; -0.154181; -0.163209
79.4; 456150; 398654; -0.158368; -0.158114; -0.164088; -0.163828; -0.172162
79.6; 452998; 399882; -0.167773; -0.167502; -0.172977; -0.172721; -0.180237
79.8; 450556; 401764; -0.17635; -0.176013; -0.181002; -0.180663; -0.187309
80; 448674; 403121; -0.183952; -0.183579; -0.187988; -0.187615; -0.193286
80.2; 448372; 404387; -0.190495; -0.19006; -0.193853; -0.193425; -0.198028
80.4; 449425; 405912; -0.195875; -0.195386; -0.198506; -0.198012; -0.201459
80.6; 450690; 407893; -0.200035; -0.199474; -0.201889; -0.201327; -0.203548
80.8; 452350; 409554; -0.202898; -0.202256; -0.20395; -0.203302; -0.204258
81; 454433; 410977; -0.204422; -0.203709; -0.204667; -0.203947; -0.203632
81.2; 457117; 412693; -0.204597; -0.203801; -0.204046; -0.203244; -0.201681
81.4; 460780; 414079; -0.203416; -0.202551; -0.202092; -0.201216; -0.198436
81.6; 465482; 414967; -0.200912; -0.199966; -0.198823; -0.197868; -0.193886
81.8; 470361; 415671; -0.197104; -0.196091; -0.194265; -0.193241; -0.188075
82; 474540; 416801; -0.192032; -0.190946; -0.188476; -0.187378; -0.181083
82.2; 478625; 417874; -0.185744; -0.184597; -0.181532; -0.180374; -0.173045
82.4; 483417; 417761; -0.178348; -0.177136; -0.173555; -0.172334; -0.164097
82.6; 488927; 416737; -0.16996; -0.168703; -0.164668; -0.163401; -0.154383
82.8; 494797; 415923; -0.16074; -0.159431; -0.155028; -0.153709; -0.144043
83; 500801; 415215; -0.150802; -0.149456; -0.14475; -0.143395; -0.133199
83.2; 507761; 414312; -0.140255; -0.138913; -0.133918; -0.132598; -0.121955
83.4; 515326; 412828; -0.129217; -0.127935; -0.122714; -0.121389; -0.110433
83.6; 522320; 410658; -0.117902; -0.11655; -0.111265; -0.109914; -0.0987873
83.8; 529108; 409027; -0.106349; -0.104999; -0.0997046; -0.0983528; -0.0872149
84; 536529; 407543; -0.0947658; -0.0934257; -0.0882313; -0.0868701; -0.0759019
84.2; 544782; 405879; -0.0833504; -0.0819948; -0.0770046; -0.075656; -0.0650177
84.4; 552097; 403359; -0.0722301; -0.0709171; -0.0661891; -0.0648653; -0.0547017
84.6; 558250; 401665; -0.0616128; -0.0603091; -0.0559495; -0.0546338; -0.0450815
84.8; 563795; 400248; -0.051596; -0.0503202; -0.0463686; -0.0450864; -0.0362346
85; 569228; 399149; -0.0422882; -0.0410467; -0.0375589; -0.0363028; -0.028238
85.2; 573092; 397749; -0.0337828; -0.032608; -0.0295965; -0.0284198; -0.0212064
85.4; 575013; 396377; -0.0262456; -0.0250954; -0.0226704; -0.0215136; -0.0152731
85.6; 575989; 394619; -0.0197294; -0.0186609; -0.0168233; -0.0157411; -0.0105428
85.8; 575538; 392801; -0.0143671; -0.0133443; -0.0121718; -0.011151; -0.00708552
86; 573267; 391609; -0.0102081; -0.0092692; -0.00878295; -0.00783131; -0.00496878
86.2; 570598; 389979; -0.00732387; -0.0064616; -0.00667663; -0.00581486; -0.00418052
86.4; 567186; 388364; -0.00573876; -0.00494412; -0.00587689; -0.0050839; -0.00468682
86.6; 562344; 387260; -0.00546084; -0.00474682; -0.00638016; -0.00565994; -0.00648816
86.8; 556802; 386385; -0.0065091; -0.0058715; -0.00818181; -0.00754907; -0.00955582
87; 550778; 385654; -0.00886291; -0.00829895; -0.011271; -0.0107097; -0.01387
87.2; 543872; 384413; -0.0124987; -0.0120058; -0.0156204; -0.0151282; -0.0194038
87.4; 536598; 383311; -0.0173745; -0.0169521; -0.0211925; -0.020775; -0.0261461
87.6; 530380; 382738; -0.0234408; -0.0230837; -0.0279337; -0.0275822; -0.0340153
87.8; 524626; 381909; -0.0306265; -0.0303362; -0.0357396; -0.0354532; -0.0428603
88; 518758; 381522; -0.0388383; -0.0386035; -0.0444892; -0.0442584; -0.0525088
88.2; 512719; 382064; -0.0479558; -0.0477597; -0.0540497; -0.0538583; -0.0628067
88.4; 506943; 382388; -0.0578249; -0.0576664; -0.0642734; -0.0641214; -0.0736218
88.6; 500754; 383026; -0.0683393; -0.0681489; -0.0750646; -0.0748756; -0.0848298
88.8; 493974; 383944; -0.0793144; -0.0791207; -0.0862374; -0.0860532; -0.0963343
89; 486761; 385421; -0.0906275; -0.090461; -0.0976727; -0.0975185; -0.107981
89.2; 479733; 386425; -0.10217; -0.102003; -0.109259; -0.109089; -0.119618
89.4; 473361; 387344; -0.11377; -0.113627; -0.12079; -0.120654; -0.131067
89.6; 467771; 388407; -0.125289; -0.125123; -0.13214; -0.131976; -0.142115
89.8; 462334; 390473; -0.13653; -0.136348; -0.143111; -0.142925; -0.152631
90; 457173; 392840; -0.14733; -0.147127; -0.153539; -0.153348; -0.162461
90.2; 453531; 394490; -0.157542; -0.157305; -0.163314; -0.163075; -0.171487
90.4; 450623; 395768; -0.167027; -0.166754; -0.172287; -0.17202; -0.179624
90.6; 447752; 397440; -0.175672; -0.175353; -0.18037; -0.180053; -0.186767
90.8; 445708; 399347; -0.183365; -0.182996; -0.187449; -0.18708; -0.192824
91; 445673; 400539; -0.189994; -0.189575; -0.193406; -0.192989; -0.197671
91.2; 446563; 401895; -0.195471; -0.19499; -0.19816; -0.197678; -0.201215
91.4; 447433; 403987; -0.199728; -0.199178; -0.201653; -0.201097; -0.203427
91.6; 448998; 405658; -0.202697; -0.202068; -0.203822; -0.20319; -0.204259
91.8; 451305; 407075; -0.204333; -0.20363; -0.204652; -0.20394; -0.203738
92; 453953; 408654; -0.204623; -0.20384; -0.204141; -0.20335; -0.201891
92.2; 457341; 410128; -0.203557; -0.202702; -0.202295; -0.201431; -0.198742
92.4; 461857; 411186; -0.201161; -0.200226; -0.199134; -0.198187; -0.194299
92.6; 466598; 411969; -0.197456; -0.196453; -0.194676; -0.193662; -0.188584
92.8; 470692; 413000; -0.192484; -0.191407; -0.188984; -0.187895; -0.181685
93; 474752; 414096; -0.186286; -0.185147; -0.182122; -0.180973; -0.173716
93.2; 479513; 414204; -0.17897; -0.177771; -0.174219; -0.173011; -0.164834
93.4; 484925; 413335; -0.170662; -0.169412; -0.165406; -0.164145; -0.15518
93.6; 490473; 412411; -0.161506; -0.16021; -0.155825; -0.154519; -0.144891
93.8; 496564; 411564; -0.151626; -0.150288; -0.145598; -0.144249; -0.134083
94; 503474; 410796; -0.141123; -0.139785; -0.134806; -0.13348; -0.122859
94.2; 510777; 409368; -0.130115; -0.128839; -0.123615; -0.122305; -0.111349
94.4; 517615; 407107; -0.118818; -0.117476; -0.112183; -0.11084; -0.099707
94.6; 524611; 405529; -0.107276; -0.105933; -0.100626; -0.0992805; -0.0881253
94.8; 532290; 404344; -0.0956898; -0.0943496; -0.0891383; -0.0877801; -0.0767847
95; 539892; 402832; -0.0842579; -0.0829035; -0.0778889; -0.0765392; -0.0658569
95.2; 546370; 400262; -0.0731127; -0.0718117; -0.0670405; -0.0657314; -0.0555081
95.4; 553235; 398281; -0.062458; -0.0611501; -0.0567564; -0.0554353; -0.0458171
95.6; 559556; 396941; -0.0523684; -0.0511002; -0.0470911; -0.045824; -0.0368883
95.8; 564210; 396131; -0.0430023; -0.0417649; -0.0382239; -0.0369743; -0.0288239
96; 567995; 394813; -0.0344446; -0.033251; -0.0302112; -0.0290124; -0.0217258
96.2; 570841; 393152; -0.026806; -0.0256648; -0.0231741; -0.0220304; -0.0156937
96.4; 571343; 391660; -0.0202134; -0.0191368; -0.0172508; -0.0161617; -0.0108728
96.6; 570404; 390051; -0.0147512; -0.0137387; -0.0125016; -0.0114857; -0.00732419
96.8; 568878; 388384; -0.0104876; -0.00953778; -0.00899396; -0.00804056; -0.0050748
97; 566526; 386594; -0.00748438; -0.00662204; -0.00677016; -0.00590236; -0.00415696
97.2; 563118; 385376; -0.00579441; -0.005001; -0.00586292; -0.00507128; -0.00455917
97.4; 558556; 384465; -0.00541902; -0.00470644; -0.00627155; -0.00555647; -0.00627418
97.6; 553190; 383284; -0.00636865; -0.00572785; -0.00798399; -0.00734445; -0.00925977
97.8; 547340; 382126; -0.00862062; -0.00805696; -0.0109714; -0.0104111; -0.0134748
98; 540558; 381497; -0.012142; -0.0116533; -0.0152068; -0.0147213; -0.0189027
98.2; 533471; 380555; -0.0169049; -0.0164804; -0.0206669; -0.0202476; -0.0255268
98.4; 527394; 379379; -0.0228709; -0.0225156; -0.0273071; -0.0269567; -0.0332966
98.6; 521412; 378805; -0.0299745; -0.0296843; -0.0350346; -0.0347502; -0.0420708
98.8; 515184; 378672; -0.0381192; -0.0378809; -0.0437272; -0.0434946; -0.0516778
99; 509379; 379095; -0.0471655; -0.0469804; -0.0532283; -0.0530484; -0.0619372
99.2; 503752; 379591; -0.0569814; -0.0568315; -0.0634054; -0.0632623; -0.0727189
99.4; 497492; 380247; -0.0674593; -0.0672571; -0.0741578; -0.0739747; -0.0838997
99.6; 491036; 381070; -0.0783905; -0.078199; -0.0853038; -0.0851126; -0.0953716
99.8; 484339; 382088; -0.0896662; -0.0895129; -0.0967041; -0.0965621; -0.107005
100; 477313; 383454; -0.101207; -0.101033; -0.108288; -0.108124; -0.118648
100.2; 471075; 384148; -0.112795; -0.112662; -0.119831; -0.119695; -0.130121
100.4; 465236; 385612; -0.124337; -0.124178; -0.131208; -0.131056; -0.141229
100.6; 459915; 387432; -0.13561; -0.13544; -0.142223; -0.142053; -0.151805
100.8; 455510; 389322; -0.146458; -0.146263; -0.152715; -0.15252; -0.161706
101; 451805; 391256; -0.156725; -0.156492; -0.162539; -0.162313; -0.170794
101.2; 448386; 393097; -0.166272; -0.166008; -0.171587; -0.171318; -0.179001
101.4; 445351; 394625; -0.174989; -0.17468; -0.179737; -0.179435; -0.186228
101.6; 443882; 395881; -0.18276; -0.182396; -0.186897; -0.186532; -0.192357
101.8; 443525; 397616; -0.189476; -0.189069; -0.192945; -0.192536; -0.197303
102; 443916; 399215; -0.195061; -0.194586; -0.19781; -0.197337; -0.200969
102.2; 444907; 401091; -0.199423; -0.198885; -0.201413; -0.200868; -0.203296
102.4; 446732; 402526; -0.202503; -0.201883; -0.203694; -0.203072; -0.204245
102.6; 448829; 404188; -0.204246; -0.203554; -0.204634; -0.203933; -0.203835
102.8; 451469; 405938; -0.204641; -0.203871; -0.204229; -0.20345; -0.202096
103; 454823; 407196; -0.203682; -0.202833; -0.202486; -0.201629; -0.199043
103.2; 458948; 408260; -0.201388; -0.200469; -0.199423; -0.198492; -0.194694
103.4; 463464; 409358; -0.197799; -0.196804; -0.195076; -0.194069; -0.189077
103.6; 467673; 410251; -0.192931; -0.191866; -0.189481; -0.188405; -0.182268
103.8; 471958; 411426; -0.186837; -0.185708; -0.18272; -0.181581; -0.174392
104; 476593; 411733; -0.179608; -0.17842; -0.174902; -0.173703; -0.16559
104.2; 481419; 410833; -0.171379; -0.170138; -0.166167; -0.164915; -0.156013
104.4; 487040; 409740; -0.162282; -0.160994; -0.156639; -0.155342; -0.145769
104.6; 493629; 409089; -0.152447; -0.151118; -0.146445; -0.145105; -0.134975
104.8; 500254; 408475; -0.141997; -0.14065; -0.135694; -0.134357; -0.123762
105; 506545; 406915; -0.131012; -0.129758; -0.124519; -0.123229; -0.112271
105.2; 513522; 404995; -0.119754; -0.11841; -0.113111; -0.111775; -0.10063
105.4; 520993; 403372; -0.108219; -0.106888; -0.101598; -0.10018; -0.0890348
105.6; 528588; 402215; -0.0966536; -0.0952943; -0.090109; -0.0886823; -0.0776823
105.8; 536205; 400333; -0.0851801; -0.0838541; -0.0788393; -0.0774251; -0.0667414
106; 543567; 398267; -0.0740185; -0.0726834; -0.0679242; -0.0665777; -0.0563254
106.2; 549981; 396443; -0.0632828; -0.0619984; -0.0575524; -0.0562466; -0.0465691
106.4; 555523; 394617; -0.0531629; -0.0518819; -0.0478382; -0.0465732; -0.037566
106.6; 560646; 393399; -0.0437217; -0.0424929; -0.0388958; -0.0376484; -0.0294117
106.8; 564771; 392451; -0.0350948; -0.0339166; -0.0308014; -0.0296158; -0.0222253
107; 566974; 391303; -0.0274051; -0.0262573; -0.0237143; -0.0225661; -0.0161329
107.2; 567954; 389766; -0.0207216; -0.0196581; -0.0177077; -0.016624; -0.0112434
107.4; 567864; 387693; -0.0151758; -0.0141485; -0.0128647; -0.0118433; -0.00758804
107.6; 566205; 386058; -0.0107959; -0.00986179; -0.00924808; -0.00830291; -0.00523905
107.8; 563868; 384561; -0.00769075; -0.0068136; -0.00691655; -0.00603961; -0.00420352
108; 560728; 383285; -0.00586995; -0.00508057; -0.00587935; -0.00509015; -0.00447979
108.2; 556212; 382229; -0.0053818; -0.00466405; -0.00617264; -0.00545026; -0.00606941
108.4; 550691; 380993; -0.00622092; -0.00557575; -0.00776989; -0.00712923; -0.0089398
108.6; 544789; 379912; -0.00837197; -0.00780483; -0.0106584; -0.0100944; -0.0130568
108.8; 538202; 379309; -0.011802; -0.0113057; -0.0148029; -0.0143084; -0.0183879
109; 531223; 378268; -0.0164648; -0.0160375; -0.0201661; -0.0197443; -0.0249236
109.2; 525226; 377200; -0.0223281; -0.021971; -0.026712; -0.0263605; -0.0326175
109.4; 519528; 376569; -0.0293301; -0.0290352; -0.0343491; -0.0340596; -0.0413153
109.6; 513534; 376361; -0.0373808; -0.0371433; -0.0429563; -0.0427245; -0.0508559
109.8; 507856; 376407; -0.0463564; -0.0461683; -0.0523922; -0.0522091; -0.0610587
110; 502157; 377223; -0.0561206; -0.0559673; -0.0625221; -0.0623751; -0.0717979
110.2; 495658; 378024; -0.0665481; -0.0663675; -0.0732277; -0.0730651; -0.0829507
110.4; 489150; 378771; -0.077469; -0.0772659; -0.0843651; -0.0841627; -0.0943958
110.6; 482627; 379829; -0.0887213; -0.0885612; -0.095746; -0.0955992; -0.106026
110.8; 475754; 381132; -0.100233; -0.100071; -0.107314; -0.107159; -0.117676
111; 469288; 381955; -0.111826; -0.111688; -0.118873; -0.118734; -0.129179
111.2; 463727; 382873; -0.123365; -0.123215; -0.130264; -0.130119; -0.140333
111.4; 458624; 384763; -0.134661; -0.134487; -0.141314; -0.141136; -0.150957
111.6; 453694; 387185; -0.145553; -0.145363; -0.151851; -0.151665; -0.160916
111.8; 449799; 388667; -0.155865; -0.155696; -0.161725; -0.161563; -0.170093
112; 446908; 390044; -0.165538; -0.165256; -0.170892; -0.170613; -0.17837
112.2; 444051; 392464; -0.174322; -0.174032; -0.179118; -0.178819; -0.185674
112.4; 441656; 394582; -0.182191; -0.181829; -0.186364; -0.186021; -0.191911
112.6; 441415; 395322; -0.188981; -0.188587; -0.192514; -0.192104; -0.196958
112.8; 442296; 396505; -0.194635; -0.194165; -0.197443; -0.196984; -0.20071
113; 442969; 398485; -0.199075; -0.198543; -0.20114; -0.200599; -0.203146
113.2; 444516; 400481; -0.202263; -0.201657; -0.203536; -0.202923; -0.204221
113.4; 446890; 401596; -0.204139; -0.20345; -0.204598; -0.203906; -0.203922
113.6; 449359; 403186; -0.204663; -0.203904; -0.204318; -0.203543; -0.20229
113.8; 452249; 405197; -0.203834; -0.202992; -0.202694; -0.201845; -0.199346
114; 456618; 406509; -0.20165; -0.200736; -0.199738; -0.198816; -0.195099
114.2; 461373; 407003; -0.198149; -0.197165; -0.195484; -0.194486; -0.189581
114.4; 465196; 407768; -0.193377; -0.192315; -0.189986; -0.188912; -0.182869
114.6; 469089; 408950; -0.187365; -0.18624; -0.183305; -0.18217; -0.175069
114.8; 473795; 409313; -0.180218; -0.179037; -0.175563; -0.174371; -0.166337
115; 479155; 408560; -0.172078; -0.170839; -0.166903; -0.165653; -0.156809
115.2; 484240; 407402; -0.163074; -0.161787; -0.157458; -0.156161; -0.146631
115.4; 489991; 407013; -0.15331; -0.151986; -0.14733; -0.145996; -0.135894
115.6; 497100; 406678; -0.14291; -0.14156; -0.136627; -0.135282; -0.124714
115.8; 504202; 405170; -0.13195; -0.130688; -0.125459; -0.124173; -0.113219
116; 510594; 402976; -0.120698; -0.119364; -0.114058; -0.112729; -0.101578
116.2; 517493; 401330; -0.109168; -0.107829; -0.102544; -0.101115; -0.0899633
116.4; 525127; 400259; -0.0975821; -0.0962279; -0.091023; -0.0896035; -0.0785786
116.6; 532735; 398829; -0.0861056; -0.0847738; -0.0797394; -0.0783219; -0.0675962
116.8; 539662; 396261; -0.0749161; -0.0736024; -0.0688142; -0.0674438; -0.0571496
117; 546316; 394474; -0.0641734; -0.0628639; -0.0583874; -0.0570974; -0.0473538
117.2; 552154; 393351; -0.0539813; -0.0527176; -0.0486598; -0.0473163; -0.0382668
117.4; 557096; 391767; -0.0444795; -0.0432356; -0.0395861; -0.0383602; -0.0300263
117.6; 561087; 390527; -0.0357515; -0.0345836; -0.0314146; -0.0302227; -0.0227506
117.8; 564124; 388754; -0.0279671; -0.0268214; -0.0242192; -0.0230743; -0.0165423
118; 565204; 387675; -0.0211832; -0.0201131; -0.0180973; -0.0170324; -0.0115458
118.2; 564525; 386310; -0.015549; -0.0145142; -0.0131908; -0.0121426; -0.00780959
118.4; 563436; 383948; -0.0110905; -0.0101242; -0.00947154; -0.0085195; -0.00536374
118.6; 561821; 382258; -0.00785149; -0.00698775; -0.00702582; -0.0061398; -0.00420598
118.8; 558726; 381356; -0.00593067; -0.00513109; -0.00586941; -0.00507816; -0.00435952
119; 554362; 380271; -0.005339; -0.00461379; -0.00604732; -0.00533203; -0.0058217
119.2; 549022; 378962; -0.00606734; -0.00543243; -0.00754161; -0.0068957; -0.00857253
119.4; 542711; 378191; -0.00813244; -0.00755296; -0.0103406; -0.00976613; -0.0126047
119.6; 535705; 377510; -0.0114585; -0.0109697; -0.014392; -0.0139172; -0.0178857
119.8; 529287; 376287; -0.0160361; -0.0156011; -0.0196896; -0.019257; -0.024362
120; 523840; 375251; -0.0217953; -0.0214211; -0.0261391; -0.0257678; -0.0319665
