0.004; 1213.52; 3154.16; 2.33841e-06; 2.71925e-06; 2.31495e-06; 2.68241e-06; 2.64251e-06
0.2; 74713.9; 132870; 0.000818152; -0.000279751; 0.000809055; -0.000316228; 0.00107296
0.4; 368618; 517666; -0.00100954; -0.000375161; -0.00108791; -0.000447793; -0.000227267
0.6; 618767; 598285; -0.00450415; -0.00417077; -0.00469301; -0.00432834; -0.00356676
0.8; 673007; 464023; -0.00981956; -0.0102496; -0.0102816; -0.0108294; -0.00970332
1; 741394; 453808; -0.0151431; -0.0146121; -0.0166067; -0.0159437; -0.0171873
1.2; 782376; 533947; -0.0181149; -0.0171666; -0.0206901; -0.0197324; -0.0234694
1.4; 766970; 529095; -0.0188494; -0.018322; -0.0224547; -0.02182; -0.0271156
1.6; 739935; 508358; -0.0192417; -0.0189932; -0.0232343; -0.0227235; -0.0287229
1.8; 725185; 515519; -0.0212923; -0.0203306; -0.0248605; -0.0238028; -0.0294861
2; 718500; 513306; -0.0253256; -0.0243956; -0.028181; -0.0272297; -0.0314664
2.2; 700039; 504139; -0.0315543; -0.0311535; -0.0339553; -0.0334674; -0.0363183
2.4; 676879; 510813; -0.0394137; -0.0388658; -0.0417625; -0.0412825; -0.0439567
2.6; 659190; 526623; -0.0469056; -0.0462412; -0.0498989; -0.0492319; -0.0530798
2.8; 657427; 528488; -0.0529389; -0.0522888; -0.0567515; -0.0561207; -0.0614637
3; 670897; 528424; -0.0575046; -0.0567909; -0.0620082; -0.0613331; -0.0680744
3.2; 685746; 527352; -0.0615291; -0.0607653; -0.0663261; -0.0655468; -0.0729866
3.4; 694303; 524677; -0.0663748; -0.0654776; -0.0709848; -0.0701036; -0.0773455
3.6; 689891; 519974; -0.0728501; -0.0720595; -0.0770455; -0.0762617; -0.0826505
3.8; 666281; 521449; -0.0810117; -0.0802738; -0.084853; -0.0841239; -0.089697
4; 632833; 527082; -0.0899371; -0.0893652; -0.0936814; -0.0931276; -0.0983114
4.2; 605672; 528868; -0.0984565; -0.097898; -0.102366; -0.101831; -0.107187
4.4; 594677; 526373; -0.105651; -0.10512; -0.109865; -0.109357; -0.11527
4.6; 597342; 522033; -0.111542; -0.110938; -0.116015; -0.115423; -0.121924
4.8; 603431; 517964; -0.11682; -0.116157; -0.121364; -0.120726; -0.127526
5; 606614; 515386; -0.122548; -0.121829; -0.126958; -0.126263; -0.132952
5.2; 602283; 514652; -0.129386; -0.128666; -0.133518; -0.132824; -0.139041
5.4; 589836; 516479; -0.137309; -0.136604; -0.141136; -0.140455; -0.146074
5.6; 575802; 518846; -0.145565; -0.144941; -0.149164; -0.148569; -0.153643
5.8; 565475; 519937; -0.153175; -0.152586; -0.156658; -0.156101; -0.16088
6; 560919; 518705; -0.159424; -0.158848; -0.162879; -0.162333; -0.167055
6.2; 559829; 514995; -0.164341; -0.163721; -0.167775; -0.167188; -0.171963
6.4; 557999; 509611; -0.168515; -0.167854; -0.171858; -0.171226; -0.175988
6.6; 554584; 504565; -0.172831; -0.172099; -0.175968; -0.175266; -0.179807
6.8; 549051; 502323; -0.177763; -0.176992; -0.180594; -0.179853; -0.183942
7; 543164; 503826; -0.183233; -0.182477; -0.18571; -0.184986; -0.188446
7.2; 539791; 507600; -0.188697; -0.187965; -0.190839; -0.190136; -0.19294
7.4; 539594; 510416; -0.193387; -0.192672; -0.195245; -0.19457; -0.196825
7.6; 540630; 509773; -0.196769; -0.196062; -0.198425; -0.197744; -0.199625
7.8; 540243; 506128; -0.198871; -0.198142; -0.200357; -0.199663; -0.201325
8; 537978; 500053; -0.20018; -0.199382; -0.20149; -0.200715; -0.202195
8.2; 533883; 495074; -0.201281; -0.200446; -0.202347; -0.201541; -0.202728
8.4; 530479; 493677; -0.202639; -0.201724; -0.203386; -0.202498; -0.203244
8.6; 529187; 495013; -0.204168; -0.203263; -0.20454; -0.203654; -0.203767
8.8; 530781; 498678; -0.205553; -0.204622; -0.205535; -0.204633; -0.204062
9; 534771; 501778; -0.206188; -0.205269; -0.205836; -0.204937; -0.203741
9.2; 538216; 502172; -0.205697; -0.204782; -0.205083; -0.204188; -0.20252
9.4; 539230; 498500; -0.204085; -0.203149; -0.203268; -0.202352; -0.200377
9.6; 537494; 492764; -0.201675; -0.200697; -0.200672; -0.199713; -0.197515
9.8; 534870; 488490; -0.198929; -0.197892; -0.197714; -0.196695; -0.194251
10; 533489; 486518; -0.196194; -0.195107; -0.19471; -0.19364; -0.19083
10.2; 534876; 487698; -0.193533; -0.192417; -0.191729; -0.190628; -0.187314
10.4; 539376; 490875; -0.190732; -0.189606; -0.18859; -0.18748; -0.183575
10.6; 544404; 493356; -0.187405; -0.186286; -0.184963; -0.183857; -0.179401
10.8; 548154; 493750; -0.183267; -0.182144; -0.180603; -0.179492; -0.174641
11; 550528; 490709; -0.178251; -0.177115; -0.175447; -0.174322; -0.169248
11.2; 550769; 485322; -0.172572; -0.171411; -0.169678; -0.168525; -0.163354
11.4; 550195; 480892; -0.166605; -0.165414; -0.16362; -0.162432; -0.157184
11.6; 550747; 478483; -0.160672; -0.159431; -0.157545; -0.156315; -0.150908
11.8; 553576; 478414; -0.154865; -0.153613; -0.151547; -0.150304; -0.144601
12; 558654; 480661; -0.149093; -0.147839; -0.145566; -0.144309; -0.138237
12.2; 564367; 482299; -0.143103; -0.141842; -0.139387; -0.138129; -0.131714
12.4; 569167; 482324; -0.136652; -0.135402; -0.13283; -0.131582; -0.124951
12.6; 572926; 480662; -0.129683; -0.128431; -0.125848; -0.124598; -0.117938
12.8; 575697; 476276; -0.122318; -0.121066; -0.118537; -0.117283; -0.110735
13; 577828; 471286; -0.114861; -0.113588; -0.111147; -0.109871; -0.103481
13.2; 580449; 468509; -0.107576; -0.106277; -0.103898; -0.102595; -0.0963141
13.4; 584208; 467649; -0.100596; -0.0992878; -0.0969067; -0.0955918; -0.0893093
13.6; 589365; 468757; -0.0938808; -0.0925837; -0.090153; -0.0888443; -0.0824802
13.8; 595591; 470432; -0.0872697; -0.0859934; -0.08352; -0.0822299; -0.0757882
14; 601614; 470613; -0.0805946; -0.0793289; -0.0768823; -0.0756071; -0.0691931
14.2; 606880; 469132; -0.0737751; -0.0725266; -0.0701883; -0.0689268; -0.0626949
14.4; 611273; 465916; -0.0668763; -0.0656708; -0.063501; -0.062249; -0.0563404
14.6; 614524; 462168; -0.0601403; -0.0589066; -0.0569794; -0.0557226; -0.0502126
14.8; 617435; 459767; -0.0537388; -0.0525109; -0.0507893; -0.0495309; -0.044387
15; 620797; 458438; -0.047823; -0.0466152; -0.045038; -0.0437878; -0.0389123
15.2; 625110; 458739; -0.0424103; -0.0412111; -0.0397422; -0.038503; -0.0338085
15.4; 630217; 460061; -0.0373772; -0.0362076; -0.0348218; -0.0336211; -0.0290742
15.6; 635115; 461017; -0.0325905; -0.0314514; -0.0301974; -0.0290326; -0.0247116
15.8; 638914; 460479; -0.0279812; -0.0268617; -0.02583; -0.0246758; -0.0207208
16; 641215; 458264; -0.0235816; -0.0224859; -0.0217267; -0.0206065; -0.017129
16.2; 642289; 455187; -0.0195217; -0.0184493; -0.0179962; -0.0168935; -0.0139563
16.4; 642944; 452937; -0.0159709; -0.014908; -0.0147478; -0.0136607; -0.0112316
16.6; 643813; 452091; -0.0130175; -0.0119812; -0.0120526; -0.0109888; -0.00897529
16.8; 645244; 452637; -0.0106825; -0.00966588; -0.00993153; -0.00888788; -0.00720604
17; 646884; 453771; -0.00888173; -0.00789514; -0.0083337; -0.00732313; -0.00593974
17.2; 648127; 454559; -0.00751311; -0.00655681; -0.0072014; -0.00622003; -0.00518455
17.4; 648327; 454361; -0.00650097; -0.00557849; -0.00647919; -0.00553175; -0.00493972
17.6; 647250; 452926; -0.00585364; -0.00495906; -0.00616669; -0.00524907; -0.00518909
17.8; 645317; 450821; -0.00564114; -0.00477581; -0.00630262; -0.00541224; -0.00591471
18; 643066; 449060; -0.0059659; -0.00512448; -0.00694814; -0.00608226; -0.00710719
18.2; 640847; 448431; -0.00689562; -0.0060752; -0.00814879; -0.00730607; -0.00876759
18.4; 638733; 448921; -0.00843388; -0.00763998; -0.00991406; -0.0090982; -0.0109106
18.6; 636581; 450001; -0.0105219; -0.00975569; -0.0122102; -0.0114231; -0.0135469
18.8; 634242; 450935; -0.013062; -0.0123267; -0.0149719; -0.0142181; -0.0166713
19; 631514; 450998; -0.0159728; -0.0152657; -0.0181376; -0.0174123; -0.0202574
19.2; 628104; 450219; -0.0192247; -0.0185489; -0.0216718; -0.0209783; -0.0242677
19.4; 624242; 449123; -0.0228592; -0.0222078; -0.0256057; -0.0249079; -0.0286681
19.6; 620083; 448127; -0.0269267; -0.0262914; -0.0299321; -0.029249; -0.0334326
19.8; 615829; 447640; -0.0314671; -0.0308577; -0.034685; -0.0340174; -0.038534
20; 611583; 447896; -0.0364844; -0.0358895; -0.0398566; -0.0392096; -0.0439698
20.2; 607265; 449087; -0.0419167; -0.0413107; -0.0454002; -0.0447775; -0.0497249
20.4; 602919; 450366; -0.0476464; -0.0470527; -0.0512563; -0.0506467; -0.0557797
20.6; 598338; 450875; -0.053606; -0.0530285; -0.0573441; -0.0567707; -0.0621051
20.8; 593232; 450847; -0.0597444; -0.059185; -0.0636398; -0.0630701; -0.0686438
21; 587796; 450479; -0.0660562; -0.0655151; -0.0700966; -0.069548; -0.0753552
21.2; 582377; 449891; -0.0725709; -0.0720317; -0.0767239; -0.0761899; -0.0821881
21.4; 576979; 449531; -0.0792964; -0.0787667; -0.0835329; -0.0829972; -0.0891284
21.6; 571408; 449710; -0.0862273; -0.0857029; -0.0904909; -0.0899696; -0.0961454
21.8; 566001; 450139; -0.0933128; -0.0927888; -0.0975706; -0.0970532; -0.103214
22; 560882; 450711; -0.100468; -0.0999554; -0.104706; -0.104195; -0.110309
22.2; 555700; 451445; -0.10762; -0.107108; -0.111829; -0.111327; -0.117389
22.4; 550259; 452059; -0.114704; -0.114196; -0.118895; -0.118391; -0.124415
22.6; 544572; 452504; -0.121698; -0.121189; -0.125856; -0.125356; -0.13133
22.8; 538950; 452254; -0.128593; -0.128078; -0.132698; -0.132192; -0.138087
23; 533640; 451918; -0.135389; -0.134871; -0.139406; -0.138897; -0.144652
23.2; 528760; 452014; -0.142077; -0.141565; -0.14596; -0.145474; -0.151018
23.4; 524440; 452747; -0.148639; -0.148108; -0.152378; -0.151855; -0.157163
23.6; 520332; 453771; -0.155001; -0.154466; -0.158558; -0.15805; -0.163066
23.8; 516291; 454494; -0.161103; -0.160545; -0.164489; -0.163946; -0.168684
24; 512539; 454751; -0.166862; -0.166298; -0.17007; -0.16952; -0.173969
24.2; 509229; 454369; -0.17226; -0.171675; -0.175279; -0.17472; -0.178876
24.4; 506209; 453980; -0.177289; -0.176701; -0.180119; -0.179541; -0.183391
24.6; 503350; 453768; -0.181985; -0.181371; -0.184588; -0.184004; -0.187507
24.8; 500658; 453926; -0.186337; -0.185705; -0.188702; -0.188091; -0.191217
25; 498515; 454210; -0.190321; -0.189663; -0.192422; -0.191786; -0.194494
25.2; 497010; 454365; -0.193877; -0.193202; -0.195703; -0.195053; -0.197321
25.4; 496018; 454510; -0.196966; -0.196269; -0.19852; -0.197841; -0.199673
25.6; 495237; 454459; -0.199554; -0.198832; -0.200835; -0.200136; -0.201536
25.8; 494491; 454173; -0.201626; -0.200881; -0.202642; -0.201916; -0.202897
26; 493800; 453558; -0.203201; -0.202429; -0.203946; -0.203194; -0.203752
26.2; 493406; 452917; -0.204292; -0.203493; -0.204758; -0.203978; -0.204099
26.4; 493276; 452597; -0.204911; -0.204085; -0.205087; -0.204278; -0.203942
26.6; 493428; 452601; -0.205055; -0.2042; -0.204931; -0.204094; -0.203287
26.8; 494018; 452684; -0.204704; -0.203823; -0.204282; -0.203418; -0.202139
27; 494951; 452547; -0.203838; -0.202929; -0.203127; -0.202233; -0.200497
27.2; 495979; 452172; -0.202444; -0.201511; -0.201455; -0.200537; -0.198359
27.4; 497001; 451646; -0.200527; -0.199572; -0.199272; -0.198329; -0.19573
27.6; 498040; 451113; -0.19811; -0.197128; -0.196598; -0.195628; -0.192627
27.8; 499237; 450451; -0.195227; -0.194219; -0.193463; -0.192467; -0.189075
28; 500651; 449533; -0.191908; -0.190876; -0.1899; -0.188878; -0.185102
28.2; 502228; 448770; -0.188176; -0.187118; -0.185929; -0.184881; -0.180734
28.4; 504013; 448189; -0.184036; -0.182957; -0.181562; -0.180491; -0.175985
28.6; 506157; 447833; -0.179495; -0.178395; -0.176807; -0.175715; -0.170871
28.8; 508507; 447241; -0.174562; -0.173442; -0.171677; -0.170565; -0.165416
29; 510887; 446177; -0.169261; -0.168123; -0.166201; -0.16507; -0.159646
29.2; 513331; 445018; -0.16363; -0.162474; -0.160414; -0.159264; -0.153599
29.4; 515992; 443850; -0.157708; -0.156536; -0.154353; -0.153186; -0.147305
29.6; 518817; 442746; -0.151537; -0.150352; -0.148057; -0.146876; -0.140801
29.8; 521728; 441923; -0.14515; -0.143952; -0.141561; -0.140366; -0.134123
30; 524932; 440937; -0.138572; -0.137364; -0.134891; -0.133684; -0.127296
30.2; 528449; 440019; -0.131826; -0.130609; -0.128068; -0.126858; -0.120353
30.4; 532083; 438972; -0.124938; -0.123718; -0.121117; -0.119927; -0.113334
30.6; 535773; 437655; -0.117919; -0.116738; -0.114097; -0.112895; -0.106268
30.8; 539645; 436177; -0.11086; -0.109655; -0.107027; -0.105819; -0.0991923
31; 543846; 434883; -0.10376; -0.102556; -0.0999497; -0.0987393; -0.0921513
31.2; 548303; 433628; -0.0966789; -0.0954796; -0.0929143; -0.0916984; -0.0851823
31.4; 552761; 432351; -0.0896635; -0.0884564; -0.0859516; -0.0847391; -0.0783165
31.6; 557308; 431335; -0.0827341; -0.0815317; -0.0791009; -0.0778817; -0.071583
31.8; 562023; 430405; -0.0759205; -0.0747292; -0.0723753; -0.07117; -0.065011
32; 566686; 429394; -0.0692584; -0.0680678; -0.0658196; -0.0646186; -0.0586339
32.2; 571350; 428423; -0.0627626; -0.0615892; -0.0594593; -0.0582641; -0.0524883
32.4; 575896; 427512; -0.0564812; -0.0553116; -0.0533268; -0.0521414; -0.04661
32.6; 580211; 426601; -0.0504379; -0.0492819; -0.0474573; -0.0462809; -0.0410238
32.8; 584278; 425570; -0.0446693; -0.0435309; -0.0418783; -0.0407162; -0.0357588
33; 588205; 424573; -0.039216; -0.0380869; -0.0366214; -0.0354734; -0.0308321
33.2; 591873; 423834; -0.0341024; -0.0329982; -0.0317193; -0.0305882; -0.0262753
33.4; 595049; 423302; -0.0293576; -0.0282698; -0.0271884; -0.0260779; -0.022104
33.6; 597834; 422862; -0.0249891; -0.0239233; -0.0230492; -0.0219586; -0.0183441
33.8; 600404; 422332; -0.0210095; -0.0199656; -0.0193117; -0.018241; -0.0150066
34; 602733; 421723; -0.0174396; -0.0164169; -0.0159944; -0.0149482; -0.0121146
34.2; 604599; 421122; -0.0143006; -0.0133037; -0.0131229; -0.0120992; -0.00968495
34.4; 605931; 420502; -0.0116175; -0.0106443; -0.0107129; -0.00971558; -0.00773337
34.6; 606832; 419984; -0.00940899; -0.0084624; -0.00878264; -0.00781195; -0.00626766
34.8; 607343; 419508; -0.00769061; -0.00677101; -0.00734415; -0.00639866; -0.00529304
35; 607461; 419141; -0.00646661; -0.00557326; -0.00639691; -0.00548049; -0.00480974
35.2; 607225; 418839; -0.00573413; -0.004867; -0.00594319; -0.00505252; -0.00481885
35.4; 606640; 418580; -0.00549053; -0.00465053; -0.00597969; -0.00511616; -0.00532243
35.6; 605650; 418376; -0.00573596; -0.00492279; -0.00650748; -0.00567271; -0.00632308
35.8; 604271; 418145; -0.00647393; -0.00569023; -0.00752905; -0.00672328; -0.00781814
36; 602490; 417936; -0.00771079; -0.00695416; -0.00904534; -0.00826763; -0.00980234
36.2; 600417; 417702; -0.00944476; -0.00871293; -0.0110514; -0.0102996; -0.0122636
36.4; 598117; 417446; -0.0116627; -0.0109588; -0.0135311; -0.0128078; -0.0151797
36.6; 595629; 417393; -0.0143515; -0.0136751; -0.0164729; -0.0157782; -0.018546
36.8; 592950; 417448; -0.0174925; -0.0168391; -0.0198587; -0.0191879; -0.0223402
37; 590122; 417495; -0.0210673; -0.0204396; -0.0236707; -0.0230265; -0.0265499
37.2; 586937; 417386; -0.0250698; -0.0244662; -0.027899; -0.0272802; -0.0311587
37.4; 583460; 417560; -0.0294831; -0.0289008; -0.0325268; -0.03193; -0.0361456
37.6; 579710; 417709; -0.0342851; -0.033723; -0.0375287; -0.036953; -0.0414833
37.8; 575794; 418085; -0.039448; -0.0389068; -0.0428753; -0.0423215; -0.0471386
38; 571880; 418429; -0.0449439; -0.0444232; -0.048539; -0.0480038; -0.0530804
38.2; 567873; 418674; -0.0507434; -0.0502348; -0.0545131; -0.0539374; -0.0592712
38.4; 563770; 418986; -0.0568081; -0.056317; -0.0606993; -0.060163; -0.065692
38.6; 559519; 419281; -0.0631214; -0.0626275; -0.0671189; -0.0666007; -0.0723082
38.8; 555189; 419671; -0.0696586; -0.0691405; -0.0737252; -0.0732448; -0.0790946
39; 550695; 420351; -0.0763605; -0.0758644; -0.0805116; -0.080045; -0.0860197
39.2; 545889; 420806; -0.0832262; -0.0827339; -0.0874611; -0.0869482; -0.0930375
39.4; 540791; 421428; -0.0902096; -0.089722; -0.0944644; -0.0939858; -0.100114
39.6; 535675; 422048; -0.0972703; -0.0967886; -0.101539; -0.10106; -0.107203
39.8; 530637; 422584; -0.104369; -0.103892; -0.10863; -0.108147; -0.11427
40; 525639; 423176; -0.111468; -0.110989; -0.115689; -0.115223; -0.121286
40.2; 520663; 423803; -0.118527; -0.118053; -0.122709; -0.122233; -0.128223
40.4; 515853; 424280; -0.125524; -0.12504; -0.129637; -0.129163; -0.135048
40.6; 511128; 424783; -0.132417; -0.131932; -0.13645; -0.135974; -0.14173
40.8; 506626; 425406; -0.13918; -0.138691; -0.143113; -0.142629; -0.148221
41; 502427; 426048; -0.145784; -0.145289; -0.149586; -0.149106; -0.154492
41.2; 498513; 426658; -0.152186; -0.151687; -0.155842; -0.155355; -0.160504
41.4; 494843; 427352; -0.15836; -0.157844; -0.161849; -0.161345; -0.166229
41.6; 491258; 428062; -0.164254; -0.163721; -0.167558; -0.167043; -0.171634
41.8; 487853; 428678; -0.16983; -0.169287; -0.172944; -0.172413; -0.176697
42; 484913; 428958; -0.175068; -0.174505; -0.177973; -0.17743; -0.181385
42.2; 482347; 429047; -0.179948; -0.179378; -0.182639; -0.182084; -0.185694
42.4; 479949; 429371; -0.184471; -0.183877; -0.186929; -0.186353; -0.189599
42.6; 477654; 429775; -0.188599; -0.187985; -0.190812; -0.190219; -0.193076
42.8; 475968; 430150; -0.192305; -0.191671; -0.194261; -0.193645; -0.196094
43; 474967; 430489; -0.195566; -0.194907; -0.197252; -0.196614; -0.198637
43.2; 474129; 430711; -0.198358; -0.197678; -0.199771; -0.199109; -0.200697
43.4; 473256; 430832; -0.200673; -0.199966; -0.201808; -0.201118; -0.202268
43.6; 472418; 430866; -0.202497; -0.201765; -0.203352; -0.202637; -0.203344
43.8; 472040; 430926; -0.203827; -0.203068; -0.204399; -0.203656; -0.203918
44; 472217; 430885; -0.204658; -0.203873; -0.204942; -0.204174; -0.203983
44.2; 472544; 430839; -0.204994; -0.204182; -0.204989; -0.204192; -0.203545
44.4; 472930; 430835; -0.20483; -0.20399; -0.204535; -0.20371; -0.202607
44.6; 473527; 430792; -0.20416; -0.203295; -0.20358; -0.202728; -0.201174
44.8; 474452; 430823; -0.202983; -0.20209; -0.202122; -0.201242; -0.199245
45; 475338; 430623; -0.201301; -0.200382; -0.200162; -0.199256; -0.196821
45.2; 476260; 430380; -0.199122; -0.198177; -0.197711; -0.196778; -0.193915
45.4; 477539; 430115; -0.196457; -0.195489; -0.194784; -0.193827; -0.190551
45.6; 478982; 429593; -0.193334; -0.19234; -0.191409; -0.190426; -0.186755
45.8; 480461; 429094; -0.18977; -0.188751; -0.187607; -0.186598; -0.182555
46; 482100; 428442; -0.185784; -0.184743; -0.183397; -0.182365; -0.17797
46.2; 484043; 427787; -0.181394; -0.18033; -0.178794; -0.177738; -0.173012
46.4; 486179; 427302; -0.176618; -0.175533; -0.173818; -0.172741; -0.167702
46.6; 488418; 426658; -0.171479; -0.170374; -0.168492; -0.167394; -0.162063
46.8; 490723; 425898; -0.166004; -0.164882; -0.162845; -0.161729; -0.156129
47; 493222; 425045; -0.160219; -0.159082; -0.156905; -0.155773; -0.149929
47.2; 495893; 424167; -0.15416; -0.153007; -0.15071; -0.149561; -0.143505
47.4; 498778; 423295; -0.147857; -0.146691; -0.14429; -0.143128; -0.136892
47.6; 501815; 422327; -0.141345; -0.140168; -0.137682; -0.136512; -0.130128
47.8; 505134; 421318; -0.134651; -0.133474; -0.130902; -0.129755; -0.123243
48; 508640; 420228; -0.127793; -0.126654; -0.124014; -0.122856; -0.116266
48.2; 512172; 419091; -0.120854; -0.119686; -0.117031; -0.115861; -0.10922
48.4; 515845; 417904; -0.113819; -0.112646; -0.109978; -0.108807; -0.102144
48.6; 520020; 416755; -0.106735; -0.105562; -0.102906; -0.101718; -0.0950707
48.8; 524522; 415602; -0.0996528; -0.0984763; -0.0958421; -0.0946648; -0.0880545
49; 529004; 414470; -0.0926106; -0.0914344; -0.0888527; -0.0876681; -0.0811433
49.2; 533605; 413344; -0.085638; -0.0844665; -0.0819541; -0.0807689; -0.0743613
49.4; 538215; 412287; -0.0787673; -0.0775963; -0.0751696; -0.0739917; -0.0677295
49.6; 542592; 411231; -0.0720314; -0.0708701; -0.0685451; -0.0673695; -0.0612831
49.8; 547060; 410320; -0.0654605; -0.0643076; -0.062099; -0.0609302; -0.0550433
50; 551803; 409653; -0.059081; -0.0579318; -0.0558571; -0.0546957; -0.0490316
50.2; 556247; 408904; -0.0529247; -0.0517916; -0.0498595; -0.0487056; -0.04329
50.4; 560039; 407904; -0.0470436; -0.0459228; -0.0441487; -0.0430109; -0.0378668
50.6; 563767; 407023; -0.0414591; -0.0403541; -0.038757; -0.0376322; -0.032792
50.8; 567613; 406305; -0.0361989; -0.0351096; -0.033704; -0.0325925; -0.028081
51; 570990; 405673; -0.0312883; -0.030219; -0.0290121; -0.0279216; -0.0237556
51.2; 573931; 405224; -0.0267482; -0.025697; -0.0247052; -0.0236294; -0.0198316
51.4; 576845; 404551; -0.0225909; -0.0215623; -0.0207863; -0.0197354; -0.0163147
51.6; 579461; 403977; -0.0188412; -0.0178321; -0.0172857; -0.0162517; -0.0132238
51.8; 581401; 403579; -0.015516; -0.0145335; -0.0142168; -0.0132107; -0.010585
52; 582888; 403151; -0.012641; -0.01168; -0.0116076; -0.0106237; -0.00841855
52.2; 584110; 402532; -0.0102317; -0.0092984; -0.00947104; -0.00851384; -0.0067354
52.4; 584811; 402175; -0.00830164; -0.00739434; -0.00781908; -0.00688984; -0.0055499
52.6; 585116; 401818; -0.00685729; -0.00597637; -0.00665847; -0.00575392; -0.00485955
52.8; 585229; 401362; -0.00590435; -0.00504929; -0.00598936; -0.00511246; -0.00466535
53; 585004; 401108; -0.00544135; -0.00461275; -0.00581054; -0.00495993; -0.00496022
53.2; 584352; 400904; -0.00547163; -0.00467239; -0.00612364; -0.00530287; -0.00574614
53.4; 583398; 400722; -0.00600138; -0.00522769; -0.00693271; -0.00613896; -0.0070223
53.6; 581971; 400615; -0.00702783; -0.00628208; -0.00823603; -0.0074697; -0.00878723
53.8; 580181; 400554; -0.00854905; -0.00783031; -0.0100288; -0.00929041; -0.0110339
54; 578115; 400309; -0.0105583; -0.00986417; -0.0123039; -0.011591; -0.0137534
54.2; 575774; 400114; -0.0130417; -0.0123742; -0.015047; -0.0143623; -0.0169305
54.4; 573330; 400268; -0.0159804; -0.0153397; -0.0182402; -0.0175824; -0.0205503
54.6; 570928; 400271; -0.0193633; -0.0187459; -0.0218686; -0.0212347; -0.0245887
54.8; 568261; 399969; -0.0231821; -0.0225885; -0.0259189; -0.0253101; -0.0290288
55; 565381; 400007; -0.0274195; -0.0268471; -0.0303752; -0.0297884; -0.0338509
55.2; 562292; 400411; -0.0320501; -0.031502; -0.0352101; -0.0346482; -0.0390296
55.4; 559002; 400803; -0.0370602; -0.0365308; -0.0404089; -0.0398669; -0.0445445
55.6; 555304; 401006; -0.0424172; -0.0419072; -0.0459403; -0.0454181; -0.0503706
55.8; 551476; 401462; -0.048087; -0.0475964; -0.0517694; -0.0512683; -0.0564658
56; 547718; 401941; -0.0540378; -0.0535633; -0.0578614; -0.0573774; -0.0627972
56.2; 543891; 402205; -0.0602426; -0.0597817; -0.0641963; -0.0637128; -0.0693314
56.4; 539725; 402516; -0.0666985; -0.0661965; -0.0707503; -0.0702431; -0.076042
56.6; 535712; 402970; -0.0733157; -0.0728389; -0.0774403; -0.0769887; -0.0829051
56.8; 531852; 403459; -0.0801168; -0.0796306; -0.0843223; -0.0838357; -0.0898756
57; 527570; 404301; -0.0870431; -0.0865791; -0.0913032; -0.090823; -0.0969359
57.2; 522696; 405320; -0.0940808; -0.093615; -0.0983512; -0.0978973; -0.104036
57.4; 517863; 405981; -0.101173; -0.100716; -0.105454; -0.104989; -0.111131
57.6; 513252; 406416; -0.108287; -0.107829; -0.112541; -0.112084; -0.118183
57.8; 508582; 407139; -0.115371; -0.114914; -0.119579; -0.119129; -0.125155
58; 503876; 408146; -0.122397; -0.121935; -0.126549; -0.126087; -0.132019
58.2; 499336; 408739; -0.129333; -0.128871; -0.133404; -0.132952; -0.138754
58.4; 495194; 409067; -0.136154; -0.135685; -0.140133; -0.13967; -0.145323
58.6; 491104; 409816; -0.142827; -0.142356; -0.146693; -0.146229; -0.151701
58.8; 486964; 411012; -0.149328; -0.148841; -0.153059; -0.152584; -0.157846
59; 483177; 411816; -0.155608; -0.155116; -0.159186; -0.158704; -0.163716
59.2; 479921; 412190; -0.161629; -0.161122; -0.165028; -0.164535; -0.169263
59.4; 476600; 412924; -0.167351; -0.166833; -0.170558; -0.170052; -0.174472
59.6; 473245; 413784; -0.172749; -0.172215; -0.17575; -0.175231; -0.179324
59.8; 470511; 414348; -0.177795; -0.177245; -0.180581; -0.180046; -0.183795
60; 468330; 414653; -0.182472; -0.181905; -0.185032; -0.184482; -0.187872
60.2; 466144; 414959; -0.186767; -0.186181; -0.189091; -0.188522; -0.19154
60.4; 464128; 415530; -0.190656; -0.19005; -0.192733; -0.192144; -0.194771
60.6; 462858; 415999; -0.194119; -0.19349; -0.195934; -0.195324; -0.197537
60.8; 462003; 416398; -0.19713; -0.196477; -0.198672; -0.198036; -0.199816
61; 461100; 416919; -0.199666; -0.198988; -0.200927; -0.200266; -0.201602
61.2; 460450; 417223; -0.201711; -0.201006; -0.202689; -0.202; -0.202889
61.4; 460015; 417352; -0.203258; -0.202527; -0.20395; -0.203236; -0.203673
61.6; 459722; 417516; -0.204306; -0.203549; -0.204713; -0.203972; -0.20396
61.8; 459814; 417624; -0.204854; -0.204071; -0.204975; -0.204207; -0.203743
62; 460260; 417703; -0.204906; -0.204096; -0.20474; -0.203945; -0.203029
62.2; 460841; 417727; -0.20446; -0.203621; -0.204007; -0.203182; -0.201816
62.4; 461627; 417818; -0.203508; -0.202644; -0.202772; -0.201921; -0.200106
62.6; 462617; 417891; -0.202054; -0.201164; -0.201036; -0.200158; -0.197899
62.8; 463584; 417835; -0.200098; -0.199182; -0.198803; -0.197897; -0.195202
63; 464603; 417766; -0.19765; -0.196707; -0.196085; -0.195153; -0.192032
63.2; 465686; 417543; -0.194725; -0.193758; -0.192903; -0.191946; -0.18842
63.4; 467043; 416999; -0.191349; -0.190358; -0.189282; -0.188301; -0.184391
63.6; 468609; 416505; -0.187543; -0.186528; -0.185246; -0.18424; -0.179971
63.8; 470386; 416020; -0.183327; -0.182289; -0.180815; -0.179785; -0.175177
64; 472344; 415507; -0.178718; -0.17766; -0.176; -0.17495; -0.170021
64.2; 474561; 414966; -0.17374; -0.17266; -0.170829; -0.169757; -0.164529
64.4; 477027; 414280; -0.168412; -0.167314; -0.165321; -0.164228; -0.158717
64.6; 479198; 413686; -0.162763; -0.161648; -0.159508; -0.158398; -0.15263
64.8; 481517; 413011; -0.156822; -0.155691; -0.15342; -0.152294; -0.146299
65; 484281; 412082; -0.150619; -0.149474; -0.147092; -0.145952; -0.139759
65.2; 487337; 411166; -0.144191; -0.143034; -0.140557; -0.139409; -0.133052
65.4; 490354; 410241; -0.137566; -0.136418; -0.133839; -0.13272; -0.126219
65.6; 493646; 409100; -0.130771; -0.129652; -0.127003; -0.12587; -0.119279
65.8; 497120; 408113; -0.123876; -0.122732; -0.12006; -0.118911; -0.112259
66; 500704; 406939; -0.11688; -0.115724; -0.113032; -0.111885; -0.105195
66.2; 504737; 405831; -0.109813; -0.108662; -0.105973; -0.104807; -0.0981226
66.4; 509233; 404762; -0.102733; -0.10157; -0.0989033; -0.097739; -0.0910826
66.6; 513850; 403753; -0.0956645; -0.0945043; -0.0918742; -0.0907114; -0.0841187
66.8; 518169; 402667; -0.0886555; -0.0875001; -0.0849324; -0.0837619; -0.0772742
67; 522283; 401558; -0.0817406; -0.0805852; -0.078093; -0.0769345; -0.0705743
67.2; 526736; 400403; -0.0749383; -0.073793; -0.0713955; -0.0702367; -0.0640414
67.4; 531595; 399534; -0.0682876; -0.0671457; -0.0648596; -0.0637054; -0.0576961
67.6; 536235; 398885; -0.0618187; -0.0606859; -0.0585222; -0.0573778; -0.0515809
67.8; 540460; 398194; -0.0555641; -0.0544424; -0.0524196; -0.0512814; -0.0457239
68; 544616; 397264; -0.0495627; -0.0484537; -0.0465851; -0.0454593; -0.0401682
68.2; 548729; 396329; -0.0438454; -0.042749; -0.0410513; -0.0399385; -0.0349391
68.4; 552435; 395656; -0.0384399; -0.0373607; -0.0358501; -0.0347479; -0.0300708
68.6; 555616; 395069; -0.0333697; -0.0323065; -0.0309921; -0.0299116; -0.0255729
68.8; 558730; 394383; -0.0286566; -0.0276149; -0.0265076; -0.0254414; -0.0214607
69; 561788; 393773; -0.0243262; -0.0233021; -0.0224081; -0.0213637; -0.0177502
69.2; 564502; 393343; -0.0203919; -0.0193917; -0.0187186; -0.0176945; -0.0144641
69.4; 566718; 392880; -0.0168807; -0.0159038; -0.015459; -0.0144597; -0.0116264
69.6; 568514; 392379; -0.0138106; -0.0128542; -0.012652; -0.0116738; -0.00925672
69.8; 569888; 391934; -0.0111943; -0.0102669; -0.0103087; -0.00935805; -0.00736931
70; 570900; 391534; -0.00905248; -0.00814755; -0.00844466; -0.0075191; -0.00597039
70.2; 571605; 391065; -0.00738791; -0.00651253; -0.00706324; -0.00616549; -0.00505949
70.4; 571938; 390710; -0.00621381; -0.00536152; -0.00617164; -0.00529773; -0.00463911
70.6; 571903; 390351; -0.00552932; -0.0047041; -0.00576997; -0.00492415; -0.00470946
70.8; 571437; 390179; -0.00534076; -0.00454477; -0.00586407; -0.00504722; -0.00527491
71; 570559; 390080; -0.00565068; -0.0048804; -0.00645536; -0.00566536; -0.00633724
71.2; 569338; 389797; -0.00646053; -0.00571653; -0.00754403; -0.00678087; -0.00789065
71.4; 567852; 389753; -0.0077644; -0.00704983; -0.00912382; -0.00839002; -0.00993234
71.6; 566067; 389773; -0.00955909; -0.00886925; -0.0111884; -0.0104806; -0.0124482
71.8; 564008; 389642; -0.0118314; -0.0111675; -0.0137237; -0.0130424; -0.0154227
72; 561831; 389444; -0.0145713; -0.0139315; -0.0167189; -0.0160628; -0.0188451
72.2; 559492; 389441; -0.0177571; -0.0171428; -0.0201523; -0.0195219; -0.0226916
72.4; 557011; 389526; -0.0213783; -0.0207888; -0.0240121; -0.0234077; -0.0269522
72.6; 554353; 389390; -0.0254272; -0.0248594; -0.0282871; -0.027705; -0.031605
72.8; 551449; 389562; -0.0298853; -0.0293414; -0.0329577; -0.0324007; -0.0366339
73; 548326; 389976; -0.0347325; -0.0342075; -0.0380019; -0.0374639; -0.0420075
73.2; 544994; 390354; -0.0399405; -0.0394361; -0.0433906; -0.0428745; -0.0477004
73.4; 541664; 390734; -0.0454761; -0.0449919; -0.0490907; -0.0485957; -0.0536779
73.6; 538252; 391120; -0.0513072; -0.050838; -0.0550698; -0.0545913; -0.0599058
73.8; 534594; 391626; -0.0573978; -0.0569437; -0.0612922; -0.0608287; -0.0663491
74; 530660; 391970; -0.0637329; -0.0632839; -0.0677459; -0.0672832; -0.0729905
74.2; 526879; 392261; -0.0703048; -0.0698078; -0.0744096; -0.0739124; -0.0797915
74.4; 523106; 392762; -0.0770118; -0.0765514; -0.0812016; -0.0807286; -0.0867257
74.6; 519122; 393544; -0.0838942; -0.083433; -0.0881316; -0.0876765; -0.0937561
74.8; 514908; 394306; -0.0908883; -0.0904367; -0.0951655; -0.0947087; -0.100842
75; 510473; 395368; -0.097961; -0.0975124; -0.102246; -0.101796; -0.107942
75.2; 505921; 396227; -0.105069; -0.104622; -0.109338; -0.108895; -0.115013
75.4; 501318; 396807; -0.112174; -0.111729; -0.11641; -0.115963; -0.122023
75.6; 496877; 397488; -0.119229; -0.118785; -0.123409; -0.122972; -0.12894
75.8; 492634; 398275; -0.126211; -0.12576; -0.130326; -0.129878; -0.135741
76; 488360; 399003; -0.133085; -0.132633; -0.137114; -0.136667; -0.142392
76.2; 484145; 399739; -0.139833; -0.139373; -0.143758; -0.143306; -0.148864
76.4; 480259; 400546; -0.146414; -0.145948; -0.150215; -0.149756; -0.155116
76.6; 476586; 401495; -0.152792; -0.152313; -0.156445; -0.155976; -0.161101
76.8; 472803; 402399; -0.158933; -0.158444; -0.162418; -0.161938; -0.166795
77; 469291; 403079; -0.164793; -0.164292; -0.16809; -0.167602; -0.172157
77.2; 466544; 403755; -0.170338; -0.169821; -0.173436; -0.172931; -0.177171
77.4; 463957; 404508; -0.175544; -0.175013; -0.178431; -0.177914; -0.181815
77.6; 461045; 405167; -0.180394; -0.179847; -0.183061; -0.18253; -0.186081
77.8; 458730; 405601; -0.184869; -0.184303; -0.187307; -0.186755; -0.189944
78; 457149; 406062; -0.188942; -0.188357; -0.191135; -0.190567; -0.193368
78.2; 455780; 406617; -0.192597; -0.19199; -0.194533; -0.193943; -0.196337
78.4; 454383; 407319; -0.195809; -0.195179; -0.197476; -0.196863; -0.198832
78.6; 453259; 407810; -0.198556; -0.1979; -0.199944; -0.199306; -0.200835
78.8; 452683; 408134; -0.200821; -0.20014; -0.201927; -0.201261; -0.202341
79; 452247; 408528; -0.202592; -0.201885; -0.203412; -0.202721; -0.20335
79.2; 451997; 408856; -0.203867; -0.203132; -0.204402; -0.203683; -0.203863
79.4; 452046; 408996; -0.204641; -0.203883; -0.204892; -0.204147; -0.203877
79.6; 452262; 409169; -0.204918; -0.204131; -0.204882; -0.204109; -0.203387
79.8; 452558; 409344; -0.204693; -0.203879; -0.204369; -0.203568; -0.202393
80; 453179; 409443; -0.203964; -0.203122; -0.203353; -0.202523; -0.200897
80.2; 454131; 409560; -0.202731; -0.201864; -0.201836; -0.20098; -0.198906
80.4; 455138; 409744; -0.200997; -0.200102; -0.199822; -0.198937; -0.196421
80.6; 456080; 409670; -0.198768; -0.19785; -0.197319; -0.196412; -0.193462
80.8; 457179; 409580; -0.196061; -0.195115; -0.19435; -0.193413; -0.190053
81; 458459; 409308; -0.192888; -0.191918; -0.190927; -0.189967; -0.186212
81.2; 459861; 408850; -0.189272; -0.188278; -0.187075; -0.18609; -0.181965
81.4; 461546; 408465; -0.185235; -0.184218; -0.182815; -0.181806; -0.177334
81.6; 463343; 407910; -0.180794; -0.179756; -0.178163; -0.177133; -0.172328
81.8; 465251; 407465; -0.175974; -0.174914; -0.173143; -0.172091; -0.166976
82; 467534; 406961; -0.170798; -0.169719; -0.16778; -0.166708; -0.161301
82.2; 469869; 406274; -0.165291; -0.164193; -0.162101; -0.161009; -0.155332
82.4; 472034; 405667; -0.159481; -0.158367; -0.156137; -0.155028; -0.149111
82.6; 474499; 405034; -0.153394; -0.152265; -0.149916; -0.148791; -0.142664
82.8; 477288; 404129; -0.147062; -0.145921; -0.143469; -0.142333; -0.136026
83; 480255; 403184; -0.140521; -0.139374; -0.136818; -0.135708; -0.129242
83.2; 483334; 402171; -0.13378; -0.132683; -0.130034; -0.128915; -0.122339
83.4; 486652; 401171; -0.126942; -0.125808; -0.123128; -0.122004; -0.115347
83.6; 490424; 400107; -0.119979; -0.118842; -0.116138; -0.114999; -0.108299
83.8; 494487; 398914; -0.112939; -0.111801; -0.10909; -0.107939; -0.101226
84; 498611; 397831; -0.105868; -0.104715; -0.102019; -0.100872; -0.0941757
84.2; 502759; 397008; -0.0987891; -0.0976426; -0.0949792; -0.0938229; -0.0871823
84.4; 506938; 395958; -0.0917522; -0.0906062; -0.0879924; -0.0868388; -0.0802825
84.6; 511504; 394672; -0.0847907; -0.0836418; -0.0810982; -0.0799469; -0.0735043
84.8; 516089; 393614; -0.0779245; -0.0767899; -0.0743275; -0.0731783; -0.066882
85; 520573; 392864; -0.0712046; -0.0700687; -0.0677122; -0.0665692; -0.0604486
85.2; 524928; 392126; -0.0646504; -0.0635258; -0.0612876; -0.0601498; -0.0542327
85.4; 529355; 391256; -0.0582991; -0.0571851; -0.0550794; -0.0539517; -0.0482636
85.6; 533793; 390441; -0.0521857; -0.0510782; -0.0491252; -0.0480044; -0.0425728
85.8; 537880; 389712; -0.0463335; -0.0452444; -0.0434534; -0.0423453; -0.0371965
86; 541573; 388937; -0.0407839; -0.0397072; -0.0380955; -0.037003; -0.0321615
86.2; 545145; 388039; -0.0355588; -0.0344997; -0.0330791; -0.032; -0.0274871
86.4; 548542; 387488; -0.0306837; -0.0296446; -0.0284241; -0.0273642; -0.0231986
86.6; 551493; 387123; -0.0261818; -0.0251575; -0.0241531; -0.0231092; -0.0193114
86.8; 554056; 386513; -0.0220684; -0.0210704; -0.0202825; -0.0192608; -0.0158429
87; 556400; 385897; -0.0183688; -0.0173893; -0.0168299; -0.0158302; -0.0128042
87.2; 558511; 385421; -0.0150963; -0.0141414; -0.0138175; -0.0128403; -0.0102233
87.4; 560191; 385127; -0.01227; -0.0113402; -0.0112583; -0.0103071; -0.00811138
87.6; 561448; 384634; -0.00991492; -0.00900922; -0.00917857; -0.00825235; -0.00649089
87.8; 562302; 384124; -0.00803626; -0.00715872; -0.00758043; -0.00668208; -0.00536116
88; 562820; 383831; -0.00664411; -0.00579123; -0.00647257; -0.00559815; -0.00472635
88.2; 563014; 383482; -0.00574033; -0.00491458; -0.00585201; -0.00500647; -0.00457965
88.4; 562830; 383275; -0.00532919; -0.00453115; -0.00572565; -0.00490732; -0.00492739
88.6; 562254; 382998; -0.00541574; -0.00464213; -0.00609396; -0.00530102; -0.00576698
88.8; 561287; 382824; -0.00599498; -0.0052502; -0.00695299; -0.00618889; -0.00709237
89; 559956; 382841; -0.00707568; -0.00636058; -0.00830861; -0.00757524; -0.00890939
89.2; 558293; 382788; -0.00865167; -0.00795935; -0.0101561; -0.00944631; -0.0112089
89.4; 556523; 382591; -0.0107094; -0.0100439; -0.0124805; -0.0117978; -0.013979
89.6; 554503; 382429; -0.0132437; -0.0126036; -0.0152753; -0.0146182; -0.01721
89.8; 552232; 382375; -0.0162339; -0.0156176; -0.0185187; -0.0178871; -0.0208768
90; 550009; 382481; -0.0196616; -0.0190697; -0.0221909; -0.021584; -0.0249577
90.2; 547646; 382422; -0.0235205; -0.0229514; -0.0262835; -0.0256998; -0.0294416
90.4; 544804; 382344; -0.0278008; -0.0272559; -0.0307833; -0.0302246; -0.0343102
90.6; 541922; 382626; -0.0324814; -0.0319543; -0.0356691; -0.0351285; -0.0395386
90.8; 538896; 383068; -0.0375255; -0.0370219; -0.0409009; -0.0403853; -0.0450869
91; 535787; 383463; -0.0429135; -0.0424277; -0.0464586; -0.0459616; -0.0509304
91.2; 532361; 384022; -0.0486124; -0.0481451; -0.0523114; -0.0518341; -0.057042
91.4; 528734; 384482; -0.0545878; -0.0541364; -0.0584252; -0.0579649; -0.0633879
91.6; 525304; 384658; -0.0608175; -0.0603787; -0.0647785; -0.0643311; -0.0699496
91.8; 521586; 385062; -0.0672864; -0.0668338; -0.0713662; -0.0708825; -0.0766901
92; 517765; 385656; -0.0739522; -0.0734724; -0.0781007; -0.0776334; -0.0835762
92.2; 514136; 386259; -0.0807518; -0.0803037; -0.0849771; -0.0845237; -0.090573
92.4; 510458; 387052; -0.0876996; -0.0872466; -0.0919707; -0.0915085; -0.0976308
92.6; 506264; 388061; -0.0947397; -0.0942976; -0.0990214; -0.0985882; -0.104728
92.8; 501768; 388999; -0.101832; -0.101399; -0.106119; -0.105677; -0.111812
93; 497270; 389762; -0.108949; -0.108507; -0.113204; -0.112766; -0.118856
93.2; 492905; 390392; -0.116028; -0.115594; -0.120239; -0.119808; -0.125821
93.4; 488604; 391320; -0.123052; -0.122613; -0.127204; -0.126764; -0.132679
93.6; 484412; 392075; -0.129981; -0.129537; -0.134051; -0.133616; -0.139403
93.8; 480492; 392645; -0.136788; -0.136341; -0.140767; -0.140323; -0.14596
94; 476492; 393458; -0.143445; -0.142988; -0.147309; -0.146859; -0.152314
94.2; 472412; 394557; -0.149916; -0.149452; -0.153643; -0.153188; -0.158424
94.4; 468783; 395476; -0.156166; -0.155692; -0.159736; -0.159269; -0.164254
94.6; 465785; 396149; -0.162158; -0.161669; -0.165544; -0.16507; -0.169763
94.8; 462720; 396959; -0.167853; -0.167353; -0.171047; -0.170556; -0.17494
95; 459489; 397909; -0.17322; -0.172703; -0.176207; -0.175703; -0.179758
95.2; 456916; 398595; -0.178236; -0.177705; -0.181007; -0.18049; -0.184201
95.4; 454918; 399046; -0.18288; -0.18233; -0.185425; -0.184889; -0.188242
95.6; 452870; 399618; -0.187132; -0.186564; -0.189439; -0.188888; -0.191865
95.8; 450970; 400273; -0.190977; -0.190387; -0.193035; -0.192461; -0.195043
96; 449574; 400865; -0.194389; -0.193779; -0.196181; -0.195589; -0.197749
96.2; 448738; 401391; -0.19735; -0.196713; -0.198866; -0.198246; -0.19997
96.4; 448022; 402012; -0.199836; -0.199176; -0.20107; -0.200425; -0.201702
96.6; 447333; 402565; -0.201834; -0.201147; -0.202784; -0.202112; -0.202938
96.8; 446923; 402883; -0.203337; -0.202622; -0.204002; -0.203301; -0.203679
97; 446661; 403081; -0.204337; -0.203597; -0.204717; -0.203991; -0.203919
97.2; 446810; 403363; -0.204836; -0.204069; -0.204929; -0.204175; -0.203652
97.4; 447295; 403619; -0.204832; -0.204039; -0.204638; -0.203858; -0.202879
97.6; 447907; 403770; -0.20433; -0.203507; -0.203847; -0.203036; -0.201605
97.8; 448595; 403860; -0.203324; -0.202478; -0.202556; -0.201721; -0.199839
98; 449453; 404136; -0.20182; -0.200946; -0.200771; -0.199907; -0.197581
98.2; 450326; 404203; -0.199817; -0.198917; -0.198491; -0.197601; -0.19484
98.4; 451429; 404187; -0.197326; -0.196399; -0.195731; -0.194814; -0.19163
98.6; 452636; 404126; -0.194356; -0.193406; -0.192505; -0.191563; -0.187973
98.8; 453896; 403734; -0.190933; -0.189957; -0.188838; -0.18787; -0.183898
99; 455311; 403255; -0.187083; -0.186082; -0.184757; -0.183765; -0.179434
99.2; 456981; 402885; -0.18282; -0.181799; -0.18028; -0.179267; -0.174597
99.4; 458803; 402467; -0.178171; -0.177128; -0.175426; -0.174391; -0.169402
99.6; 460973; 401987; -0.173155; -0.172091; -0.170217; -0.169161; -0.163871
99.8; 463380; 401384; -0.167794; -0.166712; -0.164676; -0.163601; -0.158028
100; 465625; 400779; -0.162117; -0.161017; -0.158835; -0.157741; -0.151912
100.2; 467825; 400254; -0.156148; -0.155032; -0.152722; -0.151611; -0.145559
100.4; 470229; 399490; -0.149924; -0.148791; -0.146377; -0.145247; -0.139007
100.6; 473040; 398394; -0.143473; -0.142331; -0.139812; -0.138698; -0.132287
100.8; 476213; 397365; -0.136808; -0.135706; -0.133081; -0.131976; -0.125436
101; 479482; 396530; -0.130016; -0.128895; -0.126217; -0.125112; -0.118471
101.2; 482783; 395637; -0.123096; -0.121979; -0.119272; -0.118135; -0.111442
101.4; 486503; 394524; -0.116101; -0.114968; -0.112242; -0.111114; -0.104382
101.6; 490873; 393237; -0.109044; -0.107898; -0.105185; -0.10404; -0.0973151
101.8; 495283; 392399; -0.101951; -0.100817; -0.0981185; -0.096969; -0.0902807
102; 499390; 391485; -0.0948967; -0.0937529; -0.0910983; -0.0899604; -0.0833399
102.2; 503599; 390319; -0.0878928; -0.0867561; -0.0841707; -0.0830192; -0.0765144
102.4; 508153; 389185; -0.0809779; -0.0798419; -0.0773353; -0.0761934; -0.0698229
102.6; 512799; 388178; -0.0741828; -0.0730567; -0.0706374; -0.0695076; -0.0632928
102.8; 517179; 387348; -0.0675583; -0.0664344; -0.0641381; -0.0629939; -0.0569772
103; 521559; 386725; -0.0611124; -0.0600031; -0.0578192; -0.0567055; -0.050894
103.2; 526115; 385922; -0.0548881; -0.0537747; -0.051754; -0.0506179; -0.0450617
103.4; 530260; 385061; -0.0489065; -0.0478197; -0.0459341; -0.0448366; -0.0395352
103.6; 533943; 384248; -0.0432217; -0.0421444; -0.0404398; -0.0393484; -0.0343513
103.8; 537815; 383640; -0.0378448; -0.0367876; -0.0352714; -0.034191; -0.029521
104; 541254; 382971; -0.0328171; -0.0317716; -0.0304524; -0.0293958; -0.0250636
104.2; 544038; 382395; -0.028149; -0.0271264; -0.026017; -0.0249687; -0.0209975
104.4; 546942; 381761; -0.0238523; -0.0228497; -0.0219508; -0.0209321; -0.0173277
104.6; 549889; 381355; -0.0199589; -0.0189782; -0.0183036; -0.0173002; -0.0140819
104.8; 551908; 380915; -0.0164928; -0.0155323; -0.0150901; -0.0141085; -0.011291
105; 553180; 380561; -0.013459; -0.0125239; -0.0123201; -0.0113651; -0.00896263
105.2; 554555; 380024; -0.0108873; -0.00998196; -0.0100219; -0.00909467; -0.00712035
105.4; 555902; 379288; -0.00879735; -0.00790964; -0.00820765; -0.00730121; -0.00576545
105.6; 556617; 379277; -0.00718179; -0.0063266; -0.00687692; -0.00600036; -0.00491164
105.8; 556908; 378990; -0.00605915; -0.0052281; -0.00604114; -0.00518991; -0.00455186
106; 557115; 378359; -0.00542863; -0.00462481; -0.00569578; -0.00487361; -0.00468617
106.2; 556826; 378354; -0.00529104; -0.00451119; -0.00584314; -0.00504285; -0.00530522
106.4; 555883; 378154; -0.0056462; -0.00489809; -0.00647812; -0.00571164; -0.00641077
106.6; 554788; 377956; -0.00650391; -0.00578048; -0.00761106; -0.00687078; -0.00800327
106.8; 553423; 378022; -0.00785679; -0.00715877; -0.00923793; -0.00852165; -0.010086
107; 551615; 377768; -0.00969775; -0.00902825; -0.0113482; -0.0106608; -0.0126464
107.2; 549627; 377801; -0.0120183; -0.0113718; -0.0139334; -0.0132712; -0.0156749
107.4; 547652; 377769; -0.0147997; -0.0141795; -0.0169743; -0.0163387; -0.0191505
107.6; 545554; 377623; -0.0180328; -0.0174369; -0.0204569; -0.0198455; -0.0230488
107.8; 543039; 377639; -0.0217052; -0.021134; -0.0243666; -0.0237805; -0.0273564
108; 540500; 377750; -0.0258013; -0.0252515; -0.028686; -0.0281231; -0.0320497
108.2; 537965; 377881; -0.0302944; -0.0297656; -0.0333863; -0.0328443; -0.0370975
108.4; 535040; 378231; -0.0351727; -0.0346643; -0.0384589; -0.0379383; -0.0424969
108.6; 531870; 378492; -0.0404114; -0.0399225; -0.043879; -0.0433781; -0.0482204
108.8; 528687; 378944; -0.0459717; -0.0455023; -0.0496064; -0.0491266; -0.0542298
109; 525328; 379588; -0.0518243; -0.0513731; -0.0556087; -0.0551478; -0.0604842
109.2; 521952; 379891; -0.057947; -0.0575069; -0.0618615; -0.0614123; -0.0669549
109.4; 518341; 380214; -0.0643041; -0.0638785; -0.0683387; -0.0678884; -0.0736122
109.6; 514815; 380707; -0.0708992; -0.0704221; -0.0750155; -0.0745387; -0.0804224
109.8; 511265; 381337; -0.0776318; -0.0771858; -0.081832; -0.0813686; -0.0873697
110; 507493; 382127; -0.0845262; -0.0840729; -0.0887658; -0.0883247; -0.0944011
110.2; 503443; 382937; -0.0915203; -0.0910843; -0.0958052; -0.0953593; -0.101495
110.4; 499466; 383859; -0.0985924; -0.0981634; -0.102884; -0.102452; -0.108595
110.6; 495128; 384914; -0.105708; -0.105267; -0.109982; -0.10955; -0.115672
110.8; 490743; 385653; -0.112801; -0.112379; -0.117047; -0.116618; -0.122678
111; 486484; 386306; -0.119863; -0.119428; -0.124044; -0.123619; -0.129583
111.2; 482422; 387134; -0.126839; -0.126405; -0.130953; -0.130519; -0.136369
111.4; 478458; 387958; -0.133703; -0.133268; -0.137727; -0.137295; -0.142997
111.6; 474221; 388731; -0.140437; -0.139986; -0.144353; -0.143911; -0.149447
111.8; 470123; 389667; -0.146992; -0.146541; -0.150785; -0.150338; -0.155673
112; 466707; 390596; -0.153349; -0.152883; -0.156993; -0.156537; -0.161638
112.2; 463597; 391582; -0.159461; -0.158984; -0.162937; -0.162469; -0.167302
112.4; 460173; 392370; -0.165291; -0.164804; -0.16858; -0.168102; -0.172635
112.6; 457054; 392990; -0.170814; -0.170309; -0.173901; -0.173409; -0.177619
112.8; 454621; 393857; -0.17599; -0.175473; -0.178863; -0.178358; -0.182227
113; 452428; 394721; -0.180806; -0.180267; -0.183453; -0.18293; -0.186443
113.2; 449995; 395330; -0.185242; -0.184687; -0.187657; -0.187117; -0.190261
113.4; 447914; 395755; -0.189274; -0.188699; -0.191445; -0.190886; -0.193644
113.6; 446678; 396347; -0.192881; -0.192285; -0.194795; -0.194216; -0.196565
113.8; 445708; 397088; -0.196047; -0.195428; -0.197692; -0.197089; -0.199012
114; 444839; 397705; -0.198752; -0.19811; -0.200118; -0.199492; -0.200972
114.2; 444072; 398222; -0.200977; -0.200306; -0.202059; -0.201403; -0.202436
114.4; 443381; 398636; -0.202706; -0.202009; -0.203501; -0.202819; -0.203398
114.6; 443149; 399066; -0.203934; -0.20321; -0.204443; -0.203733; -0.203859
114.8; 443302; 399440; -0.204658; -0.20391; -0.20488; -0.204145; -0.203819
115; 443670; 399604; -0.204881; -0.204104; -0.204815; -0.204051; -0.203273
115.2; 444067; 399730; -0.204606; -0.203802; -0.204253; -0.203461; -0.20223
115.4; 444659; 399963; -0.203829; -0.202998; -0.203191; -0.202372; -0.20069
115.6; 445522; 400094; -0.20255; -0.201692; -0.20163; -0.200783; -0.198657
115.8; 446482; 400275; -0.200774; -0.199889; -0.199576; -0.1987; -0.196137
116; 447150; 400331; -0.198503; -0.197592; -0.197031; -0.19613; -0.193133
116.2; 448150; 400420; -0.195747; -0.194813; -0.19401; -0.193085; -0.189671
116.4; 449666; 400135; -0.192528; -0.191566; -0.190539; -0.189586; -0.185776
116.6; 451179; 399664; -0.188864; -0.18788; -0.186635; -0.18566; -0.181474
116.8; 452729; 399362; -0.184784; -0.183777; -0.182333; -0.181335; -0.176799
117; 454284; 398937; -0.180308; -0.179279; -0.17765; -0.176628; -0.17177
117.2; 456093; 398463; -0.175459; -0.174408; -0.172607; -0.171562; -0.166402
117.4; 458416; 397995; -0.170254; -0.169185; -0.167219; -0.166156; -0.160708
117.6; 460756; 397509; -0.164715; -0.163627; -0.161508; -0.160426; -0.154711
117.8; 463087; 396924; -0.158873; -0.157769; -0.15551; -0.154412; -0.148451
118; 465473; 396166; -0.15276; -0.151639; -0.149262; -0.148144; -0.141974
118.2; 467969; 395230; -0.146405; -0.145272; -0.14279; -0.141668; -0.135315
118.4; 470825; 394303; -0.139833; -0.138714; -0.136114; -0.135032; -0.12852
118.6; 474092; 393369; -0.133086; -0.131994; -0.129324; -0.128217; -0.121608
118.8; 477385; 392459; -0.12623; -0.125119; -0.122416; -0.121296; -0.114616
119; 480947; 391457; -0.119274; -0.118142; -0.115418; -0.114303; -0.107576
119.2; 485046; 390298; -0.112229; -0.111106; -0.108379; -0.107237; -0.100508
119.4; 489423; 389307; -0.105156; -0.104017; -0.101302; -0.100168; -0.0934482
119.6; 493567; 388414; -0.0980743; -0.0969426; -0.094255; -0.0931197; -0.0864524
119.8; 497551; 387444; -0.0910426; -0.0899112; -0.0872828; -0.0861374; -0.0795656
120; 502012; 386390; -0.0840871; -0.0829475; -0.0803942; -0.0792564; -0.0728032
