0.004; 292.603; 2760.32; -1.40066e-07; 2.68946e-07; -1.50331e-06; -2.07035e-06; -6.3553e-06
0.2; 41536.1; 133689; -0.00444321; -0.00503562; -0.00598224; -0.00722418; -0.0087075
0.4; 199971; 566336; -0.0303061; -0.0306768; -0.0415656; -0.042091; -0.0591692
0.6; 379461; 653151; -0.0673768; -0.0692541; -0.0904482; -0.0938498; -0.130187
0.8; 396400; 390551; -0.101554; -0.103314; -0.134371; -0.136029; -0.187617
1; 433340; 260374; -0.121114; -0.123048; -0.152508; -0.156353; -0.206778
1.2; 546138; 305650; -0.130311; -0.131403; -0.152881; -0.154395; -0.190593
1.4; 589156; 343500; -0.136816; -0.138424; -0.147257; -0.146633; -0.1618
1.6; 570732; 438236; -0.14723; -0.146466; -0.145527; -0.144932; -0.142153
1.8; 534831; 525217; -0.158336; -0.157416; -0.150327; -0.148759; -0.135086
2; 563028; 533244; -0.165406; -0.163423; -0.151943; -0.149778; -0.127717
2.2; 707801; 508856; -0.158691; -0.157818; -0.138828; -0.136908; -0.103588
2.4; 802589; 538957; -0.137982; -0.135216; -0.111118; -0.107997; -0.064421
2.6; 828138; 675865; -0.109463; -0.106215; -0.0804479; -0.0764573; -0.0297137
2.8; 826125; 718368; -0.0821004; -0.0784293; -0.0546365; -0.0514961; -0.00803405
3; 790655; 665604; -0.0608434; -0.0577692; -0.0392133; -0.0360231; -0.00133617
3.2; 727479; 620790; -0.0459287; -0.0436043; -0.0325399; -0.0305416; -0.00896284
3.4; 673409; 620359; -0.0326795; -0.0309529; -0.0304406; -0.0291606; -0.0254652
3.6; 641377; 588837; -0.024078; -0.0236306; -0.0336986; -0.0335322; -0.0487005
3.8; 621217; 457313; -0.0275514; -0.0277944; -0.0468171; -0.0475436; -0.0781059
4; 584662; 337594; -0.043719; -0.044761; -0.0697019; -0.0710021; -0.111928
4.2; 543666; 331703; -0.0691005; -0.0706254; -0.0985381; -0.100183; -0.146454
4.4; 546840; 327540; -0.0974328; -0.0991589; -0.12613; -0.127822; -0.172776
4.6; 572517; 332757; -0.122875; -0.12404; -0.146468; -0.147392; -0.184357
4.8; 595229; 411859; -0.142274; -0.143133; -0.158053; -0.158498; -0.183205
5; 618771; 513645; -0.153024; -0.152726; -0.161132; -0.160599; -0.173598
5.2; 647072; 535949; -0.156556; -0.156107; -0.157647; -0.156726; -0.158075
5.4; 694986; 490212; -0.157495; -0.156069; -0.150291; -0.148683; -0.136994
5.6; 725919; 457332; -0.15565; -0.153829; -0.139196; -0.13683; -0.1099
5.8; 729324; 518427; -0.149037; -0.146107; -0.124095; -0.121014; -0.0806621
6; 722915; 682712; -0.134583; -0.131313; -0.105918; -0.102573; -0.0560933
6.2; 732245; 796173; -0.110168; -0.107047; -0.082874; -0.0796851; -0.0354908
6.4; 764327; 728429; -0.0812331; -0.0777753; -0.0582781; -0.0549626; -0.0185009
6.6; 795883; 621607; -0.0545361; -0.0516275; -0.0369391; -0.0342628; -0.00647057
6.8; 795104; 561735; -0.0348189; -0.0325385; -0.0237742; -0.0217249; -0.00388937
7; 726180; 560742; -0.0256484; -0.0243452; -0.0237816; -0.0228351; -0.0192829
7.2; 605925; 556288; -0.026243; -0.0259467; -0.0360437; -0.0360461; -0.0509896
7.4; 501872; 485768; -0.037015; -0.0375779; -0.0578882; -0.0589594; -0.0918984
7.6; 467637; 376061; -0.0560929; -0.0571744; -0.0851876; -0.0864817; -0.132592
7.8; 498623; 305721; -0.0790288; -0.0806046; -0.110978; -0.112693; -0.163329
8; 562266; 287079; -0.10192; -0.103408; -0.130491; -0.131886; -0.177086
8.2; 609320; 314062; -0.123384; -0.124917; -0.144144; -0.145541; -0.177909
8.4; 616982; 419251; -0.142466; -0.143818; -0.155052; -0.155146; -0.174123
8.6; 613052; 524380; -0.156067; -0.155887; -0.161173; -0.160759; -0.168601
8.8; 633714; 514747; -0.162435; -0.161836; -0.161201; -0.159934; -0.157305
9; 688132; 459525; -0.162217; -0.160909; -0.152712; -0.151039; -0.135395
9.2; 741569; 456850; -0.154997; -0.152891; -0.135907; -0.133392; -0.102284
9.4; 746872; 547667; -0.141741; -0.138622; -0.115059; -0.111829; -0.0688384
9.6; 733892; 706114; -0.123062; -0.119616; -0.0938612; -0.0903532; -0.043277
9.8; 720166; 735994; -0.100225; -0.0972076; -0.0727848; -0.0699394; -0.0254835
10; 723987; 647605; -0.0754671; -0.0723663; -0.0531408; -0.0500585; -0.0141991
10.2; 733616; 607106; -0.0507916; -0.048194; -0.0349979; -0.0328666; -0.0077402
10.4; 736681; 579476; -0.030476; -0.0287231; -0.0226447; -0.0211857; -0.00826677
10.6; 681190; 551748; -0.0216526; -0.0205867; -0.0233832; -0.0228291; -0.025209
10.8; 584138; 479898; -0.0260626; -0.026028; -0.0382889; -0.0389643; -0.0578018
11; 491087; 412188; -0.0414547; -0.0424611; -0.0639001; -0.064983; -0.0998905
11.2; 453167; 355642; -0.0641668; -0.0655934; -0.0936403; -0.0953955; -0.141857
11.4; 492434; 315453; -0.0883243; -0.0898625; -0.119829; -0.121456; -0.171369
11.6; 558191; 293791; -0.109669; -0.111604; -0.137079; -0.138749; -0.181891
11.8; 607849; 341762; -0.128993; -0.131093; -0.148466; -0.149433; -0.179386
12; 619651; 451434; -0.145366; -0.147027; -0.156465; -0.156251; -0.172662
12.2; 627003; 521939; -0.157334; -0.156812; -0.160318; -0.159717; -0.164276
12.4; 648528; 489668; -0.162715; -0.162363; -0.158972; -0.157564; -0.1505
12.6; 700064; 443918; -0.162186; -0.160636; -0.149364; -0.147578; -0.12646
12.8; 731828; 463205; -0.15312; -0.150868; -0.131231; -0.128436; -0.0926159
13; 730265; 593871; -0.137166; -0.133907; -0.109194; -0.105787; -0.0606514
13.2; 719242; 726218; -0.115712; -0.112338; -0.0868433; -0.0833655; -0.0369133
13.4; 716100; 685624; -0.092263; -0.089061; -0.0660672; -0.0629925; -0.0206997
13.6; 722958; 603809; -0.0681022; -0.0653579; -0.0473705; -0.0447277; -0.011274
13.8; 722456; 589366; -0.0444981; -0.0421018; -0.031333; -0.0289757; -0.00789572
14; 701680; 569076; -0.0267846; -0.0252992; -0.0219895; -0.0213256; -0.0134348
14.2; 636312; 527423; -0.0213216; -0.020575; -0.026828; -0.0263662; -0.034754
14.4; 546148; 441719; -0.0290539; -0.0290765; -0.0447264; -0.045151; -0.0696043
14.6; 474238; 379716; -0.0470292; -0.0480899; -0.0715651; -0.0731185; -0.111565
14.8; 456246; 331626; -0.0710183; -0.072669; -0.101536; -0.103086; -0.150997
15; 507864; 292979; -0.0951882; -0.096731; -0.125655; -0.127401; -0.175721
15.2; 566691; 307820; -0.116027; -0.118209; -0.141454; -0.142843; -0.182432
15.4; 599740; 374628; -0.134487; -0.136976; -0.151666; -0.152582; -0.178554
15.6; 613957; 479435; -0.149067; -0.151104; -0.158346; -0.158182; -0.171418
15.8; 624823; 514499; -0.159394; -0.158712; -0.160618; -0.159675; -0.161327
16; 660495; 469388; -0.162728; -0.162364; -0.156654; -0.155206; -0.144347
16.2; 714325; 429288; -0.159537; -0.158998; -0.14438; -0.142374; -0.116503
16.4; 730613; 476075; -0.14934; -0.146485; -0.12474; -0.12177; -0.081849
16.6; 715804; 640759; -0.13153; -0.128798; -0.102861; -0.0994216; -0.0526414
16.8; 699566; 731097; -0.109466; -0.105978; -0.0808015; -0.0776456; -0.0316459
17; 702527; 646038; -0.0852961; -0.0822859; -0.0605903; -0.0574374; -0.0174219
17.2; 716029; 579177; -0.060948; -0.0581682; -0.0421438; -0.039766; -0.00969465
17.4; 715486; 570497; -0.0385432; -0.0363231; -0.0275921; -0.025493; -0.00792574
17.6; 683781; 553944; -0.0241036; -0.0228375; -0.0220424; -0.0213487; -0.0176409
17.8; 604102; 494017; -0.0224643; -0.0222447; -0.0308942; -0.0308944; -0.0436112
18; 512220; 413737; -0.0333562; -0.033833; -0.0518697; -0.0527912; -0.0817453
18.2; 458846; 348531; -0.0532368; -0.0546509; -0.0802657; -0.081801; -0.124131
18.4; 465984; 315459; -0.0778237; -0.0794837; -0.109236; -0.110904; -0.16043
18.6; 524330; 279259; -0.101401; -0.102881; -0.130986; -0.132694; -0.179734
18.8; 579133; 309449; -0.12167; -0.123659; -0.144788; -0.146198; -0.182281
19; 615256; 400415; -0.139336; -0.14207; -0.154168; -0.154764; -0.176636
19.2; 616644; 496045; -0.15305; -0.15399; -0.159688; -0.159253; -0.16889
19.4; 627165; 502020; -0.161283; -0.160279; -0.160319; -0.159117; -0.157238
19.6; 673177; 438532; -0.162454; -0.162441; -0.154004; -0.152559; -0.137472
19.8; 722734; 417425; -0.157435; -0.156085; -0.139274; -0.136991; -0.106722
20; 727019; 506068; -0.144971; -0.141857; -0.118615; -0.115305; -0.0726301
20.2; 709303; 677587; -0.125682; -0.122642; -0.0965878; -0.0931384; -0.0459571
20.4; 703502; 704909; -0.102736; -0.0994958; -0.0748609; -0.0719141; -0.0269848
20.6; 714183; 595916; -0.0785496; -0.075306; -0.0551598; -0.0520866; -0.0144781
20.8; 717308; 562016; -0.0537193; -0.05155; -0.037259; -0.0350103; -0.00834783
21; 705406; 556433; -0.03312; -0.0309356; -0.0244983; -0.0228729; -0.00916613
21.2; 657379; 528256; -0.0220016; -0.0212033; -0.0229995; -0.022565; -0.0236015
21.4; 572331; 462141; -0.0244339; -0.024341; -0.0358811; -0.0359826; -0.0535013
21.6; 486505; 387265; -0.0382487; -0.0389078; -0.0592865; -0.0605338; -0.0935686
21.8; 448876; 331282; -0.0600879; -0.061454; -0.0888075; -0.0902867; -0.135417
22; 473852; 293180; -0.0846688; -0.0863725; -0.116231; -0.117922; -0.167747
22.2; 544573; 288349; -0.10724; -0.109131; -0.135447; -0.137416; -0.181978
22.4; 590560; 325819; -0.127252; -0.129012; -0.147499; -0.149656; -0.181611
22.6; 608913; 433782; -0.143755; -0.146199; -0.156185; -0.1569; -0.175218
22.8; 622418; 504979; -0.155753; -0.15682; -0.160566; -0.160083; -0.166483
23; 641392; 471859; -0.162521; -0.161493; -0.159347; -0.158184; -0.15274
23.2; 694075; 420766; -0.161943; -0.161517; -0.150709; -0.148923; -0.129444
23.4; 720540; 429235; -0.154791; -0.152411; -0.133438; -0.131061; -0.0962504
23.6; 710763; 555722; -0.139866; -0.137101; -0.112078; -0.109118; -0.0639761
23.8; 696231; 702531; -0.119472; -0.116165; -0.090196; -0.0867; -0.0393928
24; 692631; 671217; -0.0956761; -0.0927931; -0.0687128; -0.0659846; -0.022263
24.2; 704895; 567466; -0.0712655; -0.068205; -0.0494574; -0.0466428; -0.011653
24.4; 708172; 559633; -0.0472663; -0.0451251; -0.0329513; -0.0307148; -0.00750211
24.6; 691209; 550125; -0.0288099; -0.0272571; -0.0227997; -0.0217831; -0.0119439
24.8; 629759; 510846; -0.021831; -0.0211454; -0.025632; -0.0258216; -0.031498
25; 537469; 434048; -0.027676; -0.0276452; -0.0422083; -0.0424587; -0.0649994
25.2; 468774; 363168; -0.0439203; -0.0451274; -0.0676805; -0.0692064; -0.106376
25.4; 449364; 314821; -0.0672154; -0.0684957; -0.0972397; -0.0988654; -0.146349
25.6; 483989; 291057; -0.0913728; -0.0930629; -0.1225; -0.124278; -0.173558
25.8; 551444; 295525; -0.113007; -0.115265; -0.139301; -0.141569; -0.182862
26; 600510; 352529; -0.132288; -0.135064; -0.151017; -0.151961; -0.1803
26.2; 607631; 462249; -0.148074; -0.149919; -0.158374; -0.158248; -0.173302
26.4; 621922; 509122; -0.158996; -0.158175; -0.16108; -0.160291; -0.163537
26.6; 649332; 451969; -0.162714; -0.162313; -0.157687; -0.156294; -0.147203
26.8; 702035; 403529; -0.160672; -0.15958; -0.146322; -0.144537; -0.120439
27; 719873; 449922; -0.151365; -0.14858; -0.127653; -0.124728; -0.0861896
27.2; 700110; 608463; -0.134969; -0.131764; -0.106134; -0.10284; -0.0561504
27.4; 687731; 718173; -0.113277; -0.109811; -0.0841754; -0.0809512; -0.0341208
27.6; 691540; 629023; -0.0889278; -0.0856846; -0.0632992; -0.0600925; -0.018644
27.8; 709912; 553011; -0.0638839; -0.0610804; -0.043883; -0.0417733; -0.00984864
28; 704920; 551229; -0.0411354; -0.0389606; -0.0292034; -0.0267648; -0.00739074
28.2; 671423; 540937; -0.0255548; -0.0242216; -0.021854; -0.0217574; -0.0156574
28.4; 597863; 483843; -0.0222637; -0.0218478; -0.0293448; -0.0291413; -0.0397561
28.6; 507965; 411061; -0.031512; -0.0316962; -0.0487373; -0.0495682; -0.0766072
28.8; 448147; 348500; -0.0499812; -0.0512395; -0.0760792; -0.0776706; -0.118648
29; 448637; 307741; -0.0739114; -0.0754832; -0.105156; -0.106794; -0.15614
29.2; 511536; 283699; -0.0976795; -0.0993424; -0.128002; -0.129985; -0.178212
29.4; 575041; 301212; -0.118582; -0.121088; -0.142383; -0.145672; -0.18309
29.6; 599021; 382207; -0.137225; -0.140174; -0.153143; -0.154774; -0.178634
29.8; 606518; 488198; -0.15219; -0.152867; -0.159963; -0.159343; -0.171035
30; 625914; 494182; -0.160954; -0.160153; -0.160992; -0.160031; -0.159745
30.2; 668677; 434046; -0.162362; -0.163058; -0.155156; -0.154192; -0.140731
30.4; 709920; 409018; -0.158144; -0.157874; -0.141692; -0.139456; -0.111084
30.6; 709948; 478147; -0.147202; -0.144225; -0.121435; -0.118436; -0.076646
30.8; 695540; 654420; -0.128462; -0.126396; -0.0996438; -0.0963661; -0.0487968
31; 680886; 704581; -0.106436; -0.103066; -0.0778349; -0.0747829; -0.0286956
31.2; 690430; 589534; -0.0818621; -0.0787799; -0.057542; -0.05453; -0.0152059
31.4; 699310; 543561; -0.0568947; -0.0546116; -0.0391076; -0.0369195; -0.00816921
31.6; 688340; 548620; -0.0354756; -0.0331796; -0.0256311; -0.0238305; -0.00815065
31.8; 644781; 529500; -0.0226609; -0.0217328; -0.0224093; -0.0219158; -0.0210394
32; 564338; 460713; -0.0233904; -0.0229189; -0.0336687; -0.0334387; -0.0492832
32.2; 479171; 375102; -0.035497; -0.036382; -0.0555159; -0.0570639; -0.0884303
32.4; 441609; 332561; -0.0565669; -0.0578763; -0.0838861; -0.0867884; -0.130176
32.6; 469734; 285391; -0.0811358; -0.0827572; -0.1128; -0.114243; -0.164211
32.8; 531442; 281569; -0.104254; -0.105908; -0.133115; -0.135134; -0.180989
33; 580033; 316018; -0.124531; -0.126626; -0.14687; -0.147837; -0.182535
33.2; 609490; 413421; -0.142074; -0.144419; -0.156022; -0.156199; -0.176944
33.4; 616747; 491478; -0.155339; -0.155583; -0.160918; -0.160424; -0.168838
33.6; 634371; 468506; -0.162289; -0.161547; -0.160431; -0.159237; -0.15572
33.8; 685301; 410717; -0.162514; -0.162348; -0.152529; -0.150962; -0.133397
34; 716927; 412216; -0.156251; -0.154318; -0.136199; -0.133727; -0.100615
34.2; 712066; 526276; -0.142367; -0.139627; -0.115017; -0.111918; -0.067307
34.4; 694830; 681592; -0.122623; -0.11945; -0.0931368; -0.0897379; -0.0419283
34.6; 680223; 655772; -0.0993463; -0.0960826; -0.0717398; -0.0687426; -0.024154
34.8; 691059; 551310; -0.074802; -0.0716508; -0.0521983; -0.0491837; -0.0128244
35; 696945; 542599; -0.0501997; -0.0479902; -0.0347286; -0.0325425; -0.00752008
35.2; 682793; 544989; -0.0306492; -0.0287573; -0.0233642; -0.0219843; -0.010192
35.4; 629174; 498111; -0.0216073; -0.0210504; -0.0241195; -0.0240364; -0.0274664
35.6; 541071; 435738; -0.0258849; -0.0260413; -0.0389507; -0.0393264; -0.0593541
35.8; 463554; 359471; -0.0410124; -0.0419599; -0.0636619; -0.0649078; -0.10042
36; 443823; 312085; -0.0634243; -0.0649215; -0.0930179; -0.0948077; -0.141459
36.2; 478471; 286503; -0.0879599; -0.0894937; -0.119663; -0.121157; -0.17142
36.4; 546785; 283786; -0.110125; -0.112092; -0.137614; -0.139748; -0.183248
36.6; 591756; 333739; -0.129886; -0.132287; -0.149641; -0.151142; -0.181627
36.8; 609757; 444380; -0.146445; -0.148169; -0.157974; -0.157598; -0.174696
37; 615551; 492968; -0.15806; -0.157517; -0.161004; -0.160623; -0.165247
37.2; 645138; 448296; -0.162899; -0.162755; -0.159003; -0.157607; -0.150107
37.4; 692787; 401563; -0.16176; -0.161078; -0.14885; -0.147082; -0.125044
37.6; 713220; 431375; -0.153395; -0.150795; -0.130752; -0.127991; -0.0910242
37.8; 703020; 574886; -0.13724; -0.134488; -0.108974; -0.105683; -0.0595544
38; 686175; 694015; -0.116059; -0.112711; -0.0867449; -0.0834303; -0.0361108
38.2; 681754; 616828; -0.0921536; -0.0890655; -0.065688; -0.0627245; -0.0198329
38.4; 692831; 535234; -0.0673743; -0.064516; -0.0463619; -0.0438787; -0.0101287
38.6; 689571; 541379; -0.0438175; -0.0417033; -0.0306822; -0.0284967; -0.00723397
38.8; 663935; 528033; -0.0268393; -0.0254316; -0.022264; -0.0215367; -0.0139397
39; 596624; 482694; -0.0218203; -0.0212665; -0.0274889; -0.027442; -0.0360298
39.2; 510953; 412096; -0.0294056; -0.0294578; -0.0455371; -0.0458508; -0.0710014
39.4; 453344; 335648; -0.0468226; -0.0480354; -0.0717074; -0.073515; -0.11262
39.6; 445903; 303814; -0.0704787; -0.071923; -0.101284; -0.102738; -0.151386
39.8; 493220; 282160; -0.0946051; -0.0961645; -0.125399; -0.127235; -0.176195
40; 559913; 293810; -0.115881; -0.118452; -0.141257; -0.143897; -0.183632
40.2; 595036; 361447; -0.135057; -0.137948; -0.152115; -0.154279; -0.180299
40.4; 602079; 468037; -0.150356; -0.1519; -0.159453; -0.159517; -0.172924
40.6; 617849; 490383; -0.160382; -0.159479; -0.161325; -0.16062; -0.162038
40.8; 658245; 426854; -0.163242; -0.162847; -0.156882; -0.155327; -0.143919
41; 708124; 394387; -0.16001; -0.158938; -0.143962; -0.142295; -0.115377
41.2; 710476; 459807; -0.149413; -0.146567; -0.124424; -0.121467; -0.0807881
41.4; 691370; 620966; -0.1316; -0.129169; -0.102687; -0.0993742; -0.0518794
41.6; 675151; 692403; -0.109731; -0.106251; -0.080719; -0.077616; -0.0309432
41.8; 677131; 581155; -0.0850997; -0.0823033; -0.0602195; -0.0570949; -0.0165162
42; 689741; 529377; -0.0601008; -0.0576143; -0.0411776; -0.039021; -0.00856708
42.2; 683826; 532618; -0.038155; -0.0359232; -0.0272246; -0.025212; -0.00770529
42.4; 642459; 520537; -0.0239416; -0.0229196; -0.0222162; -0.0217015; -0.0183969
42.6; 567476; 462294; -0.0225251; -0.0222723; -0.0312919; -0.0313062; -0.0446199
42.8; 485047; 375494; -0.0332767; -0.0336374; -0.0521692; -0.0528118; -0.0824309
43; 439196; 324813; -0.05287; -0.0542558; -0.0797999; -0.0819248; -0.124357
43.2; 454867; 290704; -0.0773072; -0.0790227; -0.109054; -0.110502; -0.160532
43.4; 517064; 276265; -0.101212; -0.102763; -0.13078; -0.133209; -0.180487
43.6; 574322; 301765; -0.121817; -0.124506; -0.144745; -0.148016; -0.18394
43.8; 602187; 393424; -0.140143; -0.142961; -0.155038; -0.15641; -0.178714
44; 613933; 481979; -0.154348; -0.154411; -0.16088; -0.160168; -0.170259
44.2; 627590; 469305; -0.161737; -0.161254; -0.160791; -0.159771; -0.157564
44.4; 668395; 407779; -0.162596; -0.162633; -0.15367; -0.152442; -0.136524
44.6; 711303; 398328; -0.157784; -0.155778; -0.138802; -0.136511; -0.105297
44.8; 697481; 499338; -0.14478; -0.142216; -0.118217; -0.11513; -0.0716337
45; 679007; 660855; -0.12576; -0.122889; -0.0964353; -0.0930286; -0.0451995
45.2; 670893; 662805; -0.102838; -0.0994537; -0.0746296; -0.0716745; -0.0262168
45.4; 683522; 540795; -0.0780729; -0.0749725; -0.0545448; -0.0515489; -0.0135507
45.6; 687814; 525443; -0.0530671; -0.0507824; -0.0363495; -0.0343342; -0.00737538
45.8; 671489; 531655; -0.0325799; -0.030603; -0.0241895; -0.0226252; -0.00910054
46; 619340; 504051; -0.0219099; -0.0211549; -0.0229544; -0.0232699; -0.0246441
46.2; 537926; 431103; -0.0246646; -0.0245155; -0.036597; -0.0366465; -0.0550732
46.4; 461421; 352012; -0.0382168; -0.0392365; -0.0597137; -0.0612381; -0.0949312
46.6; 437774; 309755; -0.060001; -0.0612835; -0.0889625; -0.0904073; -0.136048
46.8; 473053; 284601; -0.0842675; -0.0860694; -0.116078; -0.117748; -0.167983
47; 539292; 282244; -0.107097; -0.108987; -0.135363; -0.137515; -0.182303
47.2; 586233; 317772; -0.127115; -0.129791; -0.147714; -0.150388; -0.182427
47.4; 603270; 421596; -0.144561; -0.146886; -0.156986; -0.157911; -0.17646
47.6; 613622; 488814; -0.157414; -0.156807; -0.161645; -0.160929; -0.167681
47.8; 641832; 444452; -0.162856; -0.162688; -0.160134; -0.158825; -0.153373
48; 692585; 392227; -0.161907; -0.161981; -0.150464; -0.149093; -0.128986
48.2; 717455; 413064; -0.154723; -0.152532; -0.133172; -0.130627; -0.0951524
48.4; 698189; 547454; -0.139732; -0.13707; -0.111783; -0.108476; -0.0627153
48.6; 676958; 679245; -0.119412; -0.116285; -0.0898554; -0.0864902; -0.0385087
48.8; 668366; 617585; -0.0957894; -0.0926198; -0.0684353; -0.0657658; -0.0215318
49; 680147; 525764; -0.0707816; -0.0677864; -0.0490173; -0.0461443; -0.0111202
49.2; 683138; 528413; -0.0467549; -0.0444335; -0.0322053; -0.0303115; -0.00694618
49.4; 664376; 525221; -0.0284304; -0.0270139; -0.0227016; -0.0214408; -0.0118038
49.6; 602308; 482604; -0.0216571; -0.0208564; -0.0257502; -0.0255427; -0.0316493
49.8; 513158; 410816; -0.0274676; -0.0276146; -0.0421273; -0.0426257; -0.0653635
50; 446295; 334843; -0.043697; -0.0448703; -0.0678196; -0.0691127; -0.106828
50.2; 433425; 297502; -0.066868; -0.0682046; -0.0971543; -0.0990134; -0.147034
50.4; 486142; 279965; -0.0911312; -0.0927717; -0.122737; -0.124253; -0.174431
50.6; 554701; 286418; -0.113207; -0.115243; -0.139507; -0.142241; -0.183948
50.8; 589225; 345173; -0.132879; -0.135227; -0.151095; -0.153088; -0.181326
51; 601859; 450622; -0.148818; -0.150772; -0.159332; -0.158948; -0.174247
51.2; 614127; 482461; -0.159717; -0.159244; -0.161577; -0.16115; -0.163853
51.4; 648917; 425712; -0.163426; -0.163097; -0.158136; -0.156599; -0.146871
51.6; 697716; 390264; -0.16077; -0.159861; -0.146003; -0.144465; -0.119575
51.8; 703582; 434677; -0.151021; -0.148311; -0.127068; -0.124161; -0.0850748
52; 684611; 592473; -0.134208; -0.131576; -0.105475; -0.102237; -0.0551957
52.2; 668634; 678269; -0.112823; -0.109434; -0.0836955; -0.0802788; -0.0332515
52.4; 670200; 579472; -0.0888459; -0.0856513; -0.0627579; -0.0601305; -0.0179907
52.6; 681258; 522934; -0.0635057; -0.0610023; -0.0436857; -0.0411774; -0.0090904
52.8; 675077; 531257; -0.0402546; -0.0380414; -0.0281556; -0.0262657; -0.00689334
53; 643464; 512572; -0.0245784; -0.0234314; -0.0216757; -0.0209018; -0.0157753
53.2; 570977; 467807; -0.0218463; -0.0215245; -0.0293001; -0.0292481; -0.0405471
53.4; 481929; 378153; -0.0313155; -0.0318546; -0.0488492; -0.0499297; -0.0773363
53.6; 436728; 314514; -0.0500218; -0.0514534; -0.0757688; -0.0785614; -0.119232
53.8; 453106; 296074; -0.0740041; -0.075685; -0.105479; -0.107056; -0.156698
54; 513299; 274969; -0.0977748; -0.0995341; -0.12816; -0.13034; -0.178675
54.2; 559503; 293080; -0.118967; -0.120768; -0.143253; -0.14524; -0.183684
54.4; 592783; 371193; -0.138028; -0.139904; -0.154308; -0.154433; -0.179352
54.6; 608563; 467475; -0.152417; -0.153975; -0.160378; -0.160402; -0.171904
54.8; 617811; 470376; -0.161727; -0.161016; -0.161802; -0.160722; -0.160464
55; 659448; 407404; -0.163923; -0.162952; -0.155936; -0.154376; -0.14071
55.2; 710027; 385868; -0.158972; -0.157381; -0.141265; -0.139354; -0.109991
55.4; 707560; 469883; -0.14684; -0.144043; -0.120773; -0.117785; -0.0752689
55.6; 680840; 636605; -0.128392; -0.125509; -0.0989831; -0.0955322; -0.0474981
55.8; 661799; 661952; -0.10603; -0.102674; -0.0772645; -0.0742743; -0.0278774
56; 667856; 543876; -0.0815624; -0.0786882; -0.0572741; -0.05428; -0.0148061
56.2; 676454; 513187; -0.0564714; -0.0541192; -0.0387891; -0.0365354; -0.00796627
56.4; 669410; 526283; -0.0348899; -0.0330668; -0.0253672; -0.0237143; -0.00822884
56.6; 625819; 504287; -0.0225865; -0.0216885; -0.0223888; -0.0221511; -0.0213355
56.8; 545464; 436831; -0.0233291; -0.0232427; -0.0337075; -0.0339881; -0.0498946
57; 467467; 349258; -0.0358257; -0.0363221; -0.0561572; -0.0570843; -0.0890311
57.2; 434057; 310926; -0.0565613; -0.0578578; -0.0846858; -0.0865205; -0.130928
57.4; 456040; 281514; -0.0809161; -0.0826051; -0.112904; -0.114421; -0.165028
57.6; 527462; 281441; -0.103997; -0.106241; -0.133381; -0.135535; -0.181927
57.8; 577636; 307629; -0.124737; -0.127219; -0.146577; -0.14922; -0.183395
58; 595724; 405414; -0.142596; -0.145331; -0.156213; -0.157537; -0.177848
58.2; 605223; 482245; -0.1559; -0.156382; -0.161628; -0.160837; -0.169203
58.4; 628974; 447058; -0.162838; -0.161963; -0.160648; -0.159483; -0.155479
58.6; 678056; 388816; -0.162005; -0.163011; -0.152149; -0.150784; -0.13248
58.8; 707792; 400157; -0.155563; -0.154874; -0.135771; -0.133449; -0.0997627
59; 691564; 516921; -0.142438; -0.139408; -0.114845; -0.111544; -0.0666242
59.2; 671980; 668236; -0.122397; -0.119825; -0.092981; -0.0896834; -0.0414858
59.4; 662776; 625449; -0.0992007; -0.0960638; -0.0714406; -0.0685729; -0.0236033
59.6; 674320; 516964; -0.0741562; -0.0711434; -0.0514474; -0.0486368; -0.0120466
59.8; 675977; 517655; -0.0494969; -0.0473492; -0.0341065; -0.031927; -0.0069416
60; 657189; 518293; -0.0302518; -0.0285714; -0.0230152; -0.0221378; -0.0104382
60.2; 600410; 483822; -0.0216363; -0.0209355; -0.0246187; -0.0241136; -0.0282307
60.4; 516834; 412270; -0.0258936; -0.0260231; -0.0393004; -0.0397559; -0.0604501
60.6; 448007; 339319; -0.041055; -0.0419028; -0.0640513; -0.0651792; -0.101307
60.8; 431734; 296459; -0.0634571; -0.0648528; -0.0932367; -0.0949895; -0.14207
61; 476354; 282003; -0.0879353; -0.0895608; -0.11971; -0.121345; -0.171782
61.2; 538156; 278675; -0.110369; -0.112229; -0.137899; -0.139939; -0.183619
61.4; 585555; 329057; -0.130253; -0.132946; -0.150198; -0.151692; -0.182305
61.6; 601256; 434445; -0.147044; -0.149301; -0.158756; -0.158564; -0.17563
61.8; 608707; 484469; -0.158997; -0.15839; -0.16186; -0.161403; -0.165934
62; 636371; 428742; -0.163524; -0.162961; -0.159285; -0.157801; -0.150053
62.2; 692697; 381409; -0.161741; -0.160754; -0.148081; -0.146879; -0.123961
62.4; 709150; 416999; -0.152803; -0.150495; -0.129962; -0.127177; -0.0895803
62.6; 689245; 565936; -0.137012; -0.134141; -0.108407; -0.105159; -0.0584864
62.8; 668634; 674390; -0.116108; -0.112711; -0.0865774; -0.0832604; -0.0355963
63; 665876; 583850; -0.0922104; -0.0890869; -0.0654787; -0.0627674; -0.019436
63.2; 676592; 511531; -0.0670288; -0.0642446; -0.0462224; -0.0435429; -0.00994602
63.4; 674177; 527303; -0.0429678; -0.0408539; -0.0298498; -0.0278096; -0.00661081
63.6; 645856; 513618; -0.0259504; -0.024591; -0.0215498; -0.0207867; -0.0133365
63.8; 578538; 461508; -0.0211617; -0.0208535; -0.0271842; -0.0269816; -0.0358732
64; 493210; 381016; -0.0293826; -0.0294878; -0.0456402; -0.0461806; -0.0716035
64.2; 432887; 322763; -0.0470385; -0.0483838; -0.0722984; -0.0740153; -0.11367
64.4; 436253; 295676; -0.0708075; -0.0723837; -0.101761; -0.103601; -0.152529
64.6; 495138; 283700; -0.0947001; -0.0966183; -0.12572; -0.127884; -0.177143
64.8; 555103; 289514; -0.116; -0.118526; -0.141618; -0.14401; -0.184183
65; 591987; 354746; -0.135861; -0.137477; -0.153293; -0.153494; -0.180512
65.2; 604013; 459972; -0.151602; -0.151601; -0.159771; -0.159953; -0.17315
65.4; 611325; 473351; -0.160711; -0.160632; -0.16201; -0.161079; -0.162364
65.6; 647427; 410860; -0.164125; -0.163082; -0.157145; -0.155816; -0.143944
65.8; 699756; 383416; -0.160305; -0.158997; -0.144122; -0.142073; -0.114961
66; 705362; 449159; -0.149176; -0.14651; -0.123992; -0.121095; -0.0799037
66.2; 680653; 615699; -0.131242; -0.128516; -0.101915; -0.0987207; -0.0507724
66.4; 661986; 665870; -0.109155; -0.10576; -0.0799829; -0.0768752; -0.0298182
66.6; 661042; 548921; -0.0848649; -0.0819266; -0.0597555; -0.0566696; -0.0157748
66.8; 668726; 512184; -0.0596676; -0.0571068; -0.0406884; -0.0387169; -0.00821579
67; 661297; 521076; -0.0371512; -0.0350643; -0.0266168; -0.0245603; -0.00752715
67.2; 624939; 500728; -0.0231521; -0.0221715; -0.0213952; -0.0216205; -0.0185041
67.4; 550506; 444856; -0.0222159; -0.0219185; -0.0313376; -0.0311649; -0.0451009
67.6; 466140; 355517; -0.0334051; -0.033819; -0.0523809; -0.053279; -0.0830614
67.8; 425442; 308166; -0.0533723; -0.0548248; -0.0805091; -0.0824555; -0.125145
68; 451338; 285588; -0.0779873; -0.079648; -0.109655; -0.111271; -0.161305
68.2; 505930; 279355; -0.101669; -0.103252; -0.131529; -0.133399; -0.181006
68.4; 564879; 301699; -0.122259; -0.124502; -0.14564; -0.147616; -0.184254
68.6; 597106; 384726; -0.14079; -0.142535; -0.155971; -0.155773; -0.178965
68.8; 605652; 472161; -0.15419; -0.155035; -0.16067; -0.160873; -0.170617
69; 618478; 454378; -0.162156; -0.161462; -0.161161; -0.159954; -0.157777
69.2; 660915; 387893; -0.163429; -0.162378; -0.153816; -0.152467; -0.13626
69.4; 704546; 384391; -0.157799; -0.156016; -0.138533; -0.136315; -0.104385
69.6; 694494; 496367; -0.144798; -0.141922; -0.117689; -0.114589; -0.0703611
69.8; 670437; 652880; -0.125573; -0.122518; -0.0957529; -0.0924128; -0.0438625
70; 658472; 631262; -0.1025; -0.0992174; -0.0739423; -0.0712852; -0.0251782
70.2; 666780; 516405; -0.0775055; -0.0745097; -0.0540285; -0.0509876; -0.0129745
70.4; 671342; 510945; -0.05256; -0.0502414; -0.0358438; -0.0341219; -0.00725324
70.6; 656310; 515057; -0.0321; -0.0302665; -0.0238873; -0.0223373; -0.00892666
70.8; 607354; 486028; -0.0218479; -0.0211666; -0.0230315; -0.023153; -0.0245024
71; 523734; 415156; -0.0247687; -0.0246892; -0.0366485; -0.0368482; -0.0551162
71.2; 443821; 333763; -0.0386518; -0.0396761; -0.060194; -0.0617046; -0.0953824
71.4; 420398; 304202; -0.0604405; -0.0618235; -0.0889854; -0.0916499; -0.137021
71.6; 464077; 284466; -0.0848532; -0.0864929; -0.116786; -0.118455; -0.169145
71.8; 531472; 275808; -0.107592; -0.109261; -0.136087; -0.137996; -0.183364
72; 578195; 316146; -0.128106; -0.129555; -0.149074; -0.150079; -0.183201
72.2; 602074; 415540; -0.145593; -0.146632; -0.157812; -0.1577; -0.176644
72.4; 610920; 475512; -0.157783; -0.157308; -0.161762; -0.161095; -0.167345
72.6; 629509; 433396; -0.163378; -0.162654; -0.160031; -0.158697; -0.152607
72.8; 678829; 382294; -0.162797; -0.161585; -0.150533; -0.148974; -0.128388
73; 702091; 398870; -0.154687; -0.152567; -0.13288; -0.130507; -0.094622
73.2; 692133; 540340; -0.139465; -0.1368; -0.111373; -0.108147; -0.062158
73.4; 671534; 666766; -0.118877; -0.115686; -0.0892288; -0.0859118; -0.037816
73.6; 663396; 588704; -0.09526; -0.0921268; -0.0680086; -0.0651254; -0.0209246
73.8; 670895; 499781; -0.0704431; -0.0675332; -0.0483934; -0.0460777; -0.0106434
74; 668291; 516883; -0.0461441; -0.043998; -0.0320175; -0.0297938; -0.00689648
74.2; 642264; 518752; -0.0280199; -0.0264708; -0.0222935; -0.0216423; -0.0123214
74.4; 582073; 470743; -0.0213333; -0.0208945; -0.0254799; -0.0262805; -0.0325861
74.6; 503109; 384821; -0.0276999; -0.0278211; -0.042775; -0.0429468; -0.0663123
74.8; 441086; 313912; -0.0440478; -0.0450215; -0.0681045; -0.0695966; -0.107508
75; 437473; 305403; -0.0669341; -0.0685846; -0.0974613; -0.0992628; -0.147385
75.2; 484045; 280488; -0.091322; -0.0930172; -0.122962; -0.124537; -0.174736
75.4; 553265; 280229; -0.112756; -0.116047; -0.139618; -0.142547; -0.184312
75.6; 587835; 333866; -0.133039; -0.135828; -0.151259; -0.153786; -0.181916
75.8; 600331; 446519; -0.149261; -0.150954; -0.159743; -0.159293; -0.174731
76; 611736; 474159; -0.159938; -0.159768; -0.161644; -0.161844; -0.164273
76.2; 642045; 409186; -0.163859; -0.163154; -0.158178; -0.156806; -0.146835
76.4; 698021; 376708; -0.160358; -0.160497; -0.145702; -0.144435; -0.118853
76.6; 705961; 431969; -0.150789; -0.148472; -0.126609; -0.123806; -0.0840169
76.8; 676917; 589220; -0.134125; -0.131528; -0.10507; -0.101877; -0.054227
77; 653117; 666536; -0.112646; -0.109316; -0.0831689; -0.0801023; -0.0324823
77.2; 654888; 555262; -0.0882682; -0.0855335; -0.0624463; -0.0595548; -0.0173716
77.4; 665623; 499057; -0.0632273; -0.0605863; -0.0433506; -0.0407971; -0.00868358
77.6; 659666; 517297; -0.0399749; -0.0378801; -0.0278438; -0.0262645; -0.00683082
77.8; 625619; 509591; -0.0243344; -0.0232938; -0.0217736; -0.0209917; -0.0163028
78; 556089; 450913; -0.0216593; -0.0211923; -0.0294899; -0.0292458; -0.0412264
78.2; 474886; 359220; -0.0311392; -0.031663; -0.049025; -0.0500475; -0.0780901
78.4; 428174; 306449; -0.0502825; -0.0513792; -0.0766569; -0.0781695; -0.119755
78.6; 441992; 287432; -0.0742949; -0.0760498; -0.105727; -0.107489; -0.157095
78.8; 507955; 289084; -0.0983771; -0.100039; -0.128814; -0.130679; -0.179085
79; 558097; 294704; -0.119293; -0.122023; -0.14406; -0.14583; -0.184284
79.2; 583403; 365603; -0.13837; -0.141035; -0.154941; -0.155237; -0.180088
79.4; 596032; 469865; -0.152976; -0.153876; -0.160778; -0.160538; -0.172279
79.6; 614363; 463778; -0.161824; -0.160933; -0.161711; -0.160669; -0.160238
79.8; 657289; 391296; -0.163637; -0.162956; -0.155514; -0.154017; -0.139921
80; 703124; 381074; -0.158926; -0.157239; -0.140882; -0.13893; -0.109026
80.2; 694188; 471459; -0.146942; -0.144009; -0.120571; -0.117475; -0.0744745
80.4; 666519; 638046; -0.128352; -0.125581; -0.0987757; -0.09546; -0.0470166
80.6; 648755; 644060; -0.105855; -0.102513; -0.0768937; -0.0741971; -0.0275134
80.8; 654950; 524839; -0.0810752; -0.0779039; -0.0567983; -0.053646; -0.0143381
81; 663703; 504118; -0.0557993; -0.0536019; -0.0378026; -0.0364382; -0.00748539
81.2; 653945; 509691; -0.0341995; -0.0321881; -0.024768; -0.0229251; -0.00762785
81.4; 609524; 502249; -0.0220924; -0.0210552; -0.0220894; -0.0217047; -0.0213083
81.6; 527276; 421503; -0.0230374; -0.0228844; -0.0336834; -0.0338496; -0.0502228
81.8; 447327; 339950; -0.0357303; -0.036347; -0.0563202; -0.0572942; -0.0896226
82; 420439; 297477; -0.0568977; -0.0581564; -0.0852243; -0.0869082; -0.13169
82.2; 455980; 285142; -0.0815546; -0.0831625; -0.113588; -0.11511; -0.16588
82.4; 521773; 282388; -0.104895; -0.106637; -0.13411; -0.1361; -0.182568
82.6; 570796; 305616; -0.12547; -0.127582; -0.147647; -0.149149; -0.183884
82.8; 591317; 402088; -0.142988; -0.145614; -0.156936; -0.157274; -0.17791
83; 598578; 479386; -0.156114; -0.156482; -0.161504; -0.16102; -0.169028
83.2; 621328; 436413; -0.162925; -0.162016; -0.160668; -0.159387; -0.155256
83.4; 669464; 381629; -0.162344; -0.162684; -0.152042; -0.150675; -0.132186
83.6; 698925; 391011; -0.155651; -0.154905; -0.135568; -0.133315; -0.0991521
83.8; 682375; 520406; -0.142296; -0.139337; -0.114429; -0.111299; -0.0658763
84; 661253; 662641; -0.122001; -0.119234; -0.0923542; -0.0890398; -0.040588
84.2; 650237; 611631; -0.0986218; -0.0953221; -0.0709183; -0.0676581; -0.0226938
84.4; 662825; 500980; -0.0733994; -0.0705947; -0.0507383; -0.0481227; -0.0114809
84.6; 661316; 508260; -0.0489714; -0.0467534; -0.0336791; -0.0315608; -0.00680716
84.8; 638259; 512038; -0.0297214; -0.0281515; -0.0229611; -0.0217845; -0.0106391
85; 583791; 479860; -0.0214244; -0.02085; -0.0242776; -0.0247715; -0.0289465
85.2; 500130; 393347; -0.0258241; -0.0260606; -0.0395203; -0.040013; -0.0611791
85.4; 438901; 320368; -0.04107; -0.0419834; -0.0641133; -0.0654623; -0.101677
85.6; 426171; 296910; -0.0635108; -0.0650792; -0.0935147; -0.0951593; -0.142443
85.8; 470348; 275348; -0.0883419; -0.0897937; -0.12013; -0.121669; -0.172265
86; 540855; 282788; -0.110963; -0.11279; -0.138862; -0.140215; -0.184295
86.2; 584762; 322984; -0.131599; -0.132825; -0.151182; -0.151978; -0.183031
86.4; 597261; 430079; -0.147607; -0.149467; -0.159009; -0.159056; -0.176073
86.6; 608819; 473372; -0.158043; -0.159442; -0.161909; -0.161294; -0.165819
86.8; 634766; 417775; -0.163693; -0.162612; -0.15888; -0.157643; -0.14942
87; 679471; 374364; -0.161725; -0.160547; -0.148092; -0.146145; -0.123151
87.2; 694702; 412656; -0.152733; -0.150512; -0.129471; -0.127056; -0.0888057
87.4; 677257; 561468; -0.136781; -0.13421; -0.108075; -0.104863; -0.0577349
87.6; 654546; 665260; -0.115752; -0.112403; -0.0861248; -0.0828434; -0.0349162
87.8; 652442; 564807; -0.0914783; -0.0885114; -0.065022; -0.062051; -0.0189759
88; 662482; 491638; -0.0662901; -0.0633918; -0.045368; -0.0430048; -0.00946487
88.2; 658683; 509028; -0.0425212; -0.0406205; -0.0297502; -0.0275781; -0.00671027
88.4; 628163; 499103; -0.0262169; -0.0247008; -0.0220163; -0.0213226; -0.0144121
88.6; 558617; 466232; -0.0217102; -0.0211123; -0.0279959; -0.0276929; -0.0372477
88.8; 479808; 365948; -0.0295501; -0.0299148; -0.046051; -0.0468525; -0.0725966
89; 431758; 308874; -0.0472939; -0.048346; -0.0726533; -0.0741578; -0.114094
89.2; 438939; 288085; -0.0708796; -0.0723518; -0.101975; -0.103562; -0.1528
89.4; 495564; 276130; -0.0947916; -0.0968801; -0.125781; -0.128131; -0.177265
89.6; 549892; 284431; -0.11659; -0.118889; -0.141553; -0.144819; -0.184364
89.8; 588105; 352211; -0.136651; -0.138105; -0.153745; -0.154279; -0.181051
90; 602316; 454236; -0.15214; -0.152154; -0.160363; -0.160345; -0.173594
90.2; 609368; 463752; -0.160986; -0.160796; -0.161887; -0.161464; -0.16234
90.4; 646906; 394334; -0.163625; -0.163237; -0.156797; -0.155428; -0.143279
90.6; 697510; 370914; -0.160064; -0.158318; -0.143318; -0.141379; -0.113673
90.8; 693803; 449760; -0.148813; -0.146141; -0.123396; -0.120491; -0.0789095
91; 668463; 612664; -0.130968; -0.128481; -0.101557; -0.098484; -0.0501706
91.2; 651039; 646425; -0.109068; -0.105656; -0.079826; -0.0767357; -0.0295332
91.4; 652954; 529474; -0.0844459; -0.081332; -0.0592804; -0.0562818; -0.0154469
91.6; 661982; 493364; -0.0590324; -0.0566085; -0.0402315; -0.0382814; -0.00804048
91.8; 653432; 511256; -0.0370552; -0.0349221; -0.0266258; -0.0244719; -0.00758801
92; 611962; 494456; -0.0234909; -0.0223135; -0.0218848; -0.0219983; -0.0192449
92.2; 536623; 433880; -0.0226379; -0.0224511; -0.0318941; -0.0319559; -0.0460443
92.4; 456170; 341636; -0.033663; -0.0342477; -0.052831; -0.0539419; -0.0840223
92.6; 423830; 297768; -0.0530249; -0.0551302; -0.0804693; -0.0829381; -0.125792
92.8; 447954; 285885; -0.0777747; -0.0792844; -0.109667; -0.111087; -0.16158
93; 514521; 274045; -0.101189; -0.103498; -0.131172; -0.133716; -0.181205
93.2; 569185; 291613; -0.122528; -0.124974; -0.145388; -0.148499; -0.184569
93.4; 590563; 383639; -0.141149; -0.143606; -0.156012; -0.156946; -0.179394
93.6; 605274; 472294; -0.154567; -0.156046; -0.16149; -0.161127; -0.170839
93.8; 618469; 435021; -0.162565; -0.16193; -0.161207; -0.160267; -0.15757
94; 660045; 381076; -0.163394; -0.162408; -0.153677; -0.152076; -0.135507
94.2; 699193; 386138; -0.157379; -0.155445; -0.137908; -0.135669; -0.103488
94.4; 680906; 490195; -0.144323; -0.141627; -0.117198; -0.114249; -0.0699108
94.6; 656902; 641692; -0.125209; -0.122321; -0.0955378; -0.0921876; -0.0437291
94.8; 646264; 616854; -0.102187; -0.0988838; -0.0737761; -0.0709363; -0.0250197
95; 657365; 501246; -0.0770917; -0.0739396; -0.0536174; -0.0505738; -0.0127058
95.2; 662115; 499585; -0.0519956; -0.049987; -0.0354707; -0.0337912; -0.00701642
95.4; 644605; 511837; -0.0322278; -0.0302364; -0.0242474; -0.0225565; -0.0096072
95.6; 592117; 477955; -0.0221102; -0.0215415; -0.0238692; -0.0238248; -0.0260551
95.8; 511470; 409783; -0.0251732; -0.0250265; -0.0374494; -0.0376764; -0.0566543
96; 444513; 325519; -0.0388956; -0.0396784; -0.0607441; -0.0620729; -0.096478
96.2; 425261; 296544; -0.0603314; -0.0616221; -0.0895379; -0.0911806; -0.137378
96.4; 464426; 282206; -0.0847802; -0.086288; -0.116677; -0.118324; -0.169014
96.6; 528265; 275256; -0.107528; -0.109763; -0.136408; -0.137918; -0.183352
96.8; 575982; 307688; -0.12822; -0.130745; -0.149731; -0.150427; -0.183487
97; 596380; 417504; -0.145921; -0.147755; -0.158376; -0.158477; -0.177242
97.2; 609634; 475247; -0.158092; -0.157992; -0.162207; -0.161544; -0.167721
97.4; 629043; 419743; -0.163529; -0.162811; -0.160044; -0.158699; -0.152344
97.6; 679735; 373345; -0.162291; -0.161699; -0.150042; -0.148491; -0.127444
97.8; 697086; 401585; -0.154416; -0.152012; -0.132294; -0.129805; -0.0935431
98; 678164; 540985; -0.139192; -0.13661; -0.110992; -0.107781; -0.0615379
98.2; 657415; 656198; -0.11879; -0.115634; -0.0890748; -0.0857719; -0.0375152
98.4; 652093; 576326; -0.0950801; -0.0918536; -0.0676805; -0.0649873; -0.0206777
98.6; 665295; 494208; -0.0697941; -0.0670034; -0.0480854; -0.0454265; -0.0103175
98.8; 660061; 506353; -0.0455565; -0.0432739; -0.0312253; -0.0294136; -0.00643852
99; 636252; 504402; -0.0275064; -0.0260854; -0.0222054; -0.0211293; -0.012145
99.2; 571710; 466937; -0.0213036; -0.0206267; -0.0260918; -0.0259337; -0.0332327
99.4; 487971; 377499; -0.02791; -0.0279405; -0.0432047; -0.0434863; -0.0673464
99.6; 429464; 314459; -0.0441096; -0.0457503; -0.0682885; -0.0706722; -0.108514
99.8; 434942; 284831; -0.0675359; -0.0690154; -0.0973982; -0.100496; -0.148133
100; 490703; 280770; -0.0918532; -0.0934562; -0.123294; -0.125; -0.175044
100.2; 544447; 283460; -0.114042; -0.115562; -0.140651; -0.142013; -0.184288
100.4; 583979; 335832; -0.134001; -0.135686; -0.152236; -0.153373; -0.181938
100.6; 603640; 441366; -0.149449; -0.151561; -0.160021; -0.159659; -0.174978
100.8; 606083; 466327; -0.160095; -0.159927; -0.16229; -0.1615; -0.164479
101; 638590; 399144; -0.163849; -0.163129; -0.158156; -0.156725; -0.146656
101.2; 693626; 364988; -0.160748; -0.159869; -0.145526; -0.144115; -0.118418
101.4; 701254; 431287; -0.150907; -0.148224; -0.126409; -0.123536; -0.0834643
101.6; 675527; 590202; -0.133889; -0.131358; -0.104593; -0.101638; -0.0535789
101.8; 654584; 650129; -0.112476; -0.109131; -0.0829209; -0.0797903; -0.0320039
102; 653312; 537313; -0.087835; -0.0850165; -0.0620856; -0.0591148; -0.0170952
102.2; 664440; 489982; -0.0626358; -0.0599579; -0.0428302; -0.0405985; -0.00874632
102.4; 658111; 506647; -0.039567; -0.0374207; -0.0279387; -0.0257687; -0.00694871
102.6; 624407; 498643; -0.0243619; -0.0231326; -0.0216858; -0.0211301; -0.0164519
102.8; 552407; 443147; -0.0217858; -0.0214351; -0.0295867; -0.029535; -0.0414096
103; 466485; 347145; -0.0314988; -0.0318342; -0.0494821; -0.0501426; -0.0783191
103.2; 420942; 302519; -0.0504911; -0.0516358; -0.0768504; -0.0786395; -0.120275
103.4; 444351; 290246; -0.0746758; -0.0762684; -0.10628; -0.107837; -0.157849
103.6; 507400; 271201; -0.0986683; -0.100301; -0.129258; -0.130999; -0.179694
103.8; 555545; 291838; -0.120271; -0.121473; -0.144765; -0.145531; -0.184451
104; 598319; 368654; -0.139684; -0.140158; -0.154979; -0.155288; -0.179826
104.2; 605970; 459488; -0.153396; -0.154093; -0.160912; -0.160571; -0.171962
104.4; 611948; 456399; -0.16173; -0.161387; -0.161734; -0.160694; -0.159964
104.6; 654253; 386867; -0.164024; -0.162891; -0.155651; -0.154091; -0.139908
104.8; 703125; 365179; -0.158932; -0.157424; -0.141028; -0.138984; -0.10916
105; 697979; 470177; -0.146757; -0.143854; -0.120394; -0.11732; -0.0743226
105.2; 671523; 634241; -0.127804; -0.125309; -0.0983163; -0.0950011; -0.0465174
105.4; 655416; 632520; -0.105385; -0.102027; -0.0766287; -0.0733056; -0.0267178
105.6; 658869; 512489; -0.0808039; -0.077662; -0.0563231; -0.0534109; -0.0137912
105.8; 661737; 493921; -0.055345; -0.0532929; -0.0379159; -0.0358076; -0.00743608
106; 647531; 509302; -0.0341595; -0.0320754; -0.0249504; -0.0232912; -0.00848182
106.2; 603523; 486858; -0.0222212; -0.0212693; -0.0226491; -0.0221964; -0.0224837
106.4; 527886; 415728; -0.0233166; -0.0231868; -0.0341915; -0.0343865; -0.0511499
106.6; 452351; 330288; -0.0360169; -0.0366505; -0.0566415; -0.0576819; -0.0900864
106.8; 426708; 297898; -0.0571808; -0.058305; -0.0854695; -0.0869927; -0.13176
107; 455850; 286286; -0.0817166; -0.0833438; -0.113549; -0.115253; -0.165701
107.2; 518045; 281775; -0.105089; -0.106784; -0.134474; -0.135984; -0.18263
107.4; 574983; 304181; -0.126328; -0.127256; -0.148298; -0.148989; -0.18403
107.6; 592764; 397367; -0.144298; -0.144728; -0.15735; -0.157315; -0.178197
107.8; 600260; 475795; -0.1564; -0.156407; -0.161738; -0.161068; -0.169293
108; 628088; 433945; -0.162951; -0.162157; -0.160576; -0.159453; -0.155085
108.2; 674644; 366191; -0.163171; -0.162069; -0.152049; -0.150457; -0.131682
108.4; 705295; 391803; -0.15618; -0.154268; -0.135321; -0.133053; -0.0985682
108.6; 689371; 521352; -0.142236; -0.139193; -0.114181; -0.111007; -0.0652812
108.8; 664749; 658098; -0.122049; -0.119095; -0.0922393; -0.0888841; -0.0402095
109; 651597; 596841; -0.0985058; -0.0952961; -0.0707851; -0.0676206; -0.0226133
109.2; 661109; 494865; -0.0733685; -0.070292; -0.0508074; -0.047896; -0.0115554
109.4; 662651; 505140; -0.0488326; -0.0466365; -0.0335082; -0.0316124; -0.00683037
109.6; 641625; 511842; -0.0294021; -0.0282777; -0.0230287; -0.0216492; -0.0106838
109.8; 585605; 472543; -0.0215995; -0.020547; -0.0247876; -0.0242845; -0.0290545
110; 501770; 388221; -0.0257884; -0.0261955; -0.039595; -0.0401929; -0.0614572
110.2; 434124; 315817; -0.041201; -0.0422043; -0.0643765; -0.0657633; -0.102106
110.4; 424638; 283129; -0.063832; -0.0651577; -0.0938019; -0.0955172; -0.143037
110.6; 477603; 277371; -0.0883806; -0.0901492; -0.120382; -0.121937; -0.17266
110.8; 542565; 283726; -0.111398; -0.112551; -0.138957; -0.140238; -0.184332
111; 581408; 322649; -0.131605; -0.133094; -0.151225; -0.152045; -0.182923
111.2; 599552; 427183; -0.147576; -0.149817; -0.159059; -0.159131; -0.175963
111.4; 610666; 471892; -0.158441; -0.159514; -0.162048; -0.161477; -0.165862
111.6; 630001; 410428; -0.16387; -0.162577; -0.159022; -0.157588; -0.149402
111.8; 682323; 366003; -0.161452; -0.160765; -0.147931; -0.146096; -0.12292
112; 698903; 409692; -0.152675; -0.150427; -0.129371; -0.126795; -0.0884406
112.2; 675181; 567050; -0.137005; -0.134178; -0.108103; -0.104784; -0.0574655
112.4; 655588; 661278; -0.115792; -0.112618; -0.0860828; -0.0828704; -0.0346519
112.6; 654035; 556879; -0.0913244; -0.0884269; -0.0648668; -0.0618346; -0.0186234
112.8; 662864; 488019; -0.0659305; -0.0630384; -0.0450409; -0.0427517; -0.00928168
113; 655717; 506870; -0.042308; -0.0401938; -0.0293928; -0.027412; -0.00653585
113.2; 625852; 501073; -0.0258544; -0.0246159; -0.0217705; -0.0211055; -0.0140605
113.4; 558160; 456460; -0.0217531; -0.0211488; -0.0280793; -0.0277689; -0.0373758
113.6; 471830; 357495; -0.029855; -0.0300273; -0.0465161; -0.0470112; -0.0730946
113.8; 422703; 316958; -0.0468799; -0.0490632; -0.072479; -0.0749799; -0.114741
114; 438594; 280832; -0.0709137; -0.0725725; -0.102105; -0.104; -0.153353
114.2; 494468; 276973; -0.0951151; -0.09678; -0.126462; -0.12791; -0.177723
114.4; 553547; 281770; -0.11647; -0.11926; -0.142614; -0.144186; -0.184771
114.6; 591701; 347594; -0.136702; -0.138487; -0.154139; -0.154207; -0.181093
114.8; 604830; 451862; -0.152544; -0.152545; -0.160645; -0.160516; -0.173524
115; 611471; 460587; -0.161278; -0.161015; -0.16221; -0.16125; -0.16205
115.2; 645251; 392780; -0.163984; -0.163358; -0.15687; -0.155506; -0.143041
115.4; 698357; 369363; -0.16014; -0.158332; -0.143327; -0.141321; -0.113539
115.6; 697796; 445995; -0.148417; -0.146031; -0.123105; -0.120229; -0.0786086
115.8; 670491; 609030; -0.130797; -0.128002; -0.101353; -0.0980431; -0.0498557
116; 652330; 641500; -0.108733; -0.105347; -0.0794323; -0.0764923; -0.0292263
116.2; 653797; 521709; -0.0842316; -0.0812469; -0.0591209; -0.0561291; -0.0152958
116.4; 661188; 496480; -0.0589725; -0.0564413; -0.0401395; -0.0381672; -0.00785167
116.6; 647880; 507017; -0.0364353; -0.034327; -0.0260811; -0.024014; -0.00728366
116.8; 610549; 499184; -0.0229519; -0.021682; -0.0216936; -0.0213356; -0.0190833
117; 531181; 423036; -0.0222195; -0.0219289; -0.0316242; -0.0316742; -0.0461725
117.2; 450155; 326194; -0.0334207; -0.0340783; -0.0525503; -0.054151; -0.0842687
117.4; 423454; 309068; -0.0538177; -0.0549148; -0.0814602; -0.082723; -0.126346
117.6; 451103; 277754; -0.0783308; -0.0799631; -0.110153; -0.11195; -0.162392
117.8; 507220; 282960; -0.10195; -0.103674; -0.132136; -0.133657; -0.181573
118; 572083; 294474; -0.123554; -0.124441; -0.146656; -0.147508; -0.184477
118.2; 591690; 376115; -0.142024; -0.142723; -0.156255; -0.156382; -0.178995
118.4; 597849; 474331; -0.155006; -0.155475; -0.161422; -0.160871; -0.170553
118.6; 616268; 442134; -0.162636; -0.161817; -0.161159; -0.160205; -0.157407
118.8; 660358; 368353; -0.163425; -0.162897; -0.153824; -0.152331; -0.135647
119; 701399; 380757; -0.157441; -0.155912; -0.138096; -0.135844; -0.103571
119.2; 688715; 497584; -0.144316; -0.141428; -0.116968; -0.113998; -0.0693752
119.4; 662177; 642006; -0.124767; -0.122031; -0.0948327; -0.0918489; -0.042938
119.6; 645131; 615063; -0.101679; -0.0984012; -0.0734082; -0.0701329; -0.0242558
119.8; 651816; 498378; -0.0766572; -0.0736787; -0.0531165; -0.0502952; -0.0122166
120; 654350; 497536; -0.0518444; -0.0496938; -0.0354394; -0.0334866; -0.00689726
