0.004; 1130.3; 3123.69; 2.06549e-06; 2.4532e-06; 1.90569e-06; 2.21903e-06; 1.85053e-06
0.2; 70987.8; 132423; 0.000358778; -0.000710483; 0.00025153; -0.000915654; 0.000284581
0.4; 345547; 521802; -0.00385142; -0.00366917; -0.00513924; -0.00461634; -0.00600344
0.6; 575479; 607382; -0.0125755; -0.0124991; -0.0154668; -0.0155438; -0.0191307
0.8; 594150; 465341; -0.024642; -0.0255631; -0.0306014; -0.0306578; -0.0379021
1; 631747; 431079; -0.0381866; -0.0380412; -0.0460476; -0.0466976; -0.0584592
1.2; 672480; 493388; -0.0499841; -0.0498041; -0.0604724; -0.06016; -0.0762526
1.4; 661956; 479228; -0.0605961; -0.0605657; -0.0716696; -0.0722218; -0.0895547
1.6; 615929; 454994; -0.0716098; -0.0717424; -0.0828693; -0.0827198; -0.100203
1.8; 586840; 487548; -0.0848191; -0.0844882; -0.0948227; -0.0946189; -0.110423
2; 564161; 498035; -0.100609; -0.100371; -0.109522; -0.109294; -0.122964
2.2; 537945; 491721; -0.118697; -0.118872; -0.126965; -0.127096; -0.139193
2.4; 508336; 503093; -0.137623; -0.137541; -0.145771; -0.145829; -0.157771
2.6; 496823; 514415; -0.154506; -0.154493; -0.162977; -0.162884; -0.175218
2.8; 510988; 490984; -0.167403; -0.167108; -0.175212; -0.175005; -0.186686
3; 526172; 489024; -0.17662; -0.176195; -0.183192; -0.182797; -0.192721
3.2; 523035; 520724; -0.184172; -0.183543; -0.189325; -0.188694; -0.196607
3.4; 519827; 524195; -0.191329; -0.190483; -0.194869; -0.194142; -0.199584
3.6; 524604; 516567; -0.198325; -0.19759; -0.200373; -0.19955; -0.202264
3.8; 525720; 519843; -0.20419; -0.20331; -0.204647; -0.203816; -0.203872
4; 542004; 517547; -0.206842; -0.206077; -0.205613; -0.20478; -0.20185
4.2; 562790; 509080; -0.204981; -0.203899; -0.201577; -0.200464; -0.194178
4.4; 569433; 533814; -0.199083; -0.197783; -0.193912; -0.192633; -0.183734
4.6; 572324; 560147; -0.19062; -0.189083; -0.184516; -0.182908; -0.172814
4.8; 588376; 549301; -0.180853; -0.179202; -0.17415; -0.172584; -0.16171
5; 609136; 531702; -0.170309; -0.1687; -0.163308; -0.161576; -0.150155
5.2; 633501; 520531; -0.159041; -0.157356; -0.151386; -0.149738; -0.137246
5.4; 657917; 510811; -0.14642; -0.144707; -0.137996; -0.136231; -0.122317
5.6; 678608; 517475; -0.132046; -0.130377; -0.122729; -0.121054; -0.105595
5.8; 692682; 528940; -0.116078; -0.114277; -0.106142; -0.104347; -0.0879693
6; 703392; 534594; -0.0992193; -0.0974203; -0.0891601; -0.0873396; -0.0708215
6.2; 708288; 531024; -0.0825847; -0.0806722; -0.072973; -0.0710536; -0.0554655
6.4; 713287; 521352; -0.0669751; -0.0651092; -0.0583156; -0.05644; -0.0425076
6.6; 722573; 511948; -0.05313; -0.0512585; -0.0457055; -0.0438385; -0.0319113
6.8; 736191; 503464; -0.0410941; -0.0394344; -0.0349344; -0.0332727; -0.0232309
7; 747959; 497903; -0.0307124; -0.0292326; -0.0257339; -0.0242343; -0.0159298
7.2; 752818; 495123; -0.0218794; -0.0205095; -0.0180002; -0.0166285; -0.00994045
7.4; 745843; 492811; -0.0145865; -0.0133563; -0.0118606; -0.0106257; -0.00571711
7.6; 726942; 491267; -0.00922708; -0.0080587; -0.00783432; -0.00666669; -0.00393353
7.8; 701194; 489240; -0.00622929; -0.00514126; -0.00636391; -0.00527875; -0.00507353
8; 674215; 485792; -0.00602885; -0.00507938; -0.00781338; -0.00688367; -0.00936108
8.2; 651542; 480391; -0.00873153; -0.00803306; -0.01224; -0.0114592; -0.016597
8.4; 638083; 474697; -0.0143324; -0.0136554; -0.0193324; -0.0186997; -0.0262216
8.6; 632101; 469535; -0.0222365; -0.0217601; -0.028592; -0.0281382; -0.0376609
8.8; 625392; 465336; -0.0320981; -0.0318156; -0.0395568; -0.0392851; -0.0504165
9; 612531; 464621; -0.0435462; -0.0433067; -0.0518969; -0.0516806; -0.0642158
9.2; 594753; 464756; -0.056279; -0.0561266; -0.0653527; -0.0652323; -0.078939
9.4; 574146; 465326; -0.0701864; -0.0700587; -0.0798411; -0.0797338; -0.0944363
9.6; 553341; 465920; -0.0851321; -0.085011; -0.0951665; -0.095064; -0.11045
9.8; 536590; 466356; -0.100864; -0.100752; -0.111024; -0.110948; -0.126562
10; 524909; 467561; -0.116978; -0.116886; -0.126992; -0.126911; -0.142226
10.2; 517349; 469068; -0.132924; -0.132843; -0.142482; -0.1424; -0.156903
10.4; 511564; 469923; -0.148102; -0.147999; -0.156919; -0.156825; -0.170067
10.6; 505799; 471600; -0.161966; -0.16182; -0.169825; -0.169684; -0.181359
10.8; 500601; 474766; -0.174141; -0.173909; -0.18088; -0.180643; -0.190564
11; 498911; 478187; -0.184425; -0.184061; -0.189903; -0.189536; -0.197533
11.2; 501516; 481777; -0.19273; -0.192229; -0.196831; -0.196327; -0.202219
11.4; 507212; 486280; -0.198979; -0.198336; -0.201614; -0.200959; -0.204572
11.6; 516071; 490528; -0.203061; -0.202259; -0.204155; -0.203343; -0.20453
11.8; 527558; 493877; -0.204732; -0.203818; -0.204243; -0.203309; -0.201946
12; 540813; 495769; -0.203746; -0.202686; -0.201606; -0.200521; -0.196507
12.2; 552738; 496887; -0.199992; -0.198806; -0.196214; -0.195006; -0.188369
12.4; 560716; 501813; -0.193697; -0.192361; -0.188474; -0.187113; -0.178212
12.6; 567828; 504589; -0.185089; -0.183615; -0.178668; -0.177172; -0.16644
12.8; 579436; 503428; -0.174522; -0.172923; -0.167132; -0.165513; -0.153312
13; 595200; 502292; -0.162305; -0.160605; -0.154133; -0.152413; -0.139035
13.2; 612532; 499480; -0.148727; -0.146962; -0.139919; -0.138138; -0.123764
13.4; 630669; 498350; -0.134089; -0.132294; -0.124798; -0.122999; -0.107852
13.6; 647288; 496859; -0.118714; -0.116982; -0.109156; -0.10738; -0.0917353
13.8; 659842; 493112; -0.103037; -0.101191; -0.0934327; -0.0915692; -0.0758861
14; 670831; 490540; -0.087242; -0.08551; -0.0779554; -0.0761278; -0.0608918
14.2; 680580; 486614; -0.071956; -0.0701498; -0.0632132; -0.0614036; -0.0471292
14.4; 688996; 482002; -0.0574705; -0.0557154; -0.0495978; -0.0478416; -0.0349916
14.6; 696423; 477926; -0.0442586; -0.0425901; -0.0374518; -0.0357843; -0.0246385
14.8; 701240; 474374; -0.0326773; -0.0311107; -0.0270639; -0.0254967; -0.0162478
15; 701236; 471453; -0.0230158; -0.0216017; -0.0186819; -0.0172443; -0.00997062
15.2; 695720; 468235; -0.0154914; -0.0141926; -0.0124687; -0.0111751; -0.00595257
15.4; 684651; 465438; -0.0101691; -0.0090346; -0.00856594; -0.00740404; -0.00436767
15.6; 669363; 461810; -0.00713219; -0.00619735; -0.00701893; -0.0060366; -0.00529707
15.8; 651250; 457975; -0.00653707; -0.0056784; -0.0079587; -0.00705552; -0.00875872
16; 632639; 454180; -0.00839073; -0.00761982; -0.0113223; -0.0105851; -0.0147161
16.2; 615221; 449775; -0.01272; -0.0120894; -0.017166; -0.0165659; -0.0230917
16.4; 600592; 446786; -0.0194765; -0.0189831; -0.0253559; -0.0248672; -0.0336417
16.6; 588811; 444046; -0.0285369; -0.0281619; -0.0356519; -0.0353108; -0.0460341
16.8; 578128; 443300; -0.0396309; -0.0393608; -0.0477728; -0.0475409; -0.0598618
17; 567067; 445064; -0.0524041; -0.0522481; -0.0613559; -0.0612128; -0.07477
17.2; 554936; 445623; -0.0664779; -0.0663929; -0.0760011; -0.0759562; -0.090411
17.4; 541533; 444755; -0.0814106; -0.0814645; -0.0913452; -0.0913877; -0.106428
17.6; 526778; 444394; -0.0969975; -0.0969452; -0.107086; -0.107072; -0.122432
17.8; 512515; 444795; -0.112718; -0.112716; -0.122769; -0.122762; -0.138031
18; 501364; 446512; -0.128361; -0.128325; -0.138073; -0.138049; -0.15279
18.2; 493439; 448747; -0.14352; -0.143435; -0.152615; -0.152535; -0.166287
18.4; 488405; 451766; -0.157762; -0.157641; -0.165967; -0.165838; -0.178144
18.6; 485550; 455658; -0.170697; -0.170476; -0.177777; -0.177561; -0.188087
18.8; 485082; 460221; -0.181878; -0.181576; -0.187685; -0.187379; -0.195876
19; 487701; 464210; -0.191013; -0.190592; -0.195447; -0.195013; -0.201342
19.2; 492667; 467053; -0.197853; -0.197316; -0.200836; -0.200295; -0.204345
19.4; 499457; 469202; -0.202303; -0.201595; -0.203784; -0.203058; -0.204772
19.6; 507832; 471124; -0.204295; -0.203443; -0.204219; -0.203347; -0.202623
19.8; 517071; 475375; -0.203844; -0.202832; -0.202209; -0.201174; -0.198002
20; 527538; 479263; -0.200921; -0.199769; -0.197746; -0.196568; -0.190959
20.2; 539259; 481265; -0.195572; -0.194285; -0.190906; -0.189591; -0.181614
20.4; 550544; 483431; -0.187858; -0.186444; -0.181825; -0.180386; -0.170246
20.6; 560639; 485497; -0.177908; -0.176372; -0.170713; -0.169154; -0.157199
20.8; 571773; 486125; -0.166018; -0.164382; -0.157902; -0.156246; -0.142864
21; 584758; 484160; -0.152573; -0.150853; -0.143773; -0.142034; -0.12761
21.2; 599143; 480821; -0.137979; -0.136224; -0.128712; -0.126958; -0.111819
21.4; 613469; 477106; -0.122642; -0.120962; -0.113151; -0.11142; -0.0958847
21.6; 626898; 472524; -0.10706; -0.105299; -0.0975143; -0.0957532; -0.0801779
21.8; 640331; 469311; -0.0914131; -0.0896866; -0.0820727; -0.0803451; -0.0650775
22; 653029; 467757; -0.0760897; -0.0743881; -0.0672121; -0.0654921; -0.0509512
22.2; 663043; 465357; -0.0614414; -0.0597837; -0.0532674; -0.0516106; -0.0381982
22.4; 670402; 461715; -0.0478468; -0.0462711; -0.0406262; -0.0390502; -0.0271548
22.6; 674424; 457715; -0.0357158; -0.0342044; -0.0296442; -0.0281303; -0.0180786
22.8; 673439; 453941; -0.0253999; -0.023986; -0.0206199; -0.0192032; -0.0112091
23; 668344; 450588; -0.0171746; -0.0158754; -0.0137696; -0.0124769; -0.00665152
23.2; 659831; 447592; -0.0111967; -0.0100587; -0.00922569; -0.00808668; -0.00449626
23.4; 648338; 444103; -0.00758624; -0.0066108; -0.00707218; -0.0061135; -0.00478955
23.6; 634041; 440775; -0.00639565; -0.00555666; -0.00741612; -0.00650141; -0.00753683
23.8; 617930; 438467; -0.00764924; -0.00685495; -0.0101174; -0.00936457; -0.0127399
24; 601470; 434910; -0.0112799; -0.0106504; -0.0152626; -0.0146424; -0.0203816
24.2; 585742; 430907; -0.0173293; -0.016826; -0.0227658; -0.0222728; -0.0303157
24.4; 572332; 428890; -0.0256713; -0.0252844; -0.0324297; -0.0320886; -0.0422396
24.6; 561205; 427612; -0.0361429; -0.0358581; -0.044044; -0.0437798; -0.0557258
24.8; 551570; 428222; -0.0484512; -0.048279; -0.0572269; -0.0570859; -0.0703923
25; 542140; 429670; -0.0622359; -0.062131; -0.0716458; -0.0715762; -0.0858657
25.2; 531283; 430376; -0.0769912; -0.0770893; -0.0868327; -0.0869386; -0.101815
25.4; 518204; 430008; -0.0925215; -0.0925371; -0.102559; -0.102617; -0.11785
25.6; 504723; 430214; -0.108291; -0.108287; -0.11835; -0.11834; -0.133601
25.8; 492478; 432455; -0.123954; -0.123968; -0.133759; -0.133782; -0.148633
26; 483562; 434218; -0.139226; -0.139188; -0.148518; -0.148484; -0.162532
26.2; 478258; 436811; -0.153723; -0.153612; -0.162226; -0.162108; -0.174905
26.4; 474831; 440723; -0.16703; -0.166872; -0.174479; -0.174326; -0.185436
26.6; 473811; 445081; -0.178774; -0.1785; -0.184986; -0.184705; -0.19385
26.8; 475677; 449700; -0.188551; -0.188198; -0.193396; -0.193028; -0.199996
27; 480262; 452443; -0.196137; -0.195638; -0.199531; -0.199026; -0.203716
27.2; 486785; 454404; -0.20128; -0.200661; -0.203174; -0.202528; -0.204846
27.4; 494131; 456721; -0.203939; -0.203142; -0.20427; -0.203455; -0.20335
27.6; 501943; 461065; -0.20414; -0.203193; -0.202929; -0.201956; -0.199436
27.8; 511402; 465556; -0.201911; -0.200812; -0.19918; -0.198049; -0.193135
28; 522558; 467564; -0.197264; -0.196034; -0.193041; -0.19178; -0.184505
28.2; 533637; 469003; -0.190255; -0.188885; -0.18462; -0.183223; -0.173709
28.4; 543494; 471644; -0.180939; -0.179454; -0.174063; -0.172553; -0.161084
28.6; 553929; 473219; -0.16956; -0.167967; -0.161671; -0.160054; -0.147008
28.8; 565718; 472244; -0.156509; -0.154827; -0.147849; -0.146148; -0.131912
29; 578038; 468883; -0.142183; -0.140444; -0.132991; -0.131245; -0.116202
29.2; 591156; 465136; -0.126976; -0.125337; -0.1175; -0.115817; -0.100276
29.4; 604652; 460660; -0.111453; -0.109709; -0.101872; -0.100131; -0.0844874
29.6; 618012; 457024; -0.0957863; -0.094065; -0.0863616; -0.0846252; -0.0692152
29.8; 630665; 455515; -0.0803491; -0.0786614; -0.0713143; -0.0696137; -0.0548111
30; 641663; 453608; -0.0654865; -0.0638229; -0.0570754; -0.0554203; -0.0416202
30.2; 650010; 450019; -0.0515475; -0.0499709; -0.044018; -0.042438; -0.0300293
30.4; 655069; 445937; -0.0389616; -0.0374462; -0.0325214; -0.0309978; -0.0203377
30.6; 655399; 442583; -0.0280898; -0.0266576; -0.0228895; -0.0214671; -0.0127901
30.8; 651336; 439798; -0.0192273; -0.0179189; -0.0153984; -0.014086; -0.00757021
31; 643973; 436400; -0.012596; -0.0114186; -0.0101903; -0.00902217; -0.0047461
31.2; 634209; 432865; -0.00830049; -0.00730159; -0.00736125; -0.00637789; -0.00438193
31.4; 621639; 429608; -0.00640936; -0.00555651; -0.00699437; -0.00608674; -0.00643941
31.6; 606975; 427075; -0.00698571; -0.00618227; -0.00903549; -0.0082442; -0.0109364
31.8; 591412; 424514; -0.00993196; -0.00928131; -0.0134836; -0.0128345; -0.0178791
32; 575973; 420897; -0.0153074; -0.0147682; -0.0203091; -0.0198056; -0.0271604
32.2; 562236; 417672; -0.022989; -0.0225779; -0.0293713; -0.0289906; -0.0385296
32.4; 551173; 416240; -0.0328513; -0.0325636; -0.0404418; -0.040171; -0.0516083
32.6; 541885; 416711; -0.0446575; -0.0444536; -0.0532005; -0.0530391; -0.0659866
32.8; 532872; 418093; -0.0580383; -0.0579325; -0.0673037; -0.0672232; -0.0812746
33; 523466; 418450; -0.0725848; -0.0725935; -0.0823288; -0.0823699; -0.0971411
33.2; 512146; 419097; -0.0878723; -0.0880278; -0.0978962; -0.0980626; -0.113205
33.4; 498732; 420771; -0.103692; -0.103655; -0.113769; -0.113753; -0.129062
33.6; 486192; 422549; -0.119401; -0.119436; -0.129303; -0.129346; -0.144341
33.8; 476699; 423723; -0.134838; -0.134844; -0.144302; -0.1443; -0.1586
34; 470374; 425718; -0.149594; -0.149528; -0.158332; -0.158281; -0.171441
34.2; 467032; 429025; -0.163276; -0.163145; -0.171056; -0.170915; -0.182542
34.4; 465755; 433650; -0.175502; -0.175276; -0.182097; -0.181867; -0.191614
34.6; 466230; 438249; -0.185878; -0.185564; -0.191145; -0.190825; -0.198458
34.8; 469855; 441130; -0.194118; -0.193684; -0.197972; -0.197513; -0.202908
35; 476521; 443045; -0.199994; -0.199418; -0.202333; -0.201746; -0.204767
35.2; 483766; 445572; -0.20339; -0.202649; -0.204165; -0.2034; -0.203978
35.4; 490171; 450497; -0.204299; -0.203415; -0.203521; -0.202608; -0.200751
35.6; 498691; 455207; -0.202787; -0.201737; -0.200484; -0.199408; -0.195163
35.8; 509603; 457208; -0.198834; -0.197655; -0.195039; -0.193828; -0.187217
36; 520103; 458762; -0.192497; -0.191181; -0.187271; -0.185923; -0.177048
36.2; 529583; 460914; -0.183828; -0.182387; -0.177302; -0.175834; -0.164906
36.4; 539393; 463135; -0.173014; -0.17146; -0.165395; -0.163816; -0.151179
36.6; 550251; 463166; -0.160393; -0.158749; -0.151923; -0.150256; -0.1363
36.8; 562085; 460305; -0.146397; -0.144678; -0.137319; -0.135582; -0.120699
37; 574516; 457012; -0.131406; -0.129764; -0.121958; -0.120298; -0.1048
37.2; 587285; 452512; -0.115954; -0.114245; -0.106362; -0.104635; -0.0889415
37.4; 600558; 448587; -0.100286; -0.0985718; -0.0907823; -0.0890469; -0.0735013
37.6; 613336; 446496; -0.0847419; -0.0830539; -0.0755572; -0.0738718; -0.058826
37.8; 624763; 444304; -0.069664; -0.0680176; -0.0610503; -0.0594034; -0.0452602
38; 633946; 441492; -0.0554205; -0.0538182; -0.0476134; -0.0460015; -0.0331456
38.2; 639402; 438021; -0.0424081; -0.040863; -0.0356152; -0.0340748; -0.0228486
38.4; 641262; 434068; -0.0310062; -0.0295516; -0.0254141; -0.0239628; -0.0146527
38.6; 639093; 431207; -0.0215379; -0.0202097; -0.0172758; -0.0159534; -0.00874274
38.8; 632883; 428193; -0.0142565; -0.0130604; -0.0114124; -0.0102222; -0.00524182
39; 623926; 425188; -0.0092792; -0.00824126; -0.00789595; -0.00687666; -0.00417826
39.2; 612893; 421873; -0.00668745; -0.00579907; -0.00679763; -0.00592246; -0.00555099
39.4; 599414; 419113; -0.0064918; -0.0057419; -0.00810624; -0.00736858; -0.00934071
39.6; 584574; 415880; -0.00878893; -0.00805902; -0.0119014; -0.0111919; -0.0155625
39.8; 569399; 412835; -0.0134094; -0.0128849; -0.0180062; -0.0174898; -0.024173
40; 555709; 410298; -0.020454; -0.0200023; -0.0264437; -0.0260253; -0.0349382
40.2; 544676; 408569; -0.0296965; -0.0293933; -0.0369419; -0.0366758; -0.047566
40.4; 535601; 407232; -0.0409945; -0.0407729; -0.0492874; -0.0490827; -0.061623
40.6; 526936; 408915; -0.0539646; -0.0538422; -0.0630403; -0.0629586; -0.0767217
40.8; 518133; 409947; -0.0682221; -0.0681747; -0.0778567; -0.077843; -0.0924651
41; 508404; 410201; -0.0833663; -0.0833728; -0.0932606; -0.0934449; -0.1085
41.2; 496692; 411145; -0.0989901; -0.0990362; -0.109121; -0.109111; -0.124441
41.4; 484752; 412245; -0.114777; -0.114793; -0.124748; -0.124804; -0.13993
41.6; 474277; 414155; -0.130308; -0.130334; -0.139933; -0.139966; -0.15452
41.8; 466977; 416481; -0.1453; -0.1453; -0.154304; -0.154291; -0.167845
42; 463272; 419124; -0.159382; -0.159255; -0.16748; -0.167367; -0.179514
42.2; 461486; 423022; -0.172067; -0.171891; -0.179056; -0.178858; -0.18922
42.4; 461116; 427656; -0.183018; -0.182744; -0.188706; -0.188422; -0.196715
42.6; 463426; 432025; -0.191931; -0.191531; -0.196211; -0.195807; -0.201886
42.8; 469292; 434206; -0.198498; -0.197991; -0.2013; -0.200758; -0.20448
43; 476211; 436178; -0.202621; -0.201938; -0.203843; -0.203152; -0.204425
43.2; 482318; 440566; -0.204242; -0.203414; -0.203916; -0.203047; -0.201885
43.4; 489756; 445473; -0.203467; -0.202469; -0.201602; -0.200575; -0.197014
43.6; 499982; 448193; -0.200243; -0.199111; -0.196881; -0.195722; -0.189793
43.8; 510173; 450078; -0.19461; -0.193366; -0.189801; -0.188522; -0.180289
44; 519343; 451838; -0.186616; -0.185222; -0.180464; -0.179039; -0.168686
44.2; 528854; 454712; -0.17639; -0.174874; -0.169073; -0.167531; -0.15536
44.4; 539135; 455284; -0.164239; -0.162623; -0.15599; -0.15435; -0.140724
44.6; 549427; 453194; -0.150589; -0.148901; -0.141655; -0.139947; -0.125269
44.8; 560991; 450166; -0.135854; -0.134186; -0.126478; -0.124788; -0.109405
45; 573624; 446270; -0.120493; -0.118831; -0.110907; -0.109216; -0.0935003
45.2; 586311; 442088; -0.104883; -0.103176; -0.0953076; -0.093585; -0.0779134
45.4; 598617; 440611; -0.0892653; -0.0875853; -0.0799399; -0.0782615; -0.0629775
45.6; 610255; 438413; -0.0740144; -0.0723757; -0.0651875; -0.0635435; -0.0490424
45.8; 619530; 435269; -0.059492; -0.0578804; -0.051397; -0.0497819; -0.0364531
46; 626456; 432128; -0.046036; -0.0445001; -0.0388971; -0.0373665; -0.0255699
46.2; 629548; 427763; -0.0340918; -0.0326457; -0.0281047; -0.0266614; -0.0166952
46.4; 628151; 424825; -0.0240352; -0.0226744; -0.0193536; -0.018; -0.0101201
46.6; 623369; 422389; -0.0160926; -0.0148639; -0.0128123; -0.0115957; -0.00592253
46.8; 615516; 418769; -0.010437; -0.00936673; -0.00861699; -0.00756027; -0.0041718
47; 605822; 416101; -0.00715655; -0.00622869; -0.00682558; -0.00591417; -0.00484782
47.2; 593618; 412812; -0.00626511; -0.00549271; -0.00742876; -0.00667883; -0.00794157
47.4; 579506; 410214; -0.00784251; -0.00711428; -0.0105218; -0.00978527; -0.0134432
47.6; 564790; 407284; -0.0117788; -0.0112064; -0.0159271; -0.015379; -0.0213558
47.8; 550831; 404428; -0.0181171; -0.0176329; -0.0236938; -0.0232537; -0.0315171
48; 539279; 402301; -0.0266921; -0.026367; -0.0336015; -0.0332901; -0.0436347
48.2; 530337; 400807; -0.0374148; -0.037169; -0.0454234; -0.0452131; -0.0573098
48.4; 522734; 400601; -0.0499345; -0.0497819; -0.0588072; -0.0586946; -0.0721455
48.6; 514789; 402253; -0.0638634; -0.0638028; -0.0733718; -0.0733289; -0.087744
48.8; 505446; 403190; -0.0787958; -0.0787971; -0.0886315; -0.0887953; -0.103756
49; 494144; 404412; -0.0943166; -0.094374; -0.104428; -0.104469; -0.119775
49.2; 482371; 405633; -0.110111; -0.110104; -0.120136; -0.120201; -0.135435
49.4; 471900; 406674; -0.125706; -0.12577; -0.135499; -0.135519; -0.150306
49.6; 463996; 408970; -0.140927; -0.140911; -0.150138; -0.150126; -0.164027
49.8; 458956; 411899; -0.155282; -0.155217; -0.163674; -0.163616; -0.17621
50; 456584; 415135; -0.168435; -0.168292; -0.175789; -0.17561; -0.186546
50.2; 456275; 419898; -0.179968; -0.179713; -0.18605; -0.185808; -0.194735
50.4; 457318; 424438; -0.189519; -0.189174; -0.194242; -0.193873; -0.200634
50.6; 461630; 427365; -0.196791; -0.196336; -0.20004; -0.199558; -0.203976
50.8; 468809; 428907; -0.201642; -0.201004; -0.203317; -0.20267; -0.204653
51; 475323; 432830; -0.204001; -0.203234; -0.204126; -0.203312; -0.202841
51.2; 481187; 438805; -0.203942; -0.202991; -0.202531; -0.20156; -0.198712
51.4; 490848; 441461; -0.201426; -0.200344; -0.198526; -0.197414; -0.192204
51.6; 501745; 442782; -0.19649; -0.195295; -0.192129; -0.190894; -0.183365
51.8; 510780; 444730; -0.189191; -0.18785; -0.183436; -0.182062; -0.172332
52; 519410; 447554; -0.179619; -0.178135; -0.17262; -0.171112; -0.159428
52.2; 528770; 449710; -0.167996; -0.16642; -0.159981; -0.15838; -0.145107
52.4; 538822; 448434; -0.154737; -0.153076; -0.145957; -0.144275; -0.129822
52.6; 549892; 445387; -0.140298; -0.13859; -0.131001; -0.12928; -0.114033
52.8; 561676; 441923; -0.125033; -0.123431; -0.115477; -0.113836; -0.0981365
53; 574247; 437436; -0.109491; -0.10778; -0.0998785; -0.0981612; -0.0824265
53.2; 586895; 434875; -0.0938385; -0.0921549; -0.0844172; -0.0827266; -0.0672875
53.4; 598506; 432912; -0.0784517; -0.0768019; -0.0694577; -0.0677992; -0.0530264
53.6; 608303; 430256; -0.0636734; -0.0620589; -0.0553341; -0.053724; -0.039998
53.8; 615616; 427347; -0.0498538; -0.0483085; -0.0424019; -0.0408589; -0.0285426
54; 619490; 423607; -0.03744; -0.0359452; -0.031085; -0.0295913; -0.0190423
54.2; 619966; 420015; -0.0267806; -0.0253886; -0.0216794; -0.0202958; -0.0117438
54.4; 616441; 417355; -0.0181876; -0.0169296; -0.0144625; -0.0132171; -0.00683548
54.6; 609343; 414826; -0.0118467; -0.0107317; -0.0095784; -0.00847465; -0.00437474
54.8; 600550; 411254; -0.00784861; -0.00689989; -0.00706462; -0.00613344; -0.00434923
55; 589410; 408344; -0.00625782; -0.00543894; -0.00700391; -0.00615299; -0.00674487
55.2; 576393; 405611; -0.00708491; -0.00636181; -0.00932852; -0.00859003; -0.0115407
55.4; 562300; 402781; -0.0103323; -0.0097098; -0.0140568; -0.0134456; -0.0187526
55.6; 548272; 400090; -0.0159585; -0.0154587; -0.0211189; -0.0206702; -0.0282652
55.8; 536382; 397506; -0.0238931; -0.0235224; -0.0304251; -0.0300732; -0.0398256
56; 527083; 395261; -0.0340083; -0.0337519; -0.0417139; -0.0414813; -0.0530908
56.2; 519035; 395712; -0.0460217; -0.0458557; -0.0546613; -0.0545434; -0.0676249
56.4; 511191; 397849; -0.0595777; -0.0594899; -0.068932; -0.0688658; -0.0830504
56.6; 502892; 397820; -0.0742482; -0.0742397; -0.0840571; -0.0840839; -0.0989637
56.8; 493295; 397667; -0.0896511; -0.0896733; -0.0997098; -0.0997558; -0.115013
57; 481926; 399645; -0.105358; -0.105435; -0.115455; -0.11554; -0.130816
57.2; 471129; 401188; -0.121066; -0.121172; -0.130938; -0.131095; -0.146032
57.4; 463005; 402278; -0.13648; -0.136459; -0.14592; -0.145891; -0.160164
57.6; 457291; 405201; -0.151121; -0.151078; -0.159809; -0.159788; -0.172861
57.8; 453702; 409237; -0.164656; -0.164555; -0.172376; -0.172239; -0.183747
58; 452717; 413226; -0.176711; -0.176486; -0.183197; -0.182972; -0.192539
58.2; 453688; 417266; -0.18686; -0.186544; -0.191991; -0.191665; -0.199076
58.4; 457214; 420866; -0.194841; -0.194428; -0.198534; -0.198083; -0.203197
58.6; 463078; 423683; -0.200439; -0.199855; -0.202582; -0.201995; -0.2047
58.8; 469312; 426219; -0.203529; -0.202821; -0.204132; -0.203378; -0.203645
59; 476023; 431044; -0.204188; -0.203287; -0.203238; -0.202314; -0.200187
59.2; 484048; 435303; -0.202405; -0.201371; -0.199945; -0.198883; -0.194376
59.4; 493711; 437116; -0.198208; -0.197057; -0.194271; -0.193081; -0.186217
59.6; 503372; 438706; -0.191625; -0.190323; -0.186264; -0.184929; -0.175818
59.8; 512698; 441195; -0.182697; -0.181261; -0.176044; -0.174579; -0.163433
60; 521272; 444026; -0.171641; -0.170092; -0.163909; -0.162334; -0.149497
60.2; 529638; 442830; -0.158832; -0.157187; -0.150268; -0.1486; -0.13448
60.4; 540193; 440545; -0.144678; -0.142979; -0.135522; -0.133805; -0.118764
60.6; 552358; 437648; -0.129611; -0.12798; -0.120105; -0.118441; -0.102827
60.8; 564389; 433702; -0.114111; -0.112438; -0.104469; -0.102781; -0.0869748
61; 576411; 430579; -0.0984591; -0.0967747; -0.0889297; -0.0872316; -0.0716134
61.2; 588275; 429236; -0.0829715; -0.081286; -0.0737967; -0.0721001; -0.0570484
61.4; 598626; 427471; -0.068012; -0.0662986; -0.0594102; -0.0577293; -0.0436113
61.6; 606724; 424174; -0.0538273; -0.0522102; -0.0460297; -0.0444945; -0.0316699
61.8; 611812; 419727; -0.040906; -0.0394353; -0.0341991; -0.0327168; -0.0215787
62; 612714; 415315; -0.0297206; -0.0283119; -0.0242372; -0.0228274; -0.0136525
62.2; 610619; 412820; -0.0204716; -0.0191972; -0.0163218; -0.0150891; -0.00803409
62.4; 605263; 411192; -0.0134189; -0.0122641; -0.0107316; -0.00956686; -0.00480125
62.6; 597168; 407818; -0.00870865; -0.00771215; -0.00747316; -0.00650988; -0.00402465
62.8; 586911; 404219; -0.00640347; -0.00555757; -0.00666629; -0.00584627; -0.0056902
63; 574496; 401691; -0.00650147; -0.00580247; -0.00827083; -0.00759248; -0.00978299
63.2; 560509; 399045; -0.00911212; -0.00841647; -0.0123827; -0.0117028; -0.016307
63.4; 546235; 396472; -0.0140193; -0.0135192; -0.0187589; -0.0182858; -0.0251902
63.6; 534077; 393508; -0.0213124; -0.0208932; -0.0274453; -0.0270569; -0.0361803
63.8; 524654; 391476; -0.0307639; -0.0304946; -0.038139; -0.0379009; -0.0489821
64; 517141; 390870; -0.0422328; -0.0420271; -0.0506284; -0.0504539; -0.0631553
64.2; 509962; 391465; -0.0553317; -0.0552323; -0.064499; -0.064433; -0.078327
64.4; 502217; 392296; -0.0697112; -0.0696791; -0.079417; -0.0794136; -0.0941389
64.6; 492895; 393181; -0.0849468; -0.0849698; -0.0949705; -0.0950177; -0.110219
64.8; 481811; 394765; -0.100632; -0.100702; -0.110752; -0.110845; -0.126182
65; 470504; 396127; -0.116416; -0.116475; -0.126405; -0.126472; -0.141594
65.2; 462034; 397346; -0.13194; -0.131958; -0.141537; -0.14155; -0.156056
65.4; 455668; 399635; -0.14682; -0.146808; -0.155756; -0.155742; -0.169194
65.6; 451485; 403099; -0.160708; -0.160632; -0.168726; -0.168648; -0.180646
65.8; 450000; 406951; -0.173244; -0.173061; -0.180127; -0.179928; -0.19011
66; 450092; 411459; -0.183999; -0.183732; -0.189571; -0.189292; -0.197396
66.2; 452769; 415364; -0.192668; -0.192278; -0.196818; -0.19641; -0.202259
66.4; 458062; 418221; -0.198986; -0.198478; -0.201615; -0.201079; -0.204523
66.6; 464373; 420385; -0.202861; -0.20218; -0.203907; -0.203203; -0.204179
66.8; 470590; 425404; -0.204254; -0.203421; -0.203756; -0.202888; -0.201448
67; 477771; 430360; -0.203214; -0.202228; -0.201205; -0.200187; -0.196378
67.2; 487256; 432023; -0.199732; -0.198625; -0.19624; -0.195097; -0.188935
67.4; 497275; 433388; -0.193841; -0.192591; -0.188907; -0.187622; -0.179173
67.6; 505747; 435382; -0.185571; -0.184185; -0.179295; -0.177877; -0.167315
67.8; 513929; 438973; -0.175102; -0.173584; -0.167671; -0.166124; -0.153753
68; 522852; 439777; -0.162769; -0.161164; -0.154418; -0.152788; -0.138985
68.2; 532550; 437295; -0.149005; -0.147327; -0.139984; -0.138285; -0.123446
68.4; 543565; 434597; -0.134194; -0.132535; -0.124752; -0.123068; -0.107558
68.6; 555582; 430780; -0.118802; -0.117159; -0.109173; -0.107505; -0.0916982
68.8; 567418; 427207; -0.103167; -0.101491; -0.093585; -0.0918944; -0.0761783
69; 579127; 425575; -0.0875694; -0.0859128; -0.0782677; -0.0766124; -0.0613427
69.2; 590254; 423200; -0.0723616; -0.0707398; -0.0635857; -0.0619605; -0.047515
69.4; 598862; 418945; -0.0579098; -0.0563221; -0.0498905; -0.0483028; -0.0350738
69.6; 604825; 415781; -0.0445878; -0.0430933; -0.0375436; -0.0360559; -0.0243789
69.8; 607029; 413294; -0.0328477; -0.0314368; -0.0269707; -0.025566; -0.0157498
70; 605609; 410397; -0.0230077; -0.0217104; -0.0184369; -0.017148; -0.00940659
70.2; 600966; 407617; -0.0153434; -0.0141378; -0.0121781; -0.0109894; -0.00547661
70.4; 593685; 404523; -0.00992685; -0.00889598; -0.00823243; -0.00722011; -0.00400379
70.6; 584700; 401618; -0.00687561; -0.00598337; -0.00668486; -0.0058104; -0.0049416
70.8; 573155; 398464; -0.00621259; -0.00547941; -0.00753211; -0.0068275; -0.0083178
71; 560003; 395868; -0.00802861; -0.00735503; -0.0108782; -0.0101903; -0.0140932
71.2; 546176; 392850; -0.0122386; -0.0116776; -0.0165426; -0.0160255; -0.0222523
71.4; 533484; 390289; -0.0188212; -0.0183767; -0.0245586; -0.0241481; -0.0326495
71.6; 523093; 387677; -0.0276588; -0.0273432; -0.0347032; -0.0344021; -0.044962
71.8; 515140; 386318; -0.0385882; -0.0383732; -0.0467038; -0.0465347; -0.0587914
72; 507896; 388029; -0.0512707; -0.0511459; -0.060237; -0.0601446; -0.0737288
72.2; 500455; 389502; -0.0653172; -0.0652751; -0.0748882; -0.0748657; -0.0893696
72.4; 491736; 389649; -0.0803231; -0.0803406; -0.0902567; -0.0903118; -0.105377
72.6; 481460; 390773; -0.0958879; -0.0959401; -0.105995; -0.106056; -0.121374
72.8; 470342; 392590; -0.111649; -0.111707; -0.121698; -0.121761; -0.136977
73; 460353; 394080; -0.127254; -0.127304; -0.136995; -0.137055; -0.151787
73.2; 453191; 396469; -0.142382; -0.142378; -0.151557; -0.15154; -0.165376
73.4; 448786; 399368; -0.156653; -0.156591; -0.164978; -0.164915; -0.177397
73.6; 446755; 402705; -0.169657; -0.169512; -0.1769; -0.176746; -0.187502
73.8; 446508; 407378; -0.181004; -0.180772; -0.18698; -0.186729; -0.195465
74; 448310; 411671; -0.19033; -0.189982; -0.194906; -0.194547; -0.201065
74.2; 452536; 414291; -0.197338; -0.196879; -0.200434; -0.199942; -0.204115
74.4; 459453; 416387; -0.201905; -0.201274; -0.203429; -0.202776; -0.204503
74.6; 465370; 421115; -0.204026; -0.203243; -0.204; -0.203186; -0.202486
74.8; 471385; 426537; -0.203724; -0.202786; -0.202189; -0.201217; -0.198157
75; 480847; 428568; -0.200997; -0.199938; -0.197967; -0.196875; -0.191447
75.2; 491325; 430018; -0.195869; -0.194666; -0.191368; -0.190129; -0.182367
75.4; 499796; 432734; -0.188332; -0.187; -0.182437; -0.181072; -0.171099
75.6; 507721; 435367; -0.178506; -0.177042; -0.171379; -0.169888; -0.157977
75.8; 516218; 436758; -0.166657; -0.165071; -0.158533; -0.156923; -0.143468
76; 525345; 434970; -0.153229; -0.151573; -0.144366; -0.14269; -0.128092
76.2; 535396; 432664; -0.138663; -0.136968; -0.129317; -0.127605; -0.112266
76.4; 546680; 429527; -0.123356; -0.121766; -0.113775; -0.112148; -0.0963892
76.6; 559537; 425518; -0.10789; -0.10607; -0.0982696; -0.0964377; -0.0807182
76.8; 572290; 422702; -0.0922444; -0.090496; -0.0828345; -0.0810656; -0.0656484
77; 583332; 421196; -0.0769171; -0.0751888; -0.0679525; -0.066213; -0.0514994
77.2; 592648; 419706; -0.062199; -0.0605328; -0.0539165; -0.0522452; -0.0386083
77.4; 599331; 416245; -0.0484821; -0.0468857; -0.0411063; -0.0395128; -0.0273266
77.6; 602400; 411695; -0.03617; -0.0347143; -0.0299055; -0.0284707; -0.0180492
77.8; 602217; 407673; -0.0256968; -0.0243785; -0.0207258; -0.0194081; -0.0110262
78; 598644; 405050; -0.0173436; -0.0161071; -0.0137574; -0.0125382; -0.00636689
78.2; 591776; 403843; -0.0112329; -0.0101615; -0.00910786; -0.0080594; -0.00416999
78.4; 583313; 400324; -0.00750313; -0.00657164; -0.0068692; -0.00595429; -0.00439131
78.6; 573090; 397003; -0.00616049; -0.0053915; -0.00702117; -0.00627828; -0.00704457
78.8; 560505; 394384; -0.00724422; -0.00656999; -0.0096138; -0.00895574; -0.0120963
79; 546570; 391666; -0.010756; -0.01014; -0.014612; -0.0140253; -0.0195404
79.2; 533303; 389731; -0.0165897; -0.016138; -0.0219043; -0.0214735; -0.0292829
79.4; 522297; 387320; -0.024762; -0.0244041; -0.031417; -0.0310935; -0.0410441
79.6; 514235; 384238; -0.0350732; -0.0348347; -0.0428858; -0.0426845; -0.054463
79.8; 507214; 384376; -0.047269; -0.0471212; -0.0560108; -0.0558884; -0.0691186
80; 499942; 386814; -0.0609583; -0.0608869; -0.0703771; -0.0703408; -0.0846254
80.2; 491667; 387337; -0.0757241; -0.0757297; -0.0855866; -0.0856199; -0.100573
80.4; 482285; 387533; -0.0911722; -0.0912138; -0.101263; -0.101324; -0.11662
80.6; 471701; 388961; -0.106903; -0.106978; -0.117001; -0.117092; -0.132377
80.8; 461447; 391031; -0.122593; -0.122655; -0.132456; -0.132522; -0.147444
81; 453264; 393042; -0.137909; -0.137921; -0.147279; -0.147284; -0.161425
81.2; 447924; 395221; -0.152476; -0.152437; -0.16108; -0.161036; -0.173961
81.4; 445239; 398456; -0.165889; -0.165815; -0.17348; -0.173408; -0.18471
81.6; 445296; 402876; -0.177792; -0.177606; -0.184177; -0.183974; -0.19335
81.8; 446033; 407859; -0.18777; -0.187468; -0.192799; -0.192469; -0.1997
82; 448971; 411439; -0.19551; -0.195082; -0.19906; -0.198614; -0.203509
82.2; 455084; 412734; -0.200808; -0.200249; -0.202789; -0.202203; -0.204627
82.4; 461496; 416758; -0.20368; -0.202932; -0.204091; -0.203311; -0.20329
82.6; 466980; 423142; -0.2041; -0.2032; -0.202994; -0.20207; -0.199689
82.8; 475281; 425593; -0.202106; -0.201083; -0.199524; -0.198466; -0.193742
83; 485678; 426361; -0.197673; -0.196519; -0.193628; -0.192434; -0.185391
83.2; 495146; 428453; -0.190833; -0.18953; -0.185366; -0.18403; -0.174738
83.4; 503295; 431783; -0.18164; -0.180203; -0.174875; -0.173409; -0.162064
83.6; 510914; 434115; -0.170345; -0.168801; -0.162496; -0.160925; -0.147892
83.8; 519245; 433148; -0.157377; -0.155742; -0.148702; -0.147042; -0.132727
84; 528843; 430489; -0.143148; -0.141443; -0.133904; -0.132181; -0.117
84.2; 539743; 428067; -0.128031; -0.126448; -0.118478; -0.116862; -0.101138
84.4; 552050; 424055; -0.112551; -0.11088; -0.102954; -0.101177; -0.0853986
84.6; 565129; 421350; -0.0969133; -0.0951978; -0.0874436; -0.0856576; -0.0701149
84.8; 576621; 419413; -0.0814602; -0.0797189; -0.0723436; -0.0705905; -0.0556369
85; 586033; 416685; -0.0664871; -0.064824; -0.0579717; -0.0563219; -0.0423111
85.2; 593212; 414198; -0.0523746; -0.0508614; -0.0447094; -0.0431889; -0.030496
85.4; 597363; 410575; -0.0396306; -0.0381639; -0.0330037; -0.0315495; -0.0205356
85.6; 597424; 406312; -0.0286195; -0.0272481; -0.0232229; -0.021866; -0.0128142
85.8; 594786; 403484; -0.0196273; -0.0183832; -0.0156005; -0.01436; -0.00747098
86; 589488; 402063; -0.0128655; -0.0117289; -0.0102803; -0.00916732; -0.00455973
86.2; 581966; 399112; -0.00840748; -0.00744376; -0.00731501; -0.00637329; -0.00409113
86.4; 572701; 395636; -0.0063247; -0.00551775; -0.00674631; -0.00595235; -0.00602538
86.6; 560825; 392391; -0.00664505; -0.0059523; -0.00857201; -0.00790423; -0.0103455
86.8; 547488; 389849; -0.00936416; -0.00882053; -0.0128503; -0.0122082; -0.0170524
87; 533766; 387589; -0.0144717; -0.014097; -0.0194205; -0.0189553; -0.0261025
87.2; 521777; 385019; -0.021952; -0.021682; -0.0282788; -0.0279308; -0.0372762
87.4; 512525; 381898; -0.0316362; -0.0315167; -0.0392077; -0.0389577; -0.050239
87.6; 505324; 381084; -0.0433224; -0.0433186; -0.0518858; -0.0517482; -0.0645742
87.8; 498295; 383758; -0.0566227; -0.056702; -0.0659315; -0.0658887; -0.0798778
88; 490686; 384829; -0.0711743; -0.071211; -0.0809393; -0.0809652; -0.0957316
88.2; 482065; 384710; -0.0864797; -0.086514; -0.0965329; -0.0965645; -0.111798
88.4; 472567; 385058; -0.102153; -0.102188; -0.112254; -0.112361; -0.127687
88.6; 462345; 386341; -0.117856; -0.117945; -0.127859; -0.12791; -0.143031
88.8; 453353; 389117; -0.133328; -0.133345; -0.142892; -0.142925; -0.157389
89; 447226; 390900; -0.148115; -0.1482; -0.157008; -0.157074; -0.170412
89.2; 444572; 392868; -0.161967; -0.161929; -0.16992; -0.169856; -0.18172
89.4; 443356; 398117; -0.17441; -0.174244; -0.181161; -0.181029; -0.191012
89.6; 442130; 403551; -0.185009; -0.184788; -0.19046; -0.190196; -0.198074
89.8; 444763; 407921; -0.193519; -0.193093; -0.197504; -0.197053; -0.202641
90; 449830; 409799; -0.199487; -0.199079; -0.201922; -0.20149; -0.204577
90.2; 456088; 412451; -0.20312; -0.202488; -0.203987; -0.203283; -0.203926
90.4; 462038; 419576; -0.204333; -0.203441; -0.203611; -0.202746; -0.200988
90.6; 468490; 422265; -0.202937; -0.202171; -0.200798; -0.199929; -0.195783
90.8; 476911; 422294; -0.199374; -0.198162; -0.19573; -0.194537; -0.188178
91; 487266; 424558; -0.193143; -0.191903; -0.18812; -0.186842; -0.178248
91.2; 497678; 428020; -0.184606; -0.183215; -0.178261; -0.176819; -0.166134
91.4; 505263; 429576; -0.173911; -0.172377; -0.166391; -0.164822; -0.152305
91.6; 512137; 431007; -0.161369; -0.15978; -0.15291; -0.151295; -0.137298
91.8; 521819; 428843; -0.147509; -0.145818; -0.138369; -0.136662; -0.121625
92; 532353; 426423; -0.132655; -0.130991; -0.123118; -0.121434; -0.105773
92.2; 542660; 423090; -0.117229; -0.115615; -0.107558; -0.105912; -0.090009
92.4; 554129; 419703; -0.101669; -0.0998627; -0.092032; -0.0903349; -0.0746159
92.6; 567140; 417650; -0.0860297; -0.0843277; -0.076739; -0.075109; -0.059891
92.8; 578284; 415433; -0.0708475; -0.0691452; -0.0620926; -0.0604831; -0.0461242
93; 586098; 411177; -0.0564616; -0.054816; -0.0484706; -0.0469293; -0.0337948
93.2; 590836; 407491; -0.0432747; -0.0417369; -0.0362802; -0.0348191; -0.0232533
93.4; 592018; 405524; -0.0316607; -0.0302874; -0.0258788; -0.0244971; -0.0148105
93.6; 590245; 402236; -0.0220578; -0.0207768; -0.0175941; -0.016333; -0.00874853
93.8; 586663; 399596; -0.0146274; -0.0134434; -0.0115812; -0.0104317; -0.00510902
94; 580132; 396635; -0.00945041; -0.00843239; -0.00792247; -0.00688693; -0.00391493
94.2; 571362; 393432; -0.00663849; -0.00577981; -0.00659393; -0.00578848; -0.00514556
94.4; 560469; 391122; -0.00621857; -0.00552073; -0.00776859; -0.00698479; -0.0087834
94.6; 547991; 387871; -0.00830784; -0.00761468; -0.0112889; -0.0106486; -0.0147951
94.8; 534239; 384612; -0.0127395; -0.0122134; -0.0172093; -0.0166917; -0.0231571
95; 521844; 382301; -0.0195587; -0.0191513; -0.025426; -0.0250407; -0.0337297
95.2; 512660; 380182; -0.028629; -0.0283209; -0.0357515; -0.0354972; -0.0461912
95.4; 505288; 379176; -0.0397413; -0.0395384; -0.0479501; -0.0477645; -0.0601605
95.6; 498899; 379688; -0.0525633; -0.0524528; -0.0615948; -0.061524; -0.0752071
95.8; 492530; 380580; -0.0667096; -0.0666823; -0.076337; -0.0763428; -0.0909345
96; 484017; 381720; -0.0817707; -0.0818114; -0.0917764; -0.0918303; -0.106994
96.2; 474216; 382627; -0.0973824; -0.0974296; -0.107525; -0.107596; -0.122982
96.4; 463314; 384318; -0.113137; -0.11322; -0.123194; -0.123282; -0.138496
96.6; 453685; 386402; -0.128737; -0.128797; -0.138449; -0.138501; -0.153176
96.8; 448027; 388711; -0.143809; -0.1438; -0.152894; -0.15289; -0.166586
97; 444326; 391593; -0.157962; -0.157905; -0.166187; -0.166111; -0.178423
97.2; 441490; 395790; -0.170816; -0.170682; -0.177945; -0.177806; -0.188377
97.4; 441123; 400348; -0.181982; -0.181737; -0.187849; -0.18759; -0.196155
97.6; 444051; 403973; -0.191077; -0.19074; -0.195547; -0.195184; -0.201521
97.8; 448942; 406043; -0.197852; -0.197369; -0.200794; -0.200294; -0.204233
98; 454725; 409014; -0.202177; -0.20156; -0.203539; -0.202887; -0.204336
98.2; 459890; 415100; -0.204096; -0.203291; -0.203898; -0.203068; -0.2021
98.4; 466062; 419739; -0.203565; -0.20263; -0.201876; -0.200907; -0.19759
98.6; 475739; 420450; -0.200623; -0.199562; -0.197459; -0.196359; -0.190703
98.8; 485752; 422440; -0.195245; -0.194038; -0.190627; -0.189385; -0.181434
99; 494062; 425519; -0.187448; -0.186108; -0.181448; -0.180077; -0.169933
99.2; 501381; 428201; -0.177387; -0.175923; -0.170164; -0.168669; -0.156597
99.4; 508973; 429129; -0.165368; -0.163784; -0.157157; -0.155547; -0.141944
99.6; 518043; 426871; -0.151824; -0.150173; -0.142883; -0.14121; -0.126476
99.8; 528212; 424784; -0.137205; -0.135514; -0.127795; -0.126081; -0.110622
100; 538467; 422532; -0.121867; -0.120303; -0.112244; -0.110651; -0.0948098
100.2; 550542; 419294; -0.106386; -0.104585; -0.0967664; -0.0949471; -0.0792086
100.4; 563327; 416568; -0.0907394; -0.0889967; -0.0813562; -0.0796004; -0.0642158
100.6; 574436; 414057; -0.0753598; -0.0737795; -0.0664336; -0.0648569; -0.0501433
100.8; 581832; 412432; -0.060745; -0.0591231; -0.0525288; -0.0508953; -0.037336
101; 587101; 409537; -0.0471584; -0.0455742; -0.0398593; -0.0382789; -0.0262064
101.2; 590429; 404614; -0.0349656; -0.0335908; -0.028787; -0.0274291; -0.0171028
101.4; 589712; 400284; -0.0247392; -0.0234167; -0.0198655; -0.0185472; -0.0103131
101.6; 586249; 398030; -0.0166042; -0.0153988; -0.0131364; -0.0119489; -0.0059447
101.8; 580424; 397191; -0.0107171; -0.00965703; -0.00872837; -0.0076874; -0.0040051
102; 572859; 393795; -0.00721137; -0.00627429; -0.00672154; -0.00581146; -0.00447461
102.2; 563169; 389427; -0.00606533; -0.0052913; -0.0071164; -0.00631922; -0.00736528
102.4; 551516; 387041; -0.00732229; -0.00669752; -0.00984732; -0.00927859; -0.012667
102.6; 538104; 384319; -0.0110326; -0.0105445; -0.0151272; -0.0145445; -0.0203454
102.8; 524111; 381423; -0.0172028; -0.0167373; -0.0226568; -0.0222495; -0.0303099
103; 513740; 379664; -0.0256431; -0.0252801; -0.0324081; -0.0321107; -0.0422597
103.2; 506664; 377843; -0.0361704; -0.0359812; -0.0440957; -0.0438875; -0.0557973
103.4; 499594; 378129; -0.0485467; -0.0484168; -0.0573277; -0.0572524; -0.0705371
103.6; 493246; 380293; -0.0623368; -0.062276; -0.0717906; -0.0717699; -0.0861064
103.8; 485879; 380192; -0.0771237; -0.0771504; -0.0870357; -0.0870646; -0.102076
104; 476511; 380469; -0.0925701; -0.0926346; -0.102682; -0.102787; -0.118114
104.2; 465650; 382480; -0.108313; -0.108386; -0.118434; -0.118509; -0.133833
104.4; 455501; 384213; -0.12401; -0.124066; -0.133871; -0.13392; -0.148838
104.6; 448705; 386546; -0.139285; -0.139313; -0.148598; -0.148637; -0.16269
104.8; 444499; 389484; -0.153786; -0.153739; -0.162308; -0.162243; -0.175036
105; 440720; 393466; -0.167096; -0.166985; -0.174579; -0.174463; -0.185599
105.2; 439906; 397615; -0.17881; -0.178619; -0.185067; -0.184866; -0.194043
105.4; 442481; 401237; -0.188567; -0.188245; -0.193469; -0.193115; -0.200141
105.6; 446232; 404222; -0.196027; -0.195616; -0.19944; -0.199012; -0.203681
105.8; 451478; 406830; -0.201108; -0.200535; -0.202961; -0.202348; -0.204568
106; 456902; 411596; -0.203782; -0.203042; -0.20406; -0.203296; -0.203067
106.2; 463044; 416970; -0.204019; -0.203114; -0.202787; -0.201843; -0.19925
106.4; 471858; 419521; -0.201815; -0.200797; -0.199099; -0.198044; -0.193098
106.6; 481634; 420795; -0.197166; -0.195996; -0.192981; -0.191774; -0.184507
106.8; 490527; 423116; -0.19006; -0.188766; -0.184458; -0.18313; -0.173606
107; 498012; 425650; -0.180639; -0.179212; -0.173748; -0.17229; -0.160737
107.2; 504819; 428181; -0.169168; -0.167612; -0.161212; -0.159629; -0.146418
107.4; 512988; 427048; -0.156043; -0.154409; -0.147292; -0.145635; -0.131194
107.6; 522982; 423506; -0.14174; -0.140029; -0.132452; -0.130722; -0.115472
107.8; 534296; 421555; -0.126546; -0.124977; -0.116976; -0.115374; -0.0996137
108; 545786; 418382; -0.111121; -0.109347; -0.101487; -0.0996893; -0.0839207
108.2; 557398; 415724; -0.0954722; -0.0937311; -0.0860071; -0.0842405; -0.0687224
108.4; 570067; 413604; -0.0800102; -0.0783048; -0.0709247; -0.0692206; -0.0542956
108.6; 579977; 411553; -0.0650722; -0.0634854; -0.0566065; -0.0550087; -0.04103
108.8; 583948; 409276; -0.0511701; -0.0495338; -0.0435473; -0.0419172; -0.0293368
109; 586931; 405118; -0.0385161; -0.0370245; -0.0319662; -0.0304871; -0.0196009
109.2; 589334; 400242; -0.0275871; -0.0262621; -0.0223017; -0.0209694; -0.0120651
109.4; 587674; 397139; -0.0187625; -0.0174969; -0.0148386; -0.0136229; -0.00691604
109.6; 581576; 396251; -0.0121391; -0.0110465; -0.00972279; -0.00861658; -0.00424644
109.8; 573905; 392908; -0.00789482; -0.00693911; -0.00696586; -0.00604849; -0.0040311
110; 565032; 388428; -0.00609793; -0.00528691; -0.00667428; -0.00589452; -0.00621723
110.2; 553085; 386919; -0.00672672; -0.00606956; -0.00886245; -0.00811735; -0.0108375
110.4; 539343; 385044; -0.0098076; -0.0091718; -0.0133516; -0.0127795; -0.0178062
110.6; 526523; 382251; -0.0152; -0.0147269; -0.0202136; -0.0197548; -0.0270775
110.8; 515664; 378968; -0.0229004; -0.0225463; -0.02928; -0.0289391; -0.0384387
111; 507404; 377511; -0.0327681; -0.0324929; -0.0403347; -0.0401158; -0.051515
111.2; 500795; 377169; -0.0445298; -0.0443783; -0.0531025; -0.0529701; -0.0659269
111.4; 494668; 377679; -0.0579057; -0.0578385; -0.0672156; -0.0671805; -0.0812915
111.6; 487650; 378317; -0.0724822; -0.0724624; -0.0822944; -0.0823143; -0.0971996
111.8; 478043; 378781; -0.0878281; -0.0878919; -0.097927; -0.0980046; -0.113305
112; 467546; 380650; -0.103582; -0.103656; -0.113724; -0.113812; -0.129178
112.2; 457954; 383157; -0.119352; -0.119414; -0.129295; -0.129361; -0.144405
112.4; 450029; 384419; -0.13477; -0.134802; -0.144265; -0.144287; -0.158624
112.6; 444703; 387095; -0.14949; -0.149467; -0.158267; -0.158245; -0.171445
112.8; 440810; 391029; -0.163138; -0.163069; -0.170965; -0.170886; -0.182564
113; 439221; 394826; -0.175374; -0.17518; -0.182039; -0.181833; -0.191671
113.2; 440453; 398616; -0.185761; -0.18549; -0.191103; -0.190816; -0.198542
113.4; 444473; 402310; -0.194012; -0.193623; -0.1979; -0.197484; -0.2029
113.6; 449279; 404562; -0.199854; -0.199325; -0.202177; -0.201627; -0.204589
113.8; 454888; 408513; -0.203234; -0.202542; -0.203977; -0.203253; -0.203741
114; 460434; 414393; -0.204182; -0.203327; -0.203394; -0.202506; -0.20061
114.2; 467925; 417696; -0.202699; -0.201721; -0.200421; -0.199408; -0.195154
114.4; 477858; 418590; -0.1988; -0.197675; -0.195056; -0.193892; -0.187321
114.6; 487222; 420800; -0.192447; -0.191197; -0.187275; -0.185989; -0.177144
114.8; 494776; 423250; -0.183739; -0.182352; -0.17724; -0.175821; -0.164887
115; 501993; 425688; -0.172875; -0.171344; -0.165239; -0.163682; -0.150971
115.2; 510108; 425212; -0.160206; -0.158603; -0.15168; -0.150052; -0.135956
115.4; 519193; 423214; -0.146208; -0.144517; -0.13705; -0.13534; -0.120275
115.6; 529519; 421688; -0.131219; -0.129604; -0.121696; -0.120053; -0.104381
115.8; 541121; 417907; -0.115797; -0.114122; -0.106142; -0.104438; -0.0885904
116; 553562; 413931; -0.100216; -0.0984144; -0.090653; -0.0888364; -0.0731914
116.2; 565676; 412449; -0.0846442; -0.0829332; -0.0754197; -0.0736967; -0.0585495
116.4; 575752; 411615; -0.0695655; -0.0678653; -0.0609031; -0.0591978; -0.0449442
116.6; 582557; 408216; -0.0552696; -0.0536463; -0.047392; -0.045769; -0.0327709
116.8; 586802; 404200; -0.0422129; -0.0406801; -0.0353406; -0.0338127; -0.0224108
117; 588146; 400232; -0.0307335; -0.0293877; -0.0250582; -0.0237228; -0.0141993
117.2; 586932; 397230; -0.0212778; -0.0200064; -0.0169416; -0.0156895; -0.00830846
117.4; 582060; 395332; -0.0139966; -0.0128445; -0.0111077; -0.00996595; -0.00486974
117.6; 574783; 393270; -0.00901538; -0.00802612; -0.00761215; -0.00665163; -0.00387793
117.8; 566639; 389181; -0.00645517; -0.00560647; -0.00655474; -0.00572868; -0.00530224
118; 555426; 386208; -0.00628934; -0.00562121; -0.00789581; -0.00725405; -0.0091673
118.2; 542108; 384215; -0.008617; -0.00796735; -0.0117244; -0.0110863; -0.0153983
118.4; 528892; 381725; -0.0132847; -0.0127738; -0.0178503; -0.0173766; -0.0239963
118.6; 517300; 379660; -0.0202958; -0.0198948; -0.0262766; -0.0259045; -0.0347759
118.8; 508578; 376913; -0.0295178; -0.0292282; -0.0367705; -0.0365086; -0.0473967
119; 501736; 374754; -0.0407637; -0.0405744; -0.0490658; -0.0489148; -0.061463
119.2; 495545; 376057; -0.0537087; -0.0536027; -0.0628273; -0.0627509; -0.0765729
119.4; 488701; 377536; -0.0679618; -0.0679415; -0.0776495; -0.0776548; -0.0923445
119.6; 479719; 378169; -0.0831148; -0.0831512; -0.0931359; -0.0932028; -0.108395
119.8; 469775; 379123; -0.098777; -0.0988476; -0.108923; -0.109007; -0.124374
120; 459693; 380655; -0.11456; -0.114643; -0.124583; -0.124684; -0.139854
