0.004; 1221.56; 3156.9; 2.36546e-06; 2.7455e-06; 2.35551e-06; 2.72667e-06; 2.71872e-06
0.2; 74561.3; 132943; 0.000865212; -0.000237951; 0.000865686; -0.000258384; 0.00114985
0.4; 369449; 517489; -0.000712279; -4.76366e-05; -0.000679901; -3.9842e-05; 0.000327297
0.6; 625920; 597931; -0.00370702; -0.00338273; -0.00357412; -0.00327879; -0.00201211
0.8; 684136; 461822; -0.0080296; -0.00879763; -0.00829906; -0.00851311; -0.00667372
1; 753530; 455658; -0.0125974; -0.011942; -0.0131146; -0.0127496; -0.012688
1.2; 797029; 537680; -0.0141513; -0.0136751; -0.0160942; -0.0151123; -0.0173762
1.4; 782991; 532718; -0.014109; -0.0130873; -0.0162674; -0.0161608; -0.0197146
1.6; 753385; 519112; -0.0129574; -0.0126162; -0.0161592; -0.0151948; -0.0198267
1.8; 742483; 518021; -0.0135045; -0.0122304; -0.0157747; -0.0150126; -0.0189276
2; 742005; 512868; -0.0153885; -0.0146836; -0.0173689; -0.0163202; -0.0188875
2.2; 733057; 504420; -0.0198416; -0.0190383; -0.0208942; -0.0204667; -0.0214628
2.4; 708658; 515275; -0.0252578; -0.0246996; -0.0264256; -0.0259055; -0.0266618
2.6; 691673; 530140; -0.0305088; -0.0298205; -0.0322337; -0.0314634; -0.0332163
2.8; 691428; 532843; -0.0343391; -0.0335291; -0.0367301; -0.0360248; -0.0391849
3; 707285; 535377; -0.036614; -0.0358041; -0.0397192; -0.0388811; -0.0433976
3.2; 724624; 533712; -0.0383218; -0.0374454; -0.0416833; -0.0408151; -0.0459946
3.4; 737338; 530637; -0.040808; -0.0397831; -0.0440099; -0.0430192; -0.0480423
3.6; 738240; 526796; -0.0447864; -0.0438644; -0.0476497; -0.0466997; -0.0509756
3.8; 719015; 526416; -0.0503857; -0.0495874; -0.0529236; -0.0521281; -0.0556153
4; 686566; 532175; -0.0568361; -0.0561065; -0.0592872; -0.0586015; -0.0617628
4.2; 657761; 533501; -0.062879; -0.0622514; -0.0655526; -0.0649323; -0.0683311
4.4; 644741; 530485; -0.0678048; -0.0671527; -0.0708119; -0.0701745; -0.0742009
4.6; 647709; 526596; -0.0715581; -0.0708355; -0.0748409; -0.0741751; -0.0788381
4.8; 656650; 523947; -0.0748421; -0.074065; -0.0782853; -0.0775273; -0.0826017
5; 663406; 522074; -0.0787249; -0.0778916; -0.08214; -0.0813197; -0.0864581
5.2; 662850; 521591; -0.0838686; -0.0830529; -0.0871268; -0.0863467; -0.0911918
5.4; 652913; 522681; -0.0902253; -0.0894765; -0.0933419; -0.0926143; -0.0970997
5.6; 636249; 524727; -0.0970723; -0.0963817; -0.100122; -0.0994618; -0.10369
5.8; 620796; 524662; -0.103467; -0.102826; -0.106545; -0.10594; -0.110108
6; 612786; 522654; -0.108762; -0.108137; -0.111931; -0.111334; -0.115639
6.2; 610349; 518925; -0.113018; -0.112368; -0.116266; -0.115648; -0.120159
6.4; 608365; 514224; -0.11689; -0.116203; -0.120169; -0.11952; -0.124203
6.6; 604726; 509509; -0.121236; -0.12047; -0.124476; -0.123746; -0.128477
6.8; 598737; 507621; -0.126475; -0.125711; -0.129615; -0.128886; -0.133473
7; 591993; 509312; -0.132562; -0.131823; -0.135574; -0.134873; -0.139194
7.2; 586543; 512211; -0.138873; -0.13819; -0.141772; -0.141127; -0.145151
7.4; 583318; 513821; -0.144684; -0.144027; -0.147509; -0.146892; -0.150708
7.6; 581295; 513008; -0.149519; -0.148891; -0.152311; -0.15172; -0.155434
7.8; 578356; 509436; -0.153454; -0.152803; -0.156226; -0.155614; -0.15934
8; 572872; 503877; -0.156978; -0.156301; -0.159714; -0.159078; -0.16283
8.2; 565258; 498908; -0.160742; -0.160003; -0.163399; -0.1627; -0.166424
8.4; 557482; 497231; -0.165068; -0.164318; -0.167595; -0.166886; -0.170438
8.6; 552097; 498798; -0.16989; -0.169141; -0.17225; -0.171544; -0.174803
8.8; 550639; 501664; -0.174763; -0.174041; -0.176944; -0.176265; -0.179159
9; 551661; 504038; -0.179148; -0.178449; -0.181172; -0.180516; -0.183072
9.2; 551913; 503642; -0.182691; -0.182006; -0.184602; -0.183959; -0.186288
9.4; 549488; 500319; -0.185442; -0.184748; -0.187278; -0.186626; -0.188848
9.6; 544072; 495231; -0.18776; -0.187044; -0.189525; -0.188852; -0.191023
9.8; 536921; 490483; -0.190091; -0.189329; -0.191756; -0.191036; -0.193127
10; 530966; 489130; -0.192688; -0.191895; -0.194197; -0.193447; -0.19534
10.2; 528329; 490836; -0.195525; -0.194718; -0.196828; -0.196065; -0.197622
10.4; 528937; 493487; -0.198303; -0.197505; -0.199378; -0.198625; -0.199763
10.6; 530982; 495540; -0.200641; -0.199849; -0.201514; -0.200763; -0.201511
10.8; 531854; 495050; -0.202264; -0.201484; -0.202983; -0.202247; -0.202704
11; 529967; 492000; -0.20318; -0.202398; -0.203803; -0.203061; -0.203362
11.2; 525840; 487441; -0.203639; -0.202841; -0.204179; -0.203423; -0.20364
11.4; 521411; 483393; -0.20397; -0.203122; -0.204402; -0.203593; -0.203706
11.6; 518190; 481824; -0.204361; -0.203488; -0.204627; -0.203795; -0.203687
11.8; 517250; 482924; -0.204835; -0.203944; -0.204883; -0.204032; -0.20358
12; 518708; 485335; -0.205211; -0.204304; -0.205018; -0.20415; -0.203283
12.2; 521137; 487104; -0.20521; -0.204307; -0.204801; -0.203936; -0.202672
12.4; 522292; 486459; -0.204637; -0.203736; -0.204068; -0.203204; -0.201648
12.6; 521176; 483590; -0.203454; -0.202546; -0.202784; -0.201912; -0.200193
12.8; 519174; 479684; -0.20181; -0.200882; -0.201065; -0.200173; -0.198367
13; 517310; 475993; -0.199932; -0.198979; -0.1991; -0.198178; -0.196281
13.2; 516126; 474165; -0.198011; -0.197051; -0.197047; -0.196111; -0.194034
13.4; 516573; 474182; -0.196135; -0.195138; -0.194975; -0.194016; -0.191649
13.6; 518504; 475378; -0.194181; -0.193164; -0.192806; -0.19182; -0.189092
13.8; 520552; 476858; -0.191958; -0.19094; -0.19038; -0.189393; -0.186306
14; 521898; 477011; -0.189303; -0.188286; -0.187576; -0.186589; -0.183232
14.2; 522163; 475232; -0.18615; -0.18513; -0.184336; -0.183345; -0.17984
14.4; 521691; 471996; -0.182586; -0.181554; -0.180724; -0.179721; -0.17616
14.6; 521300; 468330; -0.178793; -0.177745; -0.176882; -0.175857; -0.172253
14.8; 521626; 465942; -0.174941; -0.173873; -0.172943; -0.171902; -0.168193
15; 522971; 465377; -0.171116; -0.170034; -0.168989; -0.167929; -0.164029
15.2; 525114; 466139; -0.167283; -0.166185; -0.164995; -0.16392; -0.159759
15.4; 527390; 467187; -0.163303; -0.1622; -0.16086; -0.159781; -0.155349
15.6; 529499; 467394; -0.159043; -0.157941; -0.15649; -0.15541; -0.150776
15.8; 531312; 465934; -0.154439; -0.153336; -0.151833; -0.150752; -0.146025
16; 532775; 463085; -0.149531; -0.148425; -0.146921; -0.145834; -0.141109
16.2; 533889; 459760; -0.144453; -0.143339; -0.141852; -0.140756; -0.136067
16.4; 535240; 457340; -0.139353; -0.138228; -0.136739; -0.135631; -0.13095
16.6; 537374; 456302; -0.134327; -0.133185; -0.13166; -0.130535; -0.125789
16.8; 540115; 456467; -0.129366; -0.128229; -0.126618; -0.125491; -0.120605
17; 543184; 457150; -0.124406; -0.123261; -0.12157; -0.120437; -0.115399
17.2; 546383; 457319; -0.119331; -0.118186; -0.116438; -0.115306; -0.110161
17.4; 549577; 456626; -0.114077; -0.112934; -0.111179; -0.110049; -0.104886
17.6; 552521; 454679; -0.108655; -0.107518; -0.105804; -0.104676; -0.0995874
17.8; 555082; 451894; -0.103159; -0.102025; -0.10038; -0.0992522; -0.0942913
18; 557557; 449530; -0.0977132; -0.0965663; -0.0949985; -0.0938588; -0.0890251
18.2; 560467; 448021; -0.0924007; -0.0912487; -0.0897209; -0.088575; -0.083812
18.4; 563880; 447579; -0.087251; -0.0860996; -0.0845744; -0.0834268; -0.0786704
18.6; 567747; 447922; -0.0822181; -0.0810841; -0.0795358; -0.0783976; -0.0736138
18.8; 571878; 448248; -0.07723; -0.0761182; -0.0745553; -0.0734399; -0.0686473
19; 575911; 447937; -0.0722407; -0.0711306; -0.0696153; -0.0685009; -0.0637779
19.2; 579499; 446535; -0.0672339; -0.0661296; -0.0647042; -0.0635946; -0.0590227
19.4; 582661; 444509; -0.0622628; -0.0611696; -0.0598595; -0.0587601; -0.0543965
19.6; 585682; 442705; -0.0574244; -0.056328; -0.0551554; -0.054042; -0.0499051
19.8; 588848; 441444; -0.0527911; -0.0516977; -0.0506297; -0.0495171; -0.0455625
20; 592418; 440961; -0.048401; -0.0473177; -0.0463084; -0.045221; -0.0413818
20.2; 596336; 441111; -0.044243; -0.0431662; -0.0422148; -0.0411222; -0.0373748
20.4; 600277; 441578; -0.0402593; -0.03919; -0.0382953; -0.0372169; -0.033563
20.6; 603831; 441738; -0.0363948; -0.0353438; -0.0345325; -0.0334689; -0.0299629
20.8; 606928; 441125; -0.0326476; -0.0316028; -0.0309229; -0.0298686; -0.0265821
21; 609705; 439811; -0.0290389; -0.0280086; -0.0274824; -0.0264383; -0.0234209
21.2; 612234; 438369; -0.0256395; -0.0246226; -0.0242512; -0.0232225; -0.0204802
21.4; 614661; 437435; -0.0225144; -0.0215035; -0.021278; -0.0202538; -0.0177604
21.6; 617237; 437170; -0.0196868; -0.0186906; -0.018576; -0.017566; -0.0152707
21.8; 619948; 437490; -0.0171567; -0.0161684; -0.0161542; -0.0151531; -0.0130256
22; 622505; 437989; -0.0148802; -0.0139084; -0.0139914; -0.0130052; -0.0110469
22.2; 624724; 438171; -0.0128224; -0.0118612; -0.012069; -0.0110948; -0.00934534
22.4; 626555; 437880; -0.0109564; -0.0100135; -0.0103689; -0.00941299; -0.00792235
22.6; 627959; 437110; -0.00930869; -0.00837934; -0.00890745; -0.00796456; -0.0067719
22.8; 629079; 436151; -0.00792178; -0.00700875; -0.0077072; -0.0067808; -0.00588856
23; 630001; 435382; -0.0068433; -0.0059432; -0.00679876; -0.00588549; -0.00526625
23.2; 630794; 435284; -0.00609364; -0.00520751; -0.00619636; -0.00529697; -0.00490983
23.4; 631497; 435642; -0.00566515; -0.00479136; -0.00589885; -0.00501303; -0.00482983
23.6; 632087; 436231; -0.00552231; -0.00466246; -0.00588826; -0.00501659; -0.00503572
23.8; 632543; 436496; -0.00563398; -0.0047827; -0.00614655; -0.00528387; -0.00553202
24; 632741; 436425; -0.0059683; -0.00514514; -0.0066481; -0.00581274; -0.00631825
24.2; 632621; 436071; -0.00655291; -0.00574134; -0.00741243; -0.0065896; -0.0073823
24.4; 632024; 435482; -0.00740676; -0.00661261; -0.00844443; -0.00764028; -0.00871831
24.6; 630929; 435071; -0.00856643; -0.00778748; -0.00976586; -0.00897747; -0.0103125
24.8; 629653; 435050; -0.0100411; -0.00927721; -0.0113803; -0.0106068; -0.0121593
25; 628361; 435624; -0.0118112; -0.0110601; -0.0132751; -0.0125155; -0.0142629
25.2; 626974; 436159; -0.0138444; -0.0131073; -0.0154298; -0.0146848; -0.0166186
25.4; 625472; 436432; -0.0161126; -0.0153916; -0.0178261; -0.0170985; -0.0192277
25.6; 623833; 436542; -0.0186037; -0.0178978; -0.0204571; -0.0197457; -0.022096
25.8; 621946; 436379; -0.0213174; -0.0206231; -0.0233186; -0.0226191; -0.025204
26; 619731; 436047; -0.0242586; -0.0235795; -0.0264051; -0.0257214; -0.0285375
26.2; 617411; 436046; -0.0274452; -0.0267801; -0.0297244; -0.0290551; -0.0320814
26.4; 614905; 436304; -0.030882; -0.0302277; -0.0332739; -0.0326169; -0.0358217
26.6; 612048; 436625; -0.0345541; -0.0339111; -0.0370515; -0.0363836; -0.039744
26.8; 609015; 437158; -0.0384323; -0.0377984; -0.0410119; -0.0403556; -0.0438409
27; 605970; 437754; -0.0424843; -0.0418649; -0.0451492; -0.0445001; -0.048112
27.2; 602854; 438065; -0.0466951; -0.046083; -0.049444; -0.0488069; -0.052551
27.4; 599518; 438092; -0.0510481; -0.0504458; -0.053888; -0.0532634; -0.0571523
27.6; 595928; 438285; -0.0555486; -0.0549564; -0.0584785; -0.0578669; -0.0618985
27.8; 592199; 438562; -0.0602221; -0.0595942; -0.0632134; -0.0626033; -0.0667634
28; 588563; 438766; -0.0650049; -0.0644194; -0.06807; -0.0674761; -0.0717295
28.2; 584890; 438948; -0.069933; -0.069365; -0.0730419; -0.0724615; -0.076775
28.4; 580984; 439442; -0.0749944; -0.0743929; -0.0781152; -0.0775329; -0.0818861
28.6; 576816; 440113; -0.0801084; -0.0795246; -0.0832571; -0.0826805; -0.0870645
28.8; 572514; 440576; -0.085288; -0.0847041; -0.0884527; -0.0878849; -0.0922943
29; 568228; 440695; -0.090507; -0.0899251; -0.0936936; -0.0931279; -0.0975718
29.2; 563924; 440702; -0.0957584; -0.0951837; -0.0989664; -0.0984053; -0.10288
29.4; 559534; 440839; -0.101048; -0.100471; -0.104264; -0.103708; -0.1082
29.6; 555185; 441059; -0.106358; -0.105787; -0.109573; -0.10902; -0.113505
29.8; 551041; 441379; -0.111686; -0.111111; -0.114879; -0.114325; -0.118777
30; 546859; 441888; -0.117002; -0.116426; -0.120159; -0.119605; -0.123995
30.2; 542637; 442305; -0.122282; -0.121712; -0.125392; -0.124845; -0.129153
30.4; 538395; 442627; -0.127509; -0.126933; -0.130566; -0.130019; -0.134244
30.6; 534332; 442782; -0.132653; -0.132096; -0.135661; -0.13513; -0.139267
30.8; 530423; 442900; -0.137736; -0.137151; -0.14069; -0.140138; -0.1442
31; 526596; 443027; -0.142707; -0.142131; -0.145606; -0.145062; -0.149031
31.2; 522817; 443031; -0.147583; -0.146999; -0.150414; -0.149864; -0.153727
31.4; 519199; 443161; -0.152343; -0.151754; -0.155091; -0.154538; -0.158268
31.6; 515719; 443262; -0.156977; -0.156385; -0.159629; -0.159071; -0.162645
31.8; 512235; 443504; -0.161468; -0.160873; -0.16401; -0.163457; -0.166853
32; 508766; 443786; -0.165805; -0.165197; -0.168238; -0.167667; -0.170889
32.2; 505482; 443913; -0.169958; -0.169341; -0.172279; -0.171699; -0.174741
32.4; 502508; 443892; -0.173913; -0.17329; -0.176121; -0.175537; -0.178398
32.6; 499752; 443661; -0.177667; -0.177036; -0.179759; -0.179171; -0.181849
32.8; 497303; 443416; -0.18122; -0.180573; -0.183196; -0.182583; -0.185076
33; 495013; 443156; -0.184557; -0.183904; -0.186399; -0.185789; -0.188071
33.2; 492733; 443136; -0.18768; -0.187016; -0.189387; -0.18876; -0.190825
33.4; 490517; 443100; -0.190575; -0.189899; -0.192134; -0.191499; -0.19333
33.6; 488448; 442939; -0.193226; -0.192539; -0.194635; -0.193987; -0.195578
33.8; 486476; 442571; -0.195619; -0.194918; -0.196876; -0.196214; -0.197564
34; 484870; 442234; -0.197741; -0.19703; -0.198848; -0.198178; -0.199289
34.2; 483649; 441886; -0.199596; -0.198872; -0.200556; -0.19987; -0.200748
34.4; 482483; 441527; -0.201186; -0.20045; -0.201994; -0.201298; -0.201936
34.6; 481251; 441203; -0.202511; -0.201766; -0.203165; -0.202457; -0.202849
34.8; 480105; 440780; -0.203578; -0.202806; -0.20407; -0.203336; -0.203477
35; 479217; 440334; -0.204353; -0.203573; -0.20468; -0.203937; -0.203815
35.2; 478677; 439923; -0.204841; -0.204044; -0.205003; -0.204242; -0.203859
35.4; 478260; 439601; -0.205034; -0.204224; -0.205033; -0.204259; -0.203617
35.6; 477861; 439150; -0.204937; -0.204111; -0.204779; -0.203989; -0.203101
35.8; 477471; 438418; -0.204558; -0.203722; -0.204247; -0.203445; -0.202314
36; 477189; 437759; -0.20391; -0.203054; -0.203445; -0.202624; -0.201253
36.2; 477044; 437331; -0.202981; -0.202113; -0.202362; -0.201528; -0.199913
36.4; 476977; 436895; -0.201776; -0.200893; -0.200999; -0.200149; -0.198286
36.6; 477171; 436406; -0.200294; -0.199396; -0.199359; -0.198493; -0.19638
36.8; 477488; 435765; -0.198533; -0.197622; -0.197444; -0.196565; -0.194207
37; 477761; 435075; -0.196502; -0.195576; -0.195267; -0.194373; -0.191786
37.2; 478135; 434467; -0.19421; -0.193271; -0.192839; -0.19193; -0.189131
37.4; 478592; 433740; -0.191667; -0.190716; -0.190167; -0.189245; -0.186243
37.6; 479168; 432952; -0.188884; -0.187919; -0.187258; -0.186323; -0.183126
37.8; 479981; 432137; -0.185864; -0.184887; -0.184113; -0.183165; -0.179771
38; 480994; 431469; -0.182618; -0.181629; -0.180743; -0.179781; -0.176192
38.2; 482050; 430775; -0.179152; -0.178151; -0.177155; -0.176181; -0.172403
38.4; 483034; 429969; -0.175475; -0.174463; -0.173366; -0.172379; -0.168423
38.6; 483989; 429211; -0.171597; -0.170575; -0.169385; -0.168388; -0.16427
38.8; 485173; 428357; -0.16753; -0.166497; -0.165224; -0.164216; -0.159954
39; 486640; 427435; -0.163284; -0.162243; -0.160894; -0.159876; -0.155483
39.2; 488304; 426523; -0.158877; -0.157826; -0.156409; -0.155381; -0.150868
39.4; 490124; 425584; -0.154321; -0.153263; -0.151782; -0.150745; -0.14612
39.6; 492091; 424759; -0.14963; -0.148565; -0.147024; -0.145979; -0.14125
39.8; 494090; 423948; -0.144817; -0.143745; -0.14215; -0.141098; -0.136274
40; 496140; 423122; -0.139892; -0.138814; -0.137173; -0.136113; -0.131208
40.2; 498317; 422182; -0.134864; -0.133785; -0.132103; -0.131039; -0.126068
40.4; 500691; 421235; -0.129753; -0.128667; -0.126959; -0.12589; -0.12087
40.6; 503156; 420307; -0.124569; -0.123482; -0.121744; -0.120693; -0.115632
40.8; 505745; 419286; -0.119317; -0.118258; -0.116498; -0.115438; -0.110365
41; 508463; 418178; -0.114051; -0.112972; -0.111218; -0.110156; -0.105076
41.2; 511458; 417197; -0.10875; -0.107678; -0.105926; -0.104858; -0.0997878
41.4; 514734; 416238; -0.10345; -0.102377; -0.100634; -0.0995674; -0.0945129
41.6; 518086; 415293; -0.0981622; -0.0970823; -0.0953636; -0.0942921; -0.0892695
41.8; 521418; 414518; -0.0928894; -0.091815; -0.0901232; -0.089047; -0.084073
42; 524828; 413804; -0.0876541; -0.0865754; -0.0849206; -0.0838487; -0.0789339
42.2; 528162; 412981; -0.0824609; -0.0813872; -0.0797785; -0.0787009; -0.073865
42.4; 531610; 412068; -0.0773302; -0.0762595; -0.0746983; -0.0736304; -0.0688788
42.6; 535256; 411194; -0.0722796; -0.0712127; -0.0697113; -0.068642; -0.0639914
42.8; 538889; 410499; -0.0673272; -0.0662653; -0.0648273; -0.0637622; -0.059221
43; 542492; 409911; -0.0624871; -0.0614297; -0.0600627; -0.0590018; -0.054581
43.2; 545970; 409263; -0.057769; -0.0567182; -0.0554286; -0.0543715; -0.050084
43.4; 549456; 408571; -0.0531841; -0.0521379; -0.050933; -0.0498816; -0.0457375
43.6; 553105; 408015; -0.0487389; -0.047701; -0.0465865; -0.0455403; -0.0415524
43.8; 556684; 407499; -0.0444488; -0.0434197; -0.0424008; -0.0413641; -0.0375429
44; 560108; 407107; -0.0403332; -0.0393113; -0.0383969; -0.0373658; -0.0337223
44.2; 563420; 406619; -0.0364041; -0.0353929; -0.034584; -0.0335628; -0.0301029
44.4; 566610; 406206; -0.0326736; -0.0316718; -0.0309743; -0.0299622; -0.0266938
44.6; 569648; 405888; -0.029147; -0.0281578; -0.0275737; -0.026573; -0.0235024
44.8; 572571; 405606; -0.0258351; -0.0248574; -0.024391; -0.0234022; -0.0205355
45; 575396; 405321; -0.0227415; -0.0217743; -0.0214321; -0.0204522; -0.0177975
45.2; 578065; 405066; -0.0198704; -0.0189165; -0.0187002; -0.0177346; -0.0153001
45.4; 580558; 404772; -0.0172371; -0.0162949; -0.0162126; -0.0152571; -0.0130528
45.6; 582818; 404500; -0.0148516; -0.0139234; -0.0139755; -0.0130348; -0.0110649
45.8; 584867; 404368; -0.0127226; -0.0118063; -0.0119982; -0.0110698; -0.00934013
46; 586747; 404162; -0.0108561; -0.00995284; -0.0102852; -0.00936898; -0.00788179
46.2; 588502; 404006; -0.00925515; -0.00836701; -0.00883766; -0.00793709; -0.00669094
46.4; 590045; 403930; -0.00792133; -0.00704927; -0.00765858; -0.00677448; -0.0057707
46.6; 591289; 403880; -0.00686137; -0.00600072; -0.00675426; -0.00588162; -0.00512396
46.8; 592279; 403808; -0.00607194; -0.00522812; -0.00612271; -0.00526661; -0.00475707
47; 593033; 403822; -0.00556065; -0.00473048; -0.00577037; -0.00492882; -0.0046696
47.2; 593548; 403818; -0.00532772; -0.00451347; -0.00569686; -0.00487156; -0.00486344
47.4; 593931; 403820; -0.00537569; -0.00457527; -0.00590448; -0.00509289; -0.00533688
47.6; 594130; 403861; -0.00570348; -0.00491854; -0.00638997; -0.00559448; -0.00608616
47.8; 594114; 404062; -0.00631256; -0.00554307; -0.00715454; -0.00637514; -0.00711102
48; 593899; 404160; -0.00719924; -0.00644494; -0.00819523; -0.00743106; -0.00840877
48.2; 593440; 404160; -0.00836103; -0.00762101; -0.00950873; -0.00875954; -0.00997633
48.4; 592738; 404240; -0.00979616; -0.00907011; -0.0110924; -0.0103575; -0.0118079
48.6; 591805; 404591; -0.011494; -0.0107834; -0.0129373; -0.0122185; -0.0138998
48.8; 590693; 404756; -0.0134543; -0.0127575; -0.0150418; -0.0143376; -0.0162459
49; 589423; 404762; -0.0156745; -0.0149904; -0.0174025; -0.0167118; -0.0188427
49.2; 588004; 404935; -0.0181476; -0.0174787; -0.020012; -0.0193369; -0.0216809
49.4; 586480; 405289; -0.0208703; -0.0202152; -0.0228653; -0.0222049; -0.0247528
49.6; 584775; 405554; -0.0238331; -0.0231909; -0.0259526; -0.025306; -0.0280496
49.8; 582870; 405770; -0.0270267; -0.0263971; -0.0292656; -0.0286323; -0.0315628
50; 580825; 406082; -0.0304406; -0.0298236; -0.0327941; -0.0321743; -0.0352845
50.2; 578546; 406513; -0.0340634; -0.0334574; -0.0365264; -0.0359183; -0.0392005
50.4; 575974; 406867; -0.0378856; -0.0372906; -0.0404527; -0.0398563; -0.0433023
50.6; 573254; 407179; -0.041896; -0.0413123; -0.0445601; -0.0439764; -0.0475744
50.8; 570630; 407501; -0.0460862; -0.0455119; -0.0488398; -0.0482665; -0.0520046
51; 567892; 407876; -0.0504451; -0.0498804; -0.0532806; -0.0527178; -0.0565837
51.2; 564903; 408320; -0.0549622; -0.0544062; -0.0578721; -0.0573192; -0.0613005
51.4; 561754; 408737; -0.0596249; -0.0590763; -0.062605; -0.0620544; -0.0661445
51.6; 558650; 409167; -0.0644278; -0.0638621; -0.0674726; -0.066896; -0.0710937
51.8; 555494; 409659; -0.0693382; -0.0687659; -0.0724081; -0.0718795; -0.0761387
52; 552205; 410103; -0.0743414; -0.0737787; -0.0774764; -0.0769162; -0.0812612
52.2; 548867; 410533; -0.0794336; -0.0788781; -0.0826003; -0.082056; -0.0864517
52.4; 545375; 411058; -0.0846029; -0.0840501; -0.087793; -0.0872586; -0.0916917
52.6; 541544; 411753; -0.0898334; -0.0892853; -0.0930481; -0.0925044; -0.0969693
52.8; 537568; 412314; -0.0951143; -0.0945648; -0.0983281; -0.0978003; -0.102269
53; 533609; 412685; -0.100419; -0.0998767; -0.103635; -0.103105; -0.107569
53.2; 529666; 413178; -0.105742; -0.105195; -0.108944; -0.108415; -0.112858
53.4; 525768; 413668; -0.111054; -0.110512; -0.114236; -0.113716; -0.118125
53.6; 521968; 414189; -0.11635; -0.115806; -0.11951; -0.118983; -0.123355
53.8; 518274; 414715; -0.121612; -0.121068; -0.124739; -0.124218; -0.128536
54; 514523; 415199; -0.126834; -0.126292; -0.129922; -0.129403; -0.133657
54.2; 510757; 415590; -0.132004; -0.131456; -0.135043; -0.13452; -0.138697
54.4; 507156; 416038; -0.137098; -0.136551; -0.140078; -0.139557; -0.143637
54.6; 503684; 416580; -0.142102; -0.141551; -0.145014; -0.144489; -0.148458
54.8; 500166; 417131; -0.147001; -0.146448; -0.149833; -0.149312; -0.153152
55; 496757; 417510; -0.151777; -0.151217; -0.154529; -0.153993; -0.157703
55.2; 493480; 417818; -0.156416; -0.155851; -0.159072; -0.158545; -0.162105
55.4; 490303; 418140; -0.160909; -0.16034; -0.163475; -0.162933; -0.166345
55.6; 487166; 418569; -0.165249; -0.164669; -0.167707; -0.167169; -0.170414
55.8; 484230; 418837; -0.169416; -0.168833; -0.171774; -0.171219; -0.174295
56; 481386; 419049; -0.173407; -0.172806; -0.175643; -0.175081; -0.177972
56.2; 478815; 419221; -0.177191; -0.17659; -0.179308; -0.178739; -0.181433
56.4; 476569; 419410; -0.180774; -0.180159; -0.182761; -0.182182; -0.184672
56.6; 474449; 419646; -0.184141; -0.183517; -0.185995; -0.185408; -0.187685
56.8; 472162; 419732; -0.187285; -0.186651; -0.189005; -0.188405; -0.190468
57; 469892; 419749; -0.190198; -0.189551; -0.191776; -0.191169; -0.19301
57.2; 468167; 419762; -0.192865; -0.192208; -0.194303; -0.19368; -0.195295
57.4; 466748; 419784; -0.195282; -0.194611; -0.196568; -0.195937; -0.197313
57.6; 465358; 419834; -0.19744; -0.196759; -0.198576; -0.197929; -0.199065
57.8; 464018; 419732; -0.199336; -0.198639; -0.200315; -0.199657; -0.200546
58; 462712; 419644; -0.200962; -0.200254; -0.201785; -0.201113; -0.201753
58.2; 461524; 419496; -0.202319; -0.201596; -0.202983; -0.202295; -0.202684
58.4; 460640; 419374; -0.203399; -0.202659; -0.203902; -0.203199; -0.203334
58.6; 460010; 419268; -0.204193; -0.203441; -0.204537; -0.20382; -0.203702
58.8; 459500; 419016; -0.204706; -0.203939; -0.204889; -0.204157; -0.203786
59; 459011; 418734; -0.204934; -0.204153; -0.204958; -0.204211; -0.203588
59.2; 458682; 418423; -0.204881; -0.204085; -0.204745; -0.203982; -0.203106
59.4; 458314; 418067; -0.204546; -0.203734; -0.204249; -0.203471; -0.202341
59.6; 457949; 417767; -0.203925; -0.203099; -0.203469; -0.202676; -0.201296
59.8; 457924; 417430; -0.203023; -0.202182; -0.20241; -0.201601; -0.199972
60; 457987; 417114; -0.201838; -0.200983; -0.201069; -0.200246; -0.198372
60.2; 458246; 416707; -0.200375; -0.199505; -0.199455; -0.198617; -0.196504
60.4; 458522; 416263; -0.19864; -0.197757; -0.197572; -0.19672; -0.194373
60.6; 458741; 415834; -0.196643; -0.195745; -0.19543; -0.194562; -0.19199
60.8; 459097; 415364; -0.194386; -0.193473; -0.193031; -0.192149; -0.189354
61; 459627; 414736; -0.191875; -0.19095; -0.190384; -0.189487; -0.186477
61.2; 460217; 414228; -0.189118; -0.188179; -0.187494; -0.186583; -0.183364
61.4; 460955; 413729; -0.186122; -0.18517; -0.184369; -0.183445; -0.180025
61.6; 461781; 413115; -0.182893; -0.18193; -0.181019; -0.180083; -0.176472
61.8; 462758; 412522; -0.179444; -0.178469; -0.177453; -0.176505; -0.172712
62; 463824; 411806; -0.175785; -0.174799; -0.173685; -0.172725; -0.16876
62.2; 464938; 411062; -0.17193; -0.170933; -0.169726; -0.168754; -0.164629
62.4; 466119; 410284; -0.167886; -0.166879; -0.165587; -0.164604; -0.16033
62.6; 467491; 409689; -0.163663; -0.162647; -0.161276; -0.160283; -0.155869
62.8; 469089; 408953; -0.159276; -0.158251; -0.156806; -0.155803; -0.151262
63; 470801; 408158; -0.154736; -0.153703; -0.152191; -0.151179; -0.14652
63.2; 472587; 407331; -0.150055; -0.149014; -0.147443; -0.146423; -0.141659
63.4; 474519; 406601; -0.145248; -0.144201; -0.142577; -0.14155; -0.136696
63.6; 476592; 405890; -0.140331; -0.139278; -0.137607; -0.136578; -0.131644
63.8; 478804; 405014; -0.135315; -0.13426; -0.132539; -0.131528; -0.12652
64; 481156; 404120; -0.130203; -0.129171; -0.127412; -0.126388; -0.121335
64.2; 483624; 403249; -0.125035; -0.123993; -0.122214; -0.12119; -0.116099
64.4; 486239; 402337; -0.119802; -0.118763; -0.116972; -0.115938; -0.110826
64.6; 488993; 401314; -0.114533; -0.113485; -0.111692; -0.110656; -0.105535
64.8; 491923; 400385; -0.109236; -0.108187; -0.106398; -0.105359; -0.100245
65; 494977; 399547; -0.103933; -0.102881; -0.101109; -0.100062; -0.094972
65.2; 498169; 398763; -0.0986399; -0.0975871; -0.0958321; -0.0947902; -0.0897302
65.4; 501567; 397874; -0.0933677; -0.0923173; -0.0905918; -0.0895436; -0.0845329
65.6; 505124; 397027; -0.0881301; -0.0870796; -0.0853883; -0.084344; -0.0793918
65.8; 508752; 396368; -0.0829362; -0.0818876; -0.0802399; -0.079194; -0.0743145
66; 512203; 395642; -0.0778035; -0.0767588; -0.0751606; -0.0741163; -0.0693227
66.2; 515438; 394847; -0.0727485; -0.0717046; -0.0701657; -0.0691229; -0.0644283
66.4; 519023; 394187; -0.0677813; -0.066745; -0.0652674; -0.0642291; -0.0596426
66.6; 522728; 393594; -0.062923; -0.0618879; -0.0604826; -0.0594464; -0.0549798
66.8; 526316; 393004; -0.0581883; -0.0571626; -0.0558317; -0.0548013; -0.0504656
67; 529836; 392343; -0.0535908; -0.0525677; -0.0513241; -0.0502969; -0.0461065
67.2; 533313; 391866; -0.049133; -0.0481185; -0.0469648; -0.0459434; -0.0419096
67.4; 536733; 391477; -0.0448322; -0.043826; -0.0427673; -0.0417551; -0.0378851
67.6; 540115; 390917; -0.0407014; -0.0397026; -0.0387469; -0.0377403; -0.0340463
67.8; 543501; 390551; -0.0367494; -0.0357614; -0.0349094; -0.0339125; -0.0303992
68; 546615; 390316; -0.0329948; -0.0320157; -0.0312734; -0.0302854; -0.0269602
68.2; 549371; 389936; -0.0294451; -0.0284777; -0.0278486; -0.0268705; -0.0237416
68.4; 552208; 389668; -0.0261062; -0.0251484; -0.0246385; -0.0236713; -0.0207474
68.6; 555099; 389458; -0.0229848; -0.0220412; -0.021653; -0.0206977; -0.0179866
68.8; 557761; 389165; -0.020095; -0.019162; -0.0189023; -0.0179586; -0.015468
69; 560248; 388920; -0.0174412; -0.0165214; -0.0163932; -0.0154617; -0.0131995
69.2; 562582; 388793; -0.0150312; -0.0141246; -0.0141313; -0.0132131; -0.0111849
69.4; 564700; 388618; -0.0128761; -0.0119818; -0.0121264; -0.0112207; -0.00943012
69.6; 566594; 388487; -0.0109803; -0.0101016; -0.0103826; -0.00949212; -0.00794055
69.8; 568259; 388404; -0.00935172; -0.00848457; -0.0089071; -0.00802882; -0.0067196
70; 569752; 388337; -0.00798865; -0.00713678; -0.00769902; -0.00683577; -0.00577022
70.2; 571104; 388289; -0.00689503; -0.006058; -0.00676216; -0.00591353; -0.00509455
70.4; 572216; 388263; -0.00607555; -0.00525149; -0.00610127; -0.00526671; -0.00469832
70.6; 573129; 388193; -0.0055311; -0.00472282; -0.0057178; -0.00489845; -0.00458398
70.8; 573821; 388216; -0.0052665; -0.00447124; -0.00561472; -0.00480916; -0.00475026
71; 574318; 388247; -0.00528271; -0.00450439; -0.00579125; -0.00500267; -0.00519536
71.2; 574633; 388368; -0.00558252; -0.00481818; -0.00624849; -0.00547436; -0.00591571
71.4; 574695; 388507; -0.00616213; -0.00541245; -0.00698267; -0.00622381; -0.00690821
71.6; 574573; 388656; -0.00701877; -0.00628427; -0.00799152; -0.00724808; -0.00817153
71.8; 574250; 388802; -0.00814981; -0.00743051; -0.00927343; -0.00854557; -0.00970561
72; 573677; 389005; -0.00955149; -0.00884694; -0.0108258; -0.0101133; -0.0115105
72.2; 572910; 389234; -0.011219; -0.0105288; -0.0126433; -0.0119458; -0.0135797
72.4; 572023; 389232; -0.0131519; -0.0124741; -0.0147227; -0.014038; -0.0159035
72.6; 570952; 389287; -0.0153434; -0.0146808; -0.0170556; -0.0163869; -0.0184746
72.8; 569737; 389626; -0.0177875; -0.017138; -0.0196366; -0.0189813; -0.0212844
73; 568474; 389965; -0.0204804; -0.0198437; -0.0224603; -0.0218188; -0.0243274
73.2; 567024; 390078; -0.0234168; -0.0227926; -0.0255225; -0.0248942; -0.0276008
73.4; 565245; 390303; -0.0265851; -0.0259732; -0.0288111; -0.0281957; -0.0310904
73.6; 563278; 390828; -0.0299736; -0.0293753; -0.0323152; -0.0317146; -0.0347907
73.8; 561289; 391307; -0.0335747; -0.0329863; -0.0360269; -0.0354362; -0.0386865
74; 559141; 391557; -0.0373766; -0.0367996; -0.0399328; -0.0393548; -0.0427684
74.2; 556825; 391775; -0.0413673; -0.0408027; -0.0440223; -0.0434578; -0.0470257
74.4; 554371; 392415; -0.0455377; -0.0449821; -0.0482839; -0.0477292; -0.0514409
74.6; 551831; 392969; -0.0498788; -0.0493324; -0.0527085; -0.052164; -0.0560061
74.8; 549093; 393179; -0.054378; -0.0538405; -0.0572828; -0.056748; -0.0607073
75; 546235; 393546; -0.0590237; -0.0584937; -0.0619964; -0.0614704; -0.0655362
75.2; 543303; 394146; -0.0638007; -0.0632742; -0.0668457; -0.0663005; -0.0704739
75.4; 540401; 394802; -0.0687145; -0.0681494; -0.0717926; -0.0712505; -0.0755058
75.6; 537376; 395247; -0.0736985; -0.0731609; -0.0768349; -0.0762941; -0.0806231
75.8; 534346; 395608; -0.0787916; -0.0782437; -0.0819543; -0.081425; -0.0858074
76; 531122; 396133; -0.0839489; -0.083413; -0.0871435; -0.0866199; -0.091046
76.2; 527730; 396895; -0.0891713; -0.0886425; -0.0923889; -0.0918673; -0.0963245
76.4; 524072; 397699; -0.094447; -0.0939137; -0.0976672; -0.0971557; -0.101623
76.6; 520397; 398214; -0.0997501; -0.0992251; -0.102976; -0.10246; -0.106927
76.8; 516740; 398722; -0.105072; -0.104547; -0.108282; -0.107776; -0.112219
77; 513187; 399330; -0.110391; -0.109864; -0.113583; -0.113074; -0.117487
77.2; 509572; 399978; -0.11569; -0.115167; -0.118859; -0.118353; -0.122723
77.4; 505877; 400512; -0.120963; -0.120435; -0.124097; -0.123593; -0.127912
77.6; 502321; 401045; -0.126189; -0.125664; -0.129288; -0.128782; -0.133039
77.8; 498817; 401600; -0.131361; -0.130831; -0.134411; -0.133904; -0.138086
78; 495357; 402235; -0.13646; -0.135928; -0.139453; -0.138946; -0.143034
78.2; 491919; 402743; -0.141475; -0.140942; -0.144401; -0.143893; -0.147873
78.4; 488642; 403270; -0.146388; -0.145853; -0.149236; -0.148731; -0.152584
78.6; 485432; 403846; -0.151184; -0.150642; -0.153948; -0.153437; -0.157157
78.8; 482044; 404467; -0.155847; -0.155294; -0.158523; -0.157999; -0.161579
79; 478703; 404952; -0.160354; -0.1598; -0.162935; -0.16241; -0.165834
79.2; 475803; 405256; -0.164704; -0.164142; -0.167181; -0.166655; -0.169914
79.4; 473157; 405565; -0.168888; -0.168322; -0.171258; -0.170724; -0.173811
79.6; 470421; 406043; -0.172901; -0.172323; -0.175155; -0.174612; -0.177516
79.8; 467693; 406458; -0.176722; -0.176135; -0.178857; -0.178302; -0.181015
80; 465336; 406738; -0.180336; -0.179738; -0.182341; -0.181779; -0.184286
80.2; 463313; 407036; -0.183727; -0.183121; -0.185601; -0.185029; -0.187326
80.4; 461370; 407283; -0.186893; -0.186273; -0.18863; -0.188047; -0.190127
80.6; 459470; 407456; -0.189823; -0.189194; -0.191421; -0.190827; -0.192686
80.8; 457480; 407510; -0.192518; -0.191876; -0.193972; -0.193368; -0.194999
81; 455785; 407610; -0.194966; -0.194313; -0.196273; -0.195656; -0.197052
81.2; 454539; 407730; -0.197158; -0.196491; -0.198313; -0.197683; -0.198839
81.4; 453418; 407856; -0.199086; -0.198407; -0.200087; -0.199444; -0.200355
81.6; 452359; 407899; -0.200747; -0.200052; -0.201592; -0.200932; -0.201596
81.8; 451330; 407806; -0.202131; -0.201424; -0.202818; -0.202146; -0.20256
82; 450273; 407760; -0.203239; -0.202516; -0.203768; -0.203079; -0.203243
82.2; 449486; 407665; -0.204066; -0.203328; -0.204434; -0.203731; -0.203642
82.4; 449020; 407595; -0.204611; -0.203861; -0.204817; -0.204101; -0.203753
82.6; 448615; 407514; -0.204876; -0.204111; -0.204919; -0.204188; -0.203582
82.8; 448250; 407321; -0.20486; -0.204078; -0.20474; -0.203993; -0.203131
83; 448008; 407072; -0.204558; -0.203762; -0.204279; -0.203516; -0.202402
83.2; 447886; 406834; -0.20397; -0.203161; -0.203534; -0.202757; -0.201394
83.4; 447825; 406570; -0.203099; -0.202274; -0.202508; -0.201715; -0.200108
83.6; 447770; 406261; -0.201948; -0.201108; -0.201201; -0.200393; -0.198541
83.8; 447838; 405997; -0.200518; -0.199664; -0.199617; -0.198794; -0.1967
84; 448081; 405723; -0.198815; -0.197947; -0.197761; -0.196924; -0.194587
84.2; 448404; 405448; -0.196847; -0.195965; -0.195644; -0.194792; -0.192221
84.4; 448804; 404998; -0.19462; -0.193724; -0.193274; -0.192408; -0.189612
84.6; 449307; 404499; -0.19214; -0.19123; -0.190657; -0.189777; -0.186766
84.8; 449921; 403975; -0.189409; -0.188486; -0.187797; -0.186903; -0.18369
85; 450710; 403512; -0.186439; -0.185503; -0.184703; -0.183795; -0.180388
85.2; 451479; 403039; -0.183237; -0.182289; -0.18138; -0.18046; -0.176863
85.4; 452403; 402426; -0.179813; -0.178854; -0.177837; -0.176905; -0.173122
85.6; 453459; 401817; -0.176178; -0.175208; -0.174087; -0.173142; -0.169178
85.8; 454483; 401292; -0.172345; -0.171362; -0.170146; -0.169188; -0.165055
86; 455553; 400660; -0.168323; -0.167331; -0.166026; -0.165058; -0.16077
86.2; 456843; 399985; -0.164123; -0.16312; -0.161736; -0.160757; -0.156331
86.4; 458405; 399288; -0.159753; -0.158742; -0.157285; -0.156297; -0.151746
86.6; 460167; 398583; -0.155228; -0.154209; -0.152688; -0.151691; -0.147026
86.8; 462033; 397853; -0.150562; -0.149536; -0.147956; -0.146951; -0.142185
87; 463940; 397083; -0.145769; -0.144736; -0.143103; -0.142091; -0.137231
87.2; 465968; 396432; -0.140865; -0.139825; -0.138138; -0.137134; -0.132186
87.4; 468071; 395647; -0.135851; -0.134829; -0.133082; -0.132087; -0.127062
87.6; 470235; 394753; -0.130757; -0.129743; -0.127959; -0.126958; -0.12188
87.8; 472625; 393942; -0.125595; -0.124574; -0.122776; -0.12176; -0.11665
88; 475231; 393111; -0.120374; -0.119342; -0.117531; -0.116521; -0.111382
88.2; 477960; 392136; -0.115102; -0.114073; -0.112261; -0.111236; -0.106097
88.4; 480951; 391143; -0.109809; -0.108772; -0.106966; -0.105942; -0.100808
88.6; 484108; 390297; -0.104506; -0.103469; -0.101674; -0.100649; -0.0955344
88.8; 487400; 389543; -0.0992112; -0.0981765; -0.0964024; -0.0953713; -0.0902924
89; 490730; 388811; -0.0939418; -0.0929002; -0.0911548; -0.090125; -0.0850889
89.2; 494092; 388014; -0.0886977; -0.0876655; -0.0859495; -0.0849189; -0.0799385
89.4; 497425; 387315; -0.0835036; -0.0824663; -0.0807954; -0.0797636; -0.0748541
89.6; 500844; 386652; -0.0783594; -0.0773286; -0.0757029; -0.074676; -0.0698474
89.8; 504449; 385862; -0.0732893; -0.0722615; -0.070695; -0.0696653; -0.064936
90; 508035; 385205; -0.0683121; -0.0672859; -0.0657824; -0.0647602; -0.0601382
90.2; 511626; 384612; -0.0634411; -0.0624227; -0.0609912; -0.0599676; -0.0554691
90.4; 515090; 384036; -0.0586947; -0.0576795; -0.056324; -0.0553095; -0.0509414
90.6; 518532; 383477; -0.0540802; -0.053072; -0.0518016; -0.0507874; -0.0465643
90.8; 522143; 382950; -0.0496099; -0.0486088; -0.0474256; -0.0464206; -0.042349
91; 525759; 382537; -0.0452942; -0.0443; -0.0432129; -0.0422125; -0.0383045
91.2; 529165; 382184; -0.0411418; -0.0401562; -0.0391695; -0.0381764; -0.0344411
91.4; 532266; 381770; -0.037167; -0.0361891; -0.0353092; -0.0343249; -0.0307729
91.6; 535314; 381364; -0.0333819; -0.0324156; -0.0316463; -0.0306697; -0.0273093
91.8; 538409; 381032; -0.0298027; -0.0288466; -0.0281901; -0.0272267; -0.0240623
92; 541329; 380795; -0.0264409; -0.0254965; -0.0249587; -0.0240032; -0.0210436
92.2; 544072; 380584; -0.0233001; -0.0223657; -0.0219507; -0.0210073; -0.0182588
92.4; 546575; 380336; -0.0203836; -0.0194643; -0.0191742; -0.0182438; -0.0157149
92.6; 549029; 380140; -0.0177067; -0.0167975; -0.0166396; -0.0157195; -0.0134163
92.8; 551428; 380002; -0.0152686; -0.0143734; -0.0143473; -0.0134418; -0.0113687
93; 553564; 379822; -0.0130794; -0.0121975; -0.0123086; -0.0114153; -0.0095794
93.2; 555478; 379705; -0.0111493; -0.0102799; -0.0105308; -0.00965141; -0.00805715
93.4; 557274; 379554; -0.00948366; -0.00862951; -0.00902058; -0.00815502; -0.00680474
93.6; 558849; 379480; -0.00808875; -0.00724819; -0.00778141; -0.00693064; -0.00582644
93.8; 560179; 379430; -0.00696693; -0.00613973; -0.00681726; -0.00597933; -0.00512459
94; 561339; 379399; -0.00611812; -0.00530649; -0.00612652; -0.00530409; -0.00469746
94.2; 562309; 379476; -0.00554424; -0.00474636; -0.00571136; -0.00490374; -0.00454787
94.4; 563089; 379417; -0.00524738; -0.00446294; -0.00557386; -0.00477968; -0.00467609
94.6; 563685; 379448; -0.00522566; -0.00445791; -0.00571206; -0.00493419; -0.00508127
94.8; 564045; 379563; -0.00548766; -0.00473381; -0.00613219; -0.00536969; -0.00576664
95; 564161; 379681; -0.00603008; -0.00529191; -0.00683142; -0.00608445; -0.00672811
95.2; 564113; 379827; -0.00685469; -0.00613044; -0.00781071; -0.00707772; -0.00796476
95.4; 563840; 379883; -0.00795445; -0.00724568; -0.00906264; -0.00834582; -0.00947238
95.6; 563356; 380120; -0.00932729; -0.00863212; -0.0105858; -0.00988355; -0.0112472
95.8; 562726; 380456; -0.0109666; -0.0102869; -0.012374; -0.0116872; -0.0132846
96; 561914; 380551; -0.0128678; -0.012202; -0.0144211; -0.0137487; -0.0155763
96.2; 560912; 380662; -0.0150273; -0.0143748; -0.0167218; -0.016063; -0.0181128
96.4; 559832; 380840; -0.0174401; -0.0168003; -0.0192719; -0.0186272; -0.0208938
96.6; 558609; 381088; -0.0201024; -0.0194766; -0.0220671; -0.0214366; -0.023912
96.8; 557181; 381378; -0.023011; -0.0223961; -0.0251031; -0.0244839; -0.0271602
97; 555429; 381652; -0.0261514; -0.0255504; -0.0283659; -0.0277613; -0.0306294
97.2; 553659; 382063; -0.0295167; -0.0289266; -0.0318472; -0.0312544; -0.0343049
97.4; 551849; 382454; -0.0330926; -0.0325143; -0.0355327; -0.0349526; -0.0381746
97.6; 549845; 382764; -0.0368689; -0.0363015; -0.0394132; -0.0388447; -0.0422316
97.8; 547643; 383209; -0.040836; -0.0402799; -0.0434784; -0.0429224; -0.0464617
98; 545330; 383759; -0.0449842; -0.044438; -0.0477197; -0.0471739; -0.0508602
98.2; 542903; 384136; -0.0493057; -0.0487685; -0.052127; -0.0515913; -0.0554117
98.4; 540371; 384404; -0.0537898; -0.0532608; -0.0566893; -0.0561629; -0.0601067
98.6; 537731; 384913; -0.058417; -0.057897; -0.0613863; -0.0608702; -0.064923
98.8; 535017; 385556; -0.0631783; -0.062664; -0.066214; -0.065694; -0.0698472
99; 532086; 386071; -0.0680723; -0.0675346; -0.0711583; -0.0706215; -0.0748675
99.2; 529275; 386574; -0.0730591; -0.0725228; -0.0761881; -0.075658; -0.0799734
99.4; 526445; 387073; -0.0781345; -0.0775988; -0.0812945; -0.0807783; -0.0851484
99.6; 523325; 387713; -0.0832839; -0.0827588; -0.0864821; -0.0859603; -0.0903805
99.8; 519847; 388342; -0.0885037; -0.0879825; -0.091717; -0.0912135; -0.0956611
100; 516497; 389013; -0.093773; -0.0932539; -0.0970009; -0.0964954; -0.100963
100.2; 513202; 389815; -0.0990717; -0.0985551; -0.102302; -0.101796; -0.106264
100.4; 509613; 390526; -0.104391; -0.103875; -0.107607; -0.107112; -0.111558
100.6; 505970; 390968; -0.109712; -0.109201; -0.112914; -0.112416; -0.116833
100.8; 502603; 391509; -0.11502; -0.114501; -0.118194; -0.117696; -0.122072
101; 499242; 392334; -0.120289; -0.119778; -0.123433; -0.122941; -0.127263
101.2; 495653; 392993; -0.125527; -0.12501; -0.128634; -0.128136; -0.1324
101.4; 492110; 393440; -0.130707; -0.130188; -0.133766; -0.133272; -0.137461
101.6; 488919; 394034; -0.135814; -0.135294; -0.13882; -0.138321; -0.142422
101.8; 485617; 394835; -0.140839; -0.140312; -0.143777; -0.143276; -0.147271
102; 482003; 395444; -0.145762; -0.145235; -0.148626; -0.148124; -0.151997
102.2; 478589; 395878; -0.15057; -0.150038; -0.15335; -0.152845; -0.156582
102.4; 475645; 396460; -0.155247; -0.154706; -0.157936; -0.157423; -0.161016
102.6; 472737; 397159; -0.159778; -0.159237; -0.16237; -0.16186; -0.165295
102.8; 469696; 397640; -0.16416; -0.163607; -0.166653; -0.166131; -0.169408
103; 466803; 397983; -0.16837; -0.167809; -0.170757; -0.170229; -0.173338
103.2; 464225; 398437; -0.172397; -0.17183; -0.174673; -0.174137; -0.177067
103.4; 461860; 398894; -0.176236; -0.175658; -0.17839; -0.177847; -0.180586
103.6; 459634; 399223; -0.179869; -0.179284; -0.181898; -0.181346; -0.183882
103.8; 457465; 399583; -0.183293; -0.182696; -0.185188; -0.184625; -0.186948
104; 455138; 400024; -0.186493; -0.185887; -0.18825; -0.187678; -0.189781
104.2; 453109; 400245; -0.18946; -0.18884; -0.191076; -0.190492; -0.192372
104.4; 451617; 400350; -0.192182; -0.191552; -0.193654; -0.19306; -0.194711
104.6; 450175; 400569; -0.194658; -0.194014; -0.195983; -0.195376; -0.196795
104.8; 448664; 400832; -0.196877; -0.196221; -0.198055; -0.197435; -0.198619
105; 447325; 400888; -0.198838; -0.19817; -0.199863; -0.199231; -0.200173
105.2; 446122; 400876; -0.200535; -0.19985; -0.201403; -0.200752; -0.201447
105.4; 445190; 401017; -0.201955; -0.201258; -0.202662; -0.202; -0.202438
105.6; 444411; 401162; -0.203099; -0.202387; -0.203644; -0.202967; -0.203147
105.8; 443697; 401241; -0.203964; -0.203238; -0.204346; -0.203654; -0.203576
106; 443053; 401080; -0.204546; -0.203806; -0.204766; -0.20406; -0.203726
106.2; 442603; 400992; -0.204843; -0.204089; -0.204903; -0.204182; -0.203595
106.4; 442209; 400928; -0.204856; -0.204086; -0.204757; -0.20402; -0.203183
106.6; 441797; 400720; -0.204585; -0.2038; -0.204327; -0.203575; -0.202487
106.8; 441684; 400494; -0.204031; -0.203231; -0.203614; -0.202846; -0.201506
107; 441718; 400302; -0.203195; -0.20238; -0.202618; -0.201835; -0.200244
107.2; 441785; 400134; -0.202079; -0.201249; -0.201345; -0.200546; -0.198707
107.4; 441893; 399891; -0.200684; -0.19984; -0.199796; -0.198984; -0.196902
107.6; 442114; 399682; -0.199016; -0.198159; -0.197979; -0.197152; -0.194834
107.8; 442342; 399432; -0.197081; -0.19621; -0.195898; -0.195056; -0.192508
108; 442773; 399009; -0.194885; -0.193998; -0.193559; -0.192701; -0.189929
108.2; 443233; 398516; -0.192431; -0.191532; -0.190967; -0.190097; -0.187109
108.4; 443833; 398111; -0.189729; -0.188816; -0.188132; -0.187248; -0.18405
108.6; 444586; 397724; -0.186786; -0.18586; -0.18506; -0.184162; -0.180763
108.8; 445433; 397236; -0.183612; -0.182674; -0.181762; -0.180851; -0.177258
109; 446260; 396668; -0.180218; -0.179268; -0.17825; -0.177326; -0.173548
109.2; 447157; 396124; -0.176612; -0.175652; -0.174532; -0.173598; -0.169642
109.4; 448244; 395619; -0.172803; -0.171831; -0.170618; -0.16967; -0.16555
109.6; 449474; 395083; -0.168801; -0.167819; -0.166516; -0.165558; -0.161282
109.8; 450830; 394315; -0.164619; -0.163626; -0.162243; -0.161273; -0.156856
110; 452176; 393555; -0.160269; -0.159265; -0.15781; -0.15683; -0.152284
110.2; 453747; 392970; -0.155759; -0.154749; -0.153225; -0.152236; -0.147571
110.4; 455401; 392428; -0.15111; -0.150089; -0.148506; -0.147506; -0.142737
110.6; 457216; 391600; -0.146332; -0.145308; -0.143666; -0.142663; -0.137794
110.8; 459328; 390745; -0.141443; -0.140412; -0.13871; -0.137727; -0.132763
111; 461457; 390105; -0.13644; -0.135426; -0.133674; -0.132682; -0.127652
111.2; 463720; 389466; -0.131356; -0.130351; -0.128558; -0.127568; -0.122481
111.4; 466074; 388488; -0.126206; -0.125191; -0.123386; -0.12238; -0.117262
111.6; 468724; 387680; -0.120988; -0.119967; -0.118146; -0.117144; -0.111998
111.8; 471587; 386826; -0.115722; -0.114698; -0.112877; -0.111861; -0.106709
112; 474426; 385929; -0.11043; -0.109404; -0.107583; -0.10657; -0.101419
112.2; 477307; 384985; -0.105131; -0.104102; -0.102294; -0.101276; -0.0961441
112.4; 480476; 384125; -0.0998324; -0.0988055; -0.0970162; -0.0959946; -0.090896
112.6; 483913; 383490; -0.0945559; -0.0935235; -0.0917613; -0.0907404; -0.0856823
112.8; 487310; 382862; -0.0893076; -0.0882825; -0.0865506; -0.0855281; -0.0805268
113; 490593; 381942; -0.0841088; -0.0830803; -0.0813918; -0.0803702; -0.0754371
113.2; 494263; 381176; -0.0789575; -0.0779352; -0.0762931; -0.0752737; -0.0704237
113.4; 497855; 380752; -0.0738807; -0.072859; -0.0712749; -0.0702546; -0.0655009
113.6; 501111; 380108; -0.0688932; -0.0678754; -0.0663543; -0.0653372; -0.0606902
113.8; 504516; 379232; -0.0640073; -0.0629945; -0.0615435; -0.0605292; -0.0560032
114; 508329; 378703; -0.0592393; -0.0582331; -0.0568554; -0.0558485; -0.0514494
114.2; 511967; 378397; -0.054607; -0.053605; -0.052312; -0.0513059; -0.0470501
114.4; 515353; 377797; -0.0501203; -0.0491241; -0.0479211; -0.0469202; -0.0428167
114.6; 518722; 377113; -0.0457812; -0.044795; -0.0436856; -0.0426933; -0.038754
114.8; 522244; 376813; -0.04161; -0.0406309; -0.0396218; -0.0386379; -0.0348713
115; 525553; 376572; -0.0376183; -0.0366501; -0.0357458; -0.0347692; -0.0311834
115.2; 528663; 376122; -0.0338166; -0.0328558; -0.0320621; -0.0310948; -0.0276984
115.4; 531776; 375769; -0.0302141; -0.0292659; -0.0285836; -0.0276263; -0.0244249
115.6; 534571; 375593; -0.0268226; -0.0258821; -0.0253201; -0.0243708; -0.0213727
115.8; 537335; 375353; -0.023645; -0.0227202; -0.0222768; -0.0213424; -0.0185551
116; 540092; 375075; -0.0206986; -0.0197827; -0.0194695; -0.0185435; -0.0159773
116.2; 542575; 374905; -0.01799; -0.017089; -0.0169043; -0.0159935; -0.0136532
116.4; 544658; 374725; -0.015526; -0.0146365; -0.0145883; -0.0136878; -0.0115815
116.6; 546673; 374523; -0.0133113; -0.0124362; -0.0125222; -0.0116373; -0.00976584
116.8; 548766; 374355; -0.0113533; -0.0104903; -0.0107148; -0.00984129; -0.00820749
117; 550650; 374362; -0.0096536; -0.00880538; -0.00916762; -0.00830893; -0.00691555
117.2; 552251; 374350; -0.00822251; -0.00738754; -0.0078914; -0.00704652; -0.00589778
117.4; 553637; 374212; -0.00706237; -0.00624234; -0.0068897; -0.0060592; -0.00515982
117.6; 554797; 374136; -0.00617916; -0.00537263; -0.00616623; -0.00534963; -0.00470373
117.8; 555729; 374242; -0.00557137; -0.00477877; -0.00571982; -0.00491721; -0.00452608
118; 556546; 374151; -0.00524057; -0.00446378; -0.00554897; -0.00476269; -0.0046226
118.2; 557213; 374154; -0.00518979; -0.00442678; -0.00565683; -0.00488476; -0.00499651
118.4; 557631; 374327; -0.0054174; -0.00466933; -0.00604215; -0.00528503; -0.00564408
118.6; 557823; 374534; -0.00592691; -0.00519515; -0.00670745; -0.00596737; -0.00657126
118.8; 557785; 374646; -0.00671596; -0.00599802; -0.00765205; -0.00692588; -0.00777535
119; 557535; 374758; -0.0077816; -0.007078; -0.00887118; -0.00815984; -0.00925126
119.2; 557111; 374899; -0.00911888; -0.00843046; -0.0103587; -0.00966303; -0.010991
119.4; 556565; 375243; -0.0107239; -0.0100505; -0.0121122; -0.0114317; -0.0129926
119.6; 555803; 375409; -0.0125926; -0.0119318; -0.0141255; -0.0134583; -0.015248
119.8; 554906; 375474; -0.0147188; -0.0140719; -0.0163938; -0.0157413; -0.0177545
120; 553902; 375622; -0.0171011; -0.0164677; -0.0189153; -0.0182766; -0.020509
