0.004; 1191.88; 3112.1; 2.5501e-06; 2.53819e-06; 2.55928e-06; 2.52492e-06; 2.70919e-06
0.2; 77477.1; 131141; 0.000903648; -0.000323166; 0.000897552; -0.000351043; 0.00110301
0.4; 370261; 504127; -0.000737537; -0.000354275; -0.000830062; -0.000361707; -4.39708e-05
0.6; 617406; 579016; -0.00388409; -0.00409609; -0.00386245; -0.00429372; -0.00310309
0.8; 669225; 439244; -0.00934452; -0.00899144; -0.00977754; -0.0093736; -0.00845757
1; 744597; 439739; -0.0135718; -0.0134629; -0.0145871; -0.0148893; -0.0154659
1.2; 795924; 513207; -0.0161639; -0.0154852; -0.0183301; -0.0179014; -0.0209108
1.4; 771111; 499731; -0.0164249; -0.01626; -0.0199101; -0.0192219; -0.0240254
1.6; 726085; 479102; -0.0165812; -0.0160885; -0.0202146; -0.0194691; -0.0250001
1.8; 711376; 482916; -0.0177656; -0.016679; -0.0208578; -0.0199227; -0.0250143
2; 711906; 480561; -0.020729; -0.0199191; -0.023284; -0.0223179; -0.0259379
2.2; 695750; 462607; -0.0260715; -0.0255834; -0.0277758; -0.0277842; -0.0297033
2.4; 668645; 469351; -0.032867; -0.0323998; -0.0349436; -0.0342829; -0.0364272
2.6; 651825; 480931; -0.0395094; -0.0388346; -0.0420501; -0.04139; -0.0444899
2.8; 651765; 475733; -0.0445724; -0.0440987; -0.0479277; -0.0474434; -0.0519507
3; 665319; 477422; -0.0482994; -0.0476819; -0.0523891; -0.0516385; -0.057626
3.2; 678644; 476000; -0.0514653; -0.0506051; -0.05573; -0.0549733; -0.0616548
3.4; 686524; 472437; -0.0552144; -0.0543764; -0.0594353; -0.0584972; -0.0650517
3.6; 683527; 467149; -0.0606317; -0.0598351; -0.0644198; -0.063628; -0.0693631
3.8; 661158; 462929; -0.0677366; -0.0670481; -0.0711847; -0.0705141; -0.0754329
4; 626221; 464331; -0.0756838; -0.0751105; -0.0790844; -0.0784718; -0.083073
4.2; 598394; 462753; -0.0832839; -0.082739; -0.0868376; -0.086317; -0.0910971
4.4; 587338; 459546; -0.0896461; -0.0891475; -0.09354; -0.093043; -0.0984149
4.6; 587900; 457059; -0.094746; -0.0941726; -0.0989379; -0.0983671; -0.104407
4.8; 592816; 450729; -0.099341; -0.0986894; -0.10365; -0.10302; -0.109442
5; 596130; 446758; -0.104437; -0.103743; -0.108683; -0.107974; -0.114391
5.2; 591440; 444627; -0.11076; -0.11004; -0.114776; -0.114061; -0.120093
5.4; 577910; 444138; -0.118211; -0.117574; -0.12199; -0.121363; -0.126862
5.6; 562813; 445779; -0.126095; -0.125519; -0.129725; -0.12915; -0.134238
5.8; 551803; 445198; -0.133434; -0.13291; -0.137017; -0.136501; -0.141406
6; 545709; 442283; -0.139566; -0.139041; -0.143186; -0.142676; -0.14764
6.2; 542256; 438137; -0.144507; -0.143976; -0.148187; -0.147666; -0.152798
6.4; 539560; 431605; -0.14891; -0.148306; -0.152569; -0.151978; -0.157227
6.6; 534467; 426662; -0.15357; -0.152894; -0.157098; -0.156436; -0.161593
6.8; 526378; 425887; -0.158966; -0.158277; -0.162271; -0.161595; -0.166417
7; 519969; 427314; -0.165067; -0.164407; -0.168093; -0.167448; -0.171743
7.2; 515732; 428140; -0.17127; -0.170649; -0.174044; -0.173437; -0.177209
7.4; 513314; 428772; -0.176837; -0.176249; -0.179422; -0.17885; -0.182214
7.6; 511661; 426966; -0.181247; -0.180671; -0.183725; -0.183158; -0.186308
7.8; 508198; 421979; -0.184524; -0.18392; -0.186935; -0.186346; -0.18944
8; 503784; 415639; -0.187153; -0.186523; -0.189465; -0.188853; -0.191885
8.2; 498808; 411770; -0.189798; -0.189098; -0.191937; -0.191248; -0.194104
8.4; 493105; 410719; -0.192818; -0.192086; -0.19469; -0.193973; -0.196452
8.6; 489728; 412665; -0.196196; -0.195464; -0.197742; -0.197019; -0.198938
8.8; 489788; 416131; -0.199513; -0.198788; -0.200721; -0.200015; -0.20131
9; 490952; 416981; -0.20218; -0.201458; -0.203112; -0.202403; -0.203173
9.2; 491551; 415068; -0.203785; -0.20308; -0.204528; -0.203831; -0.204244
9.4; 489778; 410939; -0.204328; -0.203606; -0.204949; -0.204236; -0.204477
9.6; 486395; 405363; -0.204184; -0.203431; -0.204686; -0.203945; -0.204068
9.8; 482464; 401330; -0.203855; -0.203061; -0.204182; -0.203394; -0.203316
10; 479350; 400739; -0.203685; -0.202838; -0.203742; -0.202906; -0.202457
10.2; 479207; 402757; -0.203668; -0.20281; -0.203391; -0.202538; -0.201541
10.4; 481369; 405400; -0.203545; -0.202657; -0.202914; -0.202033; -0.200428
10.6; 483904; 406832; -0.202846; -0.201968; -0.201918; -0.201045; -0.198889
10.8; 484961; 405501; -0.201258; -0.20038; -0.200123; -0.199251; -0.196722
11; 484360; 401689; -0.198735; -0.197851; -0.197479; -0.1966; -0.193879
11.2; 482439; 396188; -0.195548; -0.194672; -0.194203; -0.193329; -0.190504
11.4; 480125; 392053; -0.192142; -0.191195; -0.19068; -0.189727; -0.186794
11.6; 479460; 391191; -0.188774; -0.187799; -0.187106; -0.186147; -0.182935
11.8; 481218; 392305; -0.185527; -0.184558; -0.183608; -0.182614; -0.178982
12; 484177; 394232; -0.182263; -0.181223; -0.180029; -0.178994; -0.174865
12.2; 486945; 395632; -0.178571; -0.177541; -0.176081; -0.175053; -0.170455
12.4; 488872; 394505; -0.174232; -0.173201; -0.171576; -0.170545; -0.165645
12.6; 489637; 390941; -0.169171; -0.168141; -0.166448; -0.165415; -0.160403
12.8; 488978; 386502; -0.163588; -0.162545; -0.160851; -0.159804; -0.154797
13; 487782; 382480; -0.1578; -0.156748; -0.155037; -0.153979; -0.148974
13.2; 488021; 380325; -0.152118; -0.151025; -0.149265; -0.14817; -0.143069
13.4; 490345; 380230; -0.146626; -0.145524; -0.14361; -0.142506; -0.137153
13.6; 493554; 381255; -0.141225; -0.140119; -0.138017; -0.136902; -0.131221
13.8; 496575; 382392; -0.135667; -0.134551; -0.132295; -0.131173; -0.125202
14; 499335; 381913; -0.129725; -0.128616; -0.126274; -0.125159; -0.11903
14.2; 501471; 378937; -0.123335; -0.122233; -0.119903; -0.118794; -0.112683
14.4; 502676; 374719; -0.116617; -0.115527; -0.113276; -0.112173; -0.106217
14.6; 503459; 370648; -0.109851; -0.10875; -0.106602; -0.105492; -0.0997171
14.8; 504836; 368113; -0.103282; -0.102161; -0.100081; -0.0989495; -0.0932857
15; 507326; 367099; -0.0970266; -0.0959019; -0.0938053; -0.092668; -0.0869848
15.2; 510636; 367521; -0.0910386; -0.0899238; -0.0877587; -0.0866261; -0.0808316
15.4; 514223; 368366; -0.0851415; -0.0840425; -0.0818163; -0.0807023; -0.0748087
15.6; 518039; 367739; -0.0791615; -0.0780653; -0.0758576; -0.0747491; -0.0688711
15.8; 521677; 365708; -0.0730124; -0.0719324; -0.0698222; -0.0687273; -0.0630165
16; 524485; 362395; -0.0667715; -0.0657078; -0.0637714; -0.0626862; -0.0572817
16.2; 526880; 358589; -0.0606456; -0.0595765; -0.057853; -0.056767; -0.0517206
16.4; 529307; 355823; -0.0548334; -0.0537718; -0.0522198; -0.0511404; -0.0463989
16.6; 531877; 354393; -0.0494704; -0.0484149; -0.0469745; -0.0459001; -0.0413563
16.8; 534937; 354335; -0.044537; -0.0434923; -0.0421101; -0.0410454; -0.0366053
17; 538469; 354920; -0.0398941; -0.0388663; -0.0375342; -0.036485; -0.0321328
17.2; 542098; 354557; -0.0353847; -0.0343959; -0.0331464; -0.0321225; -0.0279298
17.4; 545368; 352846; -0.0309513; -0.029992; -0.0289091; -0.0279061; -0.0240087
17.6; 548058; 350210; -0.0266594; -0.0256916; -0.0248671; -0.0238757; -0.0203982
17.8; 550005; 347238; -0.022609; -0.0216844; -0.0211069; -0.020151; -0.0171353
18; 551335; 344503; -0.0190191; -0.0180954; -0.0177754; -0.016826; -0.0142433
18.2; 552703; 343128; -0.0159485; -0.0150498; -0.0149124; -0.0139822; -0.0117296
18.4; 554543; 343208; -0.0133983; -0.0125109; -0.0125122; -0.0115989; -0.00958357
18.6; 556756; 343467; -0.0112532; -0.0103892; -0.0105061; -0.00961269; -0.00779942
18.8; 558803; 343158; -0.00938936; -0.00855151; -0.00881325; -0.00794661; -0.0063883
19; 560099; 341897; -0.00776166; -0.00693009; -0.00741954; -0.00655935; -0.00537306
19.2; 560557; 339945; -0.0063847; -0.00557764; -0.00633399; -0.00549929; -0.00477826
19.4; 560323; 337717; -0.005377; -0.00458343; -0.0056392; -0.00482; -0.00461042
19.6; 559683; 335508; -0.00485189; -0.00407938; -0.00539914; -0.00460168; -0.00485425
19.8; 559105; 334450; -0.00487002; -0.00411731; -0.00564606; -0.00486613; -0.00548348
20; 558806; 334483; -0.00540492; -0.00467115; -0.00635448; -0.00559628; -0.00648252
20.2; 558417; 334746; -0.00636636; -0.00565763; -0.00747226; -0.00673787; -0.00785718
20.4; 557617; 334589; -0.00765966; -0.00697469; -0.00894362; -0.00823113; -0.00962052
20.6; 556300; 333993; -0.00922902; -0.00856429; -0.010736; -0.0100468; -0.0117869
20.8; 554448; 332709; -0.0110873; -0.0104433; -0.0128606; -0.0121911; -0.0143572
21; 552157; 331022; -0.0132931; -0.0126712; -0.015342; -0.0146977; -0.0173088
21.2; 549751; 329666; -0.0159292; -0.0153217; -0.0182251; -0.017597; -0.0206097
21.4; 547402; 328935; -0.019033; -0.0184454; -0.0215198; -0.0209117; -0.024226
21.6; 545063; 328884; -0.0225768; -0.0220102; -0.0252022; -0.0246162; -0.0281401
21.8; 542621; 329405; -0.0264808; -0.0259296; -0.0292253; -0.0286539; -0.0323561
22; 539969; 329608; -0.0306507; -0.0301211; -0.0335263; -0.0329768; -0.0368764
22.2; 536988; 329064; -0.0350375; -0.0345241; -0.0380755; -0.0375422; -0.041697
22.4; 533717; 328313; -0.0396326; -0.0391308; -0.0428605; -0.0423404; -0.0468032
22.6; 530404; 327459; -0.0444663; -0.0439787; -0.0478869; -0.0473841; -0.0521622
22.8; 527287; 326437; -0.0495835; -0.0491078; -0.0531717; -0.0526815; -0.0577312
23; 524161; 325920; -0.0550023; -0.0545382; -0.0587101; -0.0582322; -0.063473
23.2; 520945; 326063; -0.0606913; -0.0602483; -0.0644703; -0.0640133; -0.0693568
23.4; 517726; 326084; -0.0665968; -0.0661642; -0.0704143; -0.0699696; -0.0753653
23.6; 514232; 326317; -0.0726339; -0.07221; -0.0764847; -0.0760487; -0.0814896
23.8; 510322; 326516; -0.0787436; -0.0783259; -0.0826402; -0.0822125; -0.0877235
24; 506160; 326024; -0.0848997; -0.0844836; -0.0888599; -0.0884332; -0.0940478
24.2; 501982; 325273; -0.0911013; -0.0906924; -0.0951272; -0.0947103; -0.100434
24.4; 497861; 324857; -0.0973766; -0.0969703; -0.101451; -0.101037; -0.106843
24.6; 493714; 324497; -0.103735; -0.10333; -0.107821; -0.107409; -0.113234
24.8; 489564; 324244; -0.110157; -0.109754; -0.114211; -0.113801; -0.11957
25; 485349; 324593; -0.116594; -0.116189; -0.120581; -0.120168; -0.125823
25.2; 480961; 325074; -0.122978; -0.122572; -0.126879; -0.126468; -0.131978
25.4; 476183; 325202; -0.129248; -0.12884; -0.133065; -0.132652; -0.138022
25.6; 471386; 325080; -0.135367; -0.134954; -0.139109; -0.138691; -0.143941
25.8; 467085; 324872; -0.141322; -0.140908; -0.144992; -0.144578; -0.149715
26; 462959; 324582; -0.147131; -0.14671; -0.150724; -0.1503; -0.155317
26.2; 458716; 324206; -0.1528; -0.152372; -0.15629; -0.155862; -0.160715
26.4; 454905; 324174; -0.158319; -0.157885; -0.161674; -0.161239; -0.165873
26.6; 451523; 324568; -0.163654; -0.163211; -0.16684; -0.166403; -0.170763
26.8; 447833; 324942; -0.168755; -0.168301; -0.171757; -0.171306; -0.175365
27; 443968; 325106; -0.173566; -0.173097; -0.176379; -0.175913; -0.179668
27.2; 440658; 325193; -0.178043; -0.17757; -0.180672; -0.180206; -0.183663
27.4; 437792; 325162; -0.182192; -0.1817; -0.184648; -0.184159; -0.187342
27.6; 434819; 324755; -0.186015; -0.185512; -0.188294; -0.187797; -0.1907
27.8; 431928; 324438; -0.189529; -0.189015; -0.19162; -0.191111; -0.193713
28; 429793; 324524; -0.192736; -0.192203; -0.194615; -0.19409; -0.196355
28.2; 427972; 324707; -0.195609; -0.19507; -0.197257; -0.196722; -0.198608
28.4; 426140; 324803; -0.198125; -0.197555; -0.199525; -0.198962; -0.200456
28.6; 424170; 324925; -0.200219; -0.199644; -0.201375; -0.200803; -0.201898
28.8; 422626; 324865; -0.201892; -0.201283; -0.20281; -0.202209; -0.202932
29; 421567; 324572; -0.203121; -0.202503; -0.203818; -0.203202; -0.203568
29.2; 420503; 324189; -0.20395; -0.203314; -0.204427; -0.203795; -0.203813
29.4; 419486; 323922; -0.204406; -0.203745; -0.204659; -0.204003; -0.203669
29.6; 418915; 323654; -0.204489; -0.2038; -0.204507; -0.203821; -0.203116
29.8; 418526; 323522; -0.204175; -0.203472; -0.203946; -0.203246; -0.202143
30; 418395; 323533; -0.203456; -0.202729; -0.202977; -0.202252; -0.200748
30.2; 418349; 323493; -0.202301; -0.201556; -0.201578; -0.200835; -0.198943
30.4; 418291; 323034; -0.200717; -0.199949; -0.199766; -0.199; -0.196746
30.6; 418281; 322627; -0.198715; -0.197933; -0.197555; -0.196774; -0.194186
30.8; 418341; 322183; -0.196339; -0.195534; -0.194978; -0.194174; -0.191272
31; 418528; 321567; -0.193609; -0.192789; -0.192048; -0.191229; -0.188008
31.2; 418988; 321169; -0.190542; -0.189703; -0.188777; -0.187939; -0.184396
31.4; 419601; 321006; -0.187132; -0.186275; -0.185163; -0.184306; -0.180435
31.6; 420305; 320589; -0.183374; -0.182501; -0.181206; -0.180334; -0.176145
31.8; 421018; 319916; -0.179272; -0.178384; -0.176921; -0.176032; -0.17155
32; 421683; 319426; -0.174843; -0.17394; -0.172328; -0.171425; -0.166684
32.2; 422314; 318737; -0.170118; -0.169201; -0.167461; -0.166543; -0.161578
32.4; 423103; 317717; -0.165137; -0.164207; -0.162351; -0.161421; -0.156256
32.6; 424284; 316983; -0.159928; -0.158986; -0.157023; -0.156081; -0.150729
32.8; 425755; 316385; -0.154516; -0.153564; -0.151497; -0.150544; -0.145011
33; 427116; 315588; -0.148912; -0.14795; -0.145785; -0.144822; -0.139116
33.2; 428379; 314859; -0.143122; -0.142153; -0.139898; -0.138927; -0.133065
33.4; 429690; 314147; -0.13716; -0.136184; -0.133855; -0.132877; -0.126886
33.6; 431171; 313194; -0.131048; -0.130065; -0.127683; -0.126699; -0.120614
33.8; 432901; 312156; -0.124818; -0.123835; -0.121416; -0.12043; -0.114286
34; 434796; 311158; -0.118514; -0.117527; -0.115093; -0.114103; -0.107931
34.2; 436906; 310093; -0.112172; -0.111178; -0.108745; -0.107749; -0.101574
34.4; 439209; 309108; -0.105816; -0.104823; -0.102395; -0.101399; -0.0952345
34.6; 441705; 308207; -0.0994675; -0.0984735; -0.0960641; -0.0950652; -0.0889288
34.8; 444236; 307200; -0.0931398; -0.0921501; -0.0897661; -0.0887698; -0.0826789
35; 446754; 306169; -0.0868499; -0.0858651; -0.0835211; -0.0825292; -0.0765089
35.2; 449622; 305193; -0.0806199; -0.0796395; -0.0773552; -0.0763663; -0.0704487
35.4; 452646; 304078; -0.0744792; -0.0735038; -0.0712979; -0.0703139; -0.0645313
35.6; 455722; 302845; -0.0684634; -0.0674942; -0.0653831; -0.0644062; -0.058788
35.8; 458849; 301717; -0.0626074; -0.0616452; -0.0596428; -0.0586725; -0.053242
36; 461898; 300713; -0.0569384; -0.0559844; -0.0540994; -0.0531368; -0.0479088
36.2; 464943; 299667; -0.051474; -0.0505317; -0.0487678; -0.0478161; -0.0427999
36.4; 468281; 298690; -0.0462264; -0.0452968; -0.0436605; -0.0427209; -0.0379276
36.6; 471561; 297789; -0.0412072; -0.0402911; -0.0387929; -0.0378662; -0.0333136
36.8; 474583; 296775; -0.0364329; -0.0355316; -0.0341848; -0.0332723; -0.028984
37; 477347; 295694; -0.0319267; -0.0310405; -0.0298603; -0.0289623; -0.0249644
37.2; 479855; 294625; -0.0277132; -0.0268436; -0.0258414; -0.0249595; -0.0212726
37.4; 482497; 293643; -0.023818; -0.0229658; -0.0221488; -0.0212838; -0.0179208
37.6; 485207; 292657; -0.0202601; -0.0194263; -0.0187977; -0.0179506; -0.0149169
37.8; 487709; 291805; -0.0170511; -0.0162368; -0.0157984; -0.0149704; -0.0122694
38; 489899; 291031; -0.0141943; -0.0134044; -0.0131575; -0.0123489; -0.0099862
38.2; 491645; 290209; -0.011691; -0.0109321; -0.0108756; -0.0100933; -0.00807529
38.4; 493147; 289301; -0.00956025; -0.00881056; -0.00896738; -0.00820159; -0.00654416
38.6; 494545; 288470; -0.00780308; -0.00706797; -0.00744528; -0.00668931; -0.00540672
38.8; 495683; 287724; -0.00643685; -0.00571809; -0.00631552; -0.00557824; -0.00467455
39; 496588; 286870; -0.00547556; -0.00477105; -0.00559053; -0.00487464; -0.00435238
39.2; 497283; 286166; -0.00491768; -0.00423846; -0.00527627; -0.00457559; -0.00443524
39.4; 497646; 285628; -0.00477222; -0.00410935; -0.00536352; -0.00468499; -0.00491814
39.6; 497637; 284938; -0.00502718; -0.00438381; -0.00585034; -0.00519027; -0.00579136
39.8; 497493; 284389; -0.0056752; -0.00505352; -0.00672807; -0.00608743; -0.00705137
40; 497139; 283923; -0.00671521; -0.00611086; -0.00799282; -0.0073745; -0.00869786
40.2; 496464; 283410; -0.00814435; -0.0075641; -0.00965074; -0.00905128; -0.0107341
40.4; 495493; 282928; -0.00997253; -0.00940796; -0.011699; -0.0111207; -0.0131572
40.6; 494278; 282513; -0.0121895; -0.0116445; -0.0141339; -0.0135723; -0.0159533
40.8; 492951; 282062; -0.0147873; -0.0142609; -0.0169392; -0.0163989; -0.0191104
41; 491499; 281837; -0.0177486; -0.0172424; -0.0201013; -0.0195801; -0.0226086
41.2; 489909; 281537; -0.0210577; -0.0205669; -0.0236021; -0.0230971; -0.026431
41.4; 488247; 281259; -0.0246996; -0.0242262; -0.0274271; -0.0269407; -0.0305641
41.6; 486339; 280984; -0.028666; -0.0282093; -0.0315707; -0.0310994; -0.0350028
41.8; 484202; 280806; -0.0329452; -0.0325023; -0.0360176; -0.0355621; -0.0397335
42; 482200; 280610; -0.0375247; -0.037096; -0.0407556; -0.0403145; -0.0447389
42.2; 480077; 280452; -0.0423852; -0.0419694; -0.0457615; -0.0453343; -0.0499895
42.4; 477805; 280486; -0.0474989; -0.0470971; -0.0510064; -0.0505938; -0.0554557
42.6; 475809; 280225; -0.0528378; -0.0524506; -0.0564631; -0.0560648; -0.0611119
42.8; 473854; 280297; -0.0583826; -0.0580056; -0.062113; -0.061725; -0.0669396
43; 471530; 280310; -0.0641125; -0.0637472; -0.0679379; -0.0675619; -0.0729271
43.2; 469034; 280008; -0.0700134; -0.0696539; -0.0739218; -0.0735533; -0.0790527
43.4; 466550; 280019; -0.0760629; -0.075709; -0.0800407; -0.0796785; -0.0852897
43.6; 463866; 280299; -0.0822344; -0.0818872; -0.0862657; -0.0859101; -0.0916059
43.8; 461104; 280199; -0.088504; -0.0881598; -0.0925696; -0.0922183; -0.0979685
44; 458248; 280225; -0.0948409; -0.094499; -0.0989232; -0.0985736; -0.104348
44.2; 455093; 280598; -0.101213; -0.100874; -0.105295; -0.104949; -0.11072
44.4; 451593; 280772; -0.107598; -0.107259; -0.111664; -0.111319; -0.117063
44.6; 448033; 280688; -0.113971; -0.11363; -0.118007; -0.11766; -0.123356
44.8; 444775; 280958; -0.120304; -0.119963; -0.124297; -0.12395; -0.129575
45; 441510; 281288; -0.126578; -0.126233; -0.130515; -0.130164; -0.135697
45.2; 438056; 281375; -0.13277; -0.132421; -0.136635; -0.13628; -0.141698
45.4; 434358; 281643; -0.138851; -0.138496; -0.142627; -0.142268; -0.147544
45.6; 430850; 281956; -0.144789; -0.144427; -0.148462; -0.148095; -0.153203
45.8; 427706; 282316; -0.150558; -0.150191; -0.154111; -0.153738; -0.15865
46; 424451; 282520; -0.156136; -0.155762; -0.159554; -0.159178; -0.163872
46.2; 420855; 282811; -0.161502; -0.161119; -0.164777; -0.16439; -0.168853
46.4; 417529; 283182; -0.166634; -0.166244; -0.169752; -0.169363; -0.173572
46.6; 414810; 283383; -0.171515; -0.171116; -0.174468; -0.174069; -0.178013
46.8; 412179; 283717; -0.176129; -0.175714; -0.178906; -0.178493; -0.182155
47; 409446; 284193; -0.180447; -0.180023; -0.183039; -0.182615; -0.185978
47.2; 406676; 284177; -0.184455; -0.184017; -0.18685; -0.186413; -0.189459
47.4; 404411; 284583; -0.188131; -0.187678; -0.190318; -0.189867; -0.19258
47.6; 402500; 284942; -0.191457; -0.190994; -0.193429; -0.192968; -0.195332
47.8; 400545; 285088; -0.194428; -0.193948; -0.196178; -0.1957; -0.197709
48; 398626; 285383; -0.197029; -0.196533; -0.198554; -0.198061; -0.199708
48.2; 396743; 285548; -0.199252; -0.198742; -0.200549; -0.20004; -0.20132
48.4; 395420; 285747; -0.20109; -0.200558; -0.202152; -0.201624; -0.202531
48.6; 394501; 285655; -0.202527; -0.201979; -0.203354; -0.202807; -0.203335
48.8; 393521; 286126; -0.203564; -0.202992; -0.204151; -0.203582; -0.203728
49; 392593; 286364; -0.204191; -0.2036; -0.204538; -0.203947; -0.203708
49.2; 391831; 286133; -0.204411; -0.2038; -0.204514; -0.203904; -0.203276
49.4; 391171; 286449; -0.204221; -0.203588; -0.204083; -0.203451; -0.202436
49.6; 390636; 286552; -0.20362; -0.202967; -0.203242; -0.20259; -0.201193
49.8; 390492; 286417; -0.20261; -0.201936; -0.201997; -0.201324; -0.199551
50; 390453; 286491; -0.201195; -0.200503; -0.200353; -0.19966; -0.197522
50.2; 390409; 286299; -0.199386; -0.198674; -0.198319; -0.197606; -0.195109
50.4; 390481; 286513; -0.197187; -0.196458; -0.195901; -0.195171; -0.192323
50.6; 390578; 286194; -0.19461; -0.193862; -0.19311; -0.192361; -0.189172
50.8; 390852; 286106; -0.191664; -0.190899; -0.189955; -0.189189; -0.185665
51; 391211; 286201; -0.188358; -0.187576; -0.186447; -0.185664; -0.181817
51.2; 391594; 285972; -0.184706; -0.183906; -0.182601; -0.181801; -0.177646
51.4; 391851; 285360; -0.180719; -0.179904; -0.178433; -0.177617; -0.173172
51.6; 392461; 285584; -0.176415; -0.175585; -0.173959; -0.173128; -0.168412
51.8; 393288; 284837; -0.171818; -0.170976; -0.169205; -0.168361; -0.163393
52; 394019; 284245; -0.166955; -0.166099; -0.164197; -0.163339; -0.158142
52.2; 394769; 284178; -0.161844; -0.160975; -0.158953; -0.158083; -0.152675
52.4; 395745; 283444; -0.156504; -0.155626; -0.153492; -0.152612; -0.14701
52.6; 396884; 283044; -0.150954; -0.150065; -0.147832; -0.146942; -0.141166
52.8; 398061; 282842; -0.145211; -0.144314; -0.141992; -0.141094; -0.135165
53; 399216; 281892; -0.139299; -0.138395; -0.135999; -0.135094; -0.129035
53.2; 400423; 281541; -0.133242; -0.132332; -0.129877; -0.128966; -0.122803
53.4; 401884; 280855; -0.127067; -0.126155; -0.123652; -0.122739; -0.116498
53.6; 403524; 280084; -0.120808; -0.119892; -0.11736; -0.116442; -0.110149
53.8; 405307; 279368; -0.11449; -0.113567; -0.111024; -0.110099; -0.103781
54; 407205; 278733; -0.108133; -0.10721; -0.104665; -0.10374; -0.0974185
54.2; 409215; 278232; -0.101767; -0.10084; -0.0983129; -0.0973828; -0.0910863
54.4; 411503; 277016; -0.0954132; -0.0944867; -0.0919868; -0.0910573; -0.0848073
54.6; 413787; 276343; -0.0890956; -0.0881717; -0.0857138; -0.0847865; -0.0786086
54.8; 416323; 275662; -0.0828406; -0.0819196; -0.0795196; -0.0785938; -0.0725139
55; 419037; 274546; -0.0766745; -0.0757597; -0.0734284; -0.0725093; -0.0665502
55.2; 421740; 274147; -0.0706246; -0.0697164; -0.0674689; -0.0665564; -0.0607434
55.4; 424557; 273031; -0.0647167; -0.0638155; -0.0616652; -0.0607594; -0.0551145
55.6; 427461; 272196; -0.0589712; -0.0580804; -0.0560371; -0.0551413; -0.0496849
55.8; 430354; 271481; -0.0534124; -0.0525304; -0.0506084; -0.0497213; -0.0444747
56; 433138; 270577; -0.0480597; -0.047191; -0.0453982; -0.044524; -0.0395051
56.2; 436135; 269945; -0.0429363; -0.0420796; -0.0404288; -0.0395665; -0.0347948
56.4; 439152; 268878; -0.038063; -0.0372215; -0.0357211; -0.0348734; -0.0303663
56.6; 441991; 268272; -0.0334611; -0.0326338; -0.0312965; -0.0304627; -0.0262398
56.8; 444718; 267510; -0.0291501; -0.028336; -0.0271732; -0.0263523; -0.0224308
57; 447241; 266552; -0.025145; -0.0243495; -0.0233644; -0.0225617; -0.0189537
57.2; 449635; 265943; -0.0214608; -0.0206828; -0.0198841; -0.0190986; -0.0158167
57.4; 452153; 265223; -0.0181095; -0.0173502; -0.0167428; -0.0159756; -0.0130289
57.6; 454508; 264193; -0.0151041; -0.014364; -0.0139538; -0.0132056; -0.0106045
57.8; 456547; 263777; -0.012454; -0.0117354; -0.0115284; -0.0107999; -0.00855586
58; 458299; 262955; -0.0101705; -0.00948404; -0.00947889; -0.00877304; -0.0068939
58.2; 459698; 262142; -0.00827996; -0.00760068; -0.00781385; -0.00713141; -0.00562339
58.4; 460998; 261557; -0.00677423; -0.00610935; -0.00655062; -0.00586917; -0.00474562
58.6; 462288; 261104; -0.00565994; -0.00501349; -0.00566973; -0.00501512; -0.00426749
58.8; 463318; 260179; -0.00494555; -0.00431563; -0.00519524; -0.00455464; -0.00419063
59; 464046; 259299; -0.00463235; -0.00402356; -0.00512214; -0.00449967; -0.00451752
59.2; 464456; 259629; -0.00472401; -0.00413026; -0.00544896; -0.00484786; -0.00524535
59.4; 464624; 258512; -0.00521581; -0.0046443; -0.00617942; -0.00559291; -0.00636713
59.6; 464424; 257971; -0.00610938; -0.00555318; -0.00730122; -0.00673762; -0.00788084
59.8; 464009; 258341; -0.00739495; -0.00686007; -0.00881871; -0.00826988; -0.00977905
60; 463629; 256398; -0.0090757; -0.00855974; -0.0107193; -0.0101946; -0.0120555
60.2; 462959; 257598; -0.0111389; -0.0106433; -0.0130034; -0.0124962; -0.0147078
60.4; 462044; 256387; -0.0135878; -0.0131052; -0.0156636; -0.0151719; -0.0177232
60.6; 460922; 256584; -0.0164027; -0.0159397; -0.0186844; -0.0182119; -0.0210905
60.8; 459681; 256008; -0.0195745; -0.0191261; -0.0220548; -0.0215972; -0.0247938
61; 458410; 255734; -0.023089; -0.0226575; -0.0257592; -0.0253201; -0.0288195
61.2; 456928; 255963; -0.0269342; -0.0265212; -0.0297887; -0.0293652; -0.0331564
61.4; 455314; 255260; -0.0310994; -0.0306981; -0.034125; -0.0337169; -0.037783
61.6; 453805; 255558; -0.0355647; -0.0351799; -0.0387535; -0.0383587; -0.0426829
61.8; 452188; 255523; -0.040316; -0.0399435; -0.0436532; -0.0432734; -0.0478351
62; 450396; 254876; -0.0453318; -0.0449702; -0.0488062; -0.0484369; -0.0532176
62.2; 448544; 255379; -0.0505811; -0.0502341; -0.0541795; -0.0538262; -0.0588019
62.4; 446882; 255516; -0.0560446; -0.0557088; -0.0597548; -0.0594116; -0.0645657
62.6; 445373; 254943; -0.0617029; -0.0613786; -0.0655141; -0.0651812; -0.0704955
62.8; 443612; 255373; -0.0675405; -0.0672202; -0.0714412; -0.0711152; -0.0765772
63; 441672; 255331; -0.0735334; -0.0732205; -0.0775128; -0.0771936; -0.0827806
63.2; 439551; 255175; -0.0796594; -0.0793535; -0.0837003; -0.0833889; -0.0890753
63.4; 437364; 255694; -0.0858946; -0.0855912; -0.0899793; -0.0896702; -0.0954267
63.6; 435238; 255672; -0.0922068; -0.0919094; -0.0963149; -0.0960119; -0.101803
63.8; 432793; 255766; -0.0985707; -0.0982733; -0.102684; -0.102381; -0.10818
64; 430098; 255999; -0.104954; -0.104658; -0.109059; -0.108756; -0.114538
64.2; 427382; 256118; -0.111336; -0.111039; -0.115417; -0.115115; -0.120858
64.4; 424508; 256595; -0.117692; -0.117391; -0.121738; -0.121432; -0.12712
64.6; 421423; 256833; -0.123995; -0.123692; -0.127992; -0.127684; -0.133293
64.8; 418603; 256813; -0.130224; -0.129916; -0.134157; -0.133842; -0.139347
65; 415929; 257287; -0.136351; -0.136037; -0.140201; -0.139881; -0.145253
65.2; 413075; 257796; -0.142349; -0.142028; -0.146099; -0.145774; -0.150984
65.4; 410017; 257919; -0.148191; -0.147863; -0.151826; -0.151493; -0.156517
65.6; 406720; 258356; -0.153849; -0.153514; -0.157356; -0.157017; -0.161832
65.8; 403820; 258840; -0.159301; -0.158959; -0.162667; -0.162322; -0.166909
66; 401187; 258775; -0.164528; -0.164177; -0.167744; -0.16739; -0.171734
66.2; 398561; 259397; -0.16951; -0.169148; -0.172565; -0.172202; -0.176287
66.4; 395862; 259787; -0.174229; -0.17386; -0.177113; -0.176742; -0.18055
66.6; 393212; 259888; -0.178669; -0.178288; -0.18137; -0.180989; -0.184501
66.8; 391055; 260676; -0.182806; -0.182413; -0.185311; -0.184919; -0.188117
67; 389085; 260837; -0.18662; -0.186213; -0.18892; -0.188512; -0.191378
67.2; 387030; 261117; -0.190092; -0.189671; -0.192177; -0.191756; -0.194275
67.4; 385050; 261545; -0.193208; -0.192773; -0.195073; -0.194637; -0.196801
67.6; 383067; 262106; -0.195955; -0.195507; -0.197596; -0.197147; -0.198949
67.8; 381527; 261754; -0.198328; -0.197862; -0.19974; -0.199273; -0.200707
68; 380299; 262372; -0.200315; -0.199837; -0.201494; -0.201016; -0.202074
68.2; 379154; 262557; -0.201916; -0.201417; -0.202857; -0.20236; -0.203039
68.4; 378065; 262842; -0.203119; -0.202601; -0.20382; -0.203301; -0.203594
68.6; 377102; 263488; -0.203915; -0.203375; -0.204372; -0.203833; -0.203735
68.8; 376387; 263133; -0.204299; -0.203739; -0.204511; -0.20395; -0.203459
69; 375487; 263867; -0.204267; -0.203685; -0.204235; -0.203653; -0.202772
69.2; 374959; 263966; -0.203818; -0.203217; -0.203547; -0.202944; -0.201678
69.4; 374738; 263649; -0.202964; -0.202343; -0.202455; -0.201832; -0.200186
69.6; 374453; 263751; -0.201707; -0.201068; -0.200966; -0.200325; -0.198308
69.8; 374286; 264876; -0.200055; -0.199396; -0.199087; -0.198427; -0.196045
70; 374332; 263070; -0.198019; -0.197342; -0.196826; -0.196146; -0.193403
70.2; 374310; 264677; -0.195594; -0.194898; -0.194181; -0.193482; -0.190388
70.4; 374410; 264720; -0.192794; -0.19208; -0.191166; -0.19045; -0.187011
70.6; 374584; 263502; -0.189626; -0.188895; -0.18779; -0.187057; -0.183286
70.8; 374744; 264703; -0.186102; -0.185355; -0.18407; -0.183321; -0.179235
71; 375109; 263827; -0.182243; -0.18148; -0.180025; -0.17926; -0.174877
71.2; 375549; 264430; -0.17806; -0.177282; -0.175667; -0.174887; -0.170224
71.4; 376123; 263232; -0.17358; -0.17279; -0.171022; -0.170231; -0.165304
71.6; 376689; 263814; -0.168825; -0.16802; -0.166116; -0.165309; -0.16014
71.8; 377316; 263143; -0.163812; -0.162995; -0.160962; -0.160143; -0.154751
72; 378112; 263018; -0.158557; -0.157731; -0.155578; -0.15475; -0.14915
72.2; 379082; 262977; -0.153086; -0.152249; -0.149991; -0.149152; -0.143366
72.4; 380028; 262453; -0.147413; -0.146567; -0.144215; -0.143368; -0.137419
72.6; 380972; 262365; -0.141563; -0.140709; -0.138278; -0.137421; -0.131332
72.8; 382028; 261116; -0.135559; -0.1347; -0.132201; -0.131342; -0.125138
73; 383350; 261297; -0.129429; -0.128563; -0.126016; -0.125148; -0.118858
73.2; 384793; 260738; -0.123202; -0.122332; -0.119748; -0.118877; -0.112522
73.4; 386205; 259688; -0.116904; -0.11603; -0.113426; -0.11255; -0.106156
73.6; 387815; 260253; -0.110557; -0.109682; -0.107069; -0.106192; -0.0997834
73.8; 389672; 259190; -0.104195; -0.103314; -0.10071; -0.0998297; -0.0934305
74; 391630; 257903; -0.0978323; -0.0969539; -0.0943686; -0.0934897; -0.0871248
74.2; 393723; 258299; -0.0914963; -0.0906137; -0.0880723; -0.0871877; -0.0808898
74.4; 396058; 257010; -0.0852124; -0.0843355; -0.0818435; -0.080964; -0.0747548
74.6; 398381; 256387; -0.0790108; -0.0781381; -0.0757132; -0.0748366; -0.0687428
74.8; 400819; 255881; -0.0729158; -0.0720454; -0.0697022; -0.0688287; -0.0628719
75; 403472; 254900; -0.0669485; -0.0660879; -0.0638321; -0.0629691; -0.0571691
75.2; 406191; 254579; -0.0611357; -0.0602814; -0.0581305; -0.0572734; -0.0516536
75.4; 408940; 253349; -0.0554965; -0.0546556; -0.0526153; -0.0517714; -0.046349
75.6; 411628; 253231; -0.0500588; -0.0492258; -0.0473152; -0.0464795; -0.0412803
75.8; 414273; 252250; -0.0448398; -0.044021; -0.0422472; -0.0414254; -0.0364686
76; 416827; 251705; -0.0398637; -0.0390586; -0.037434; -0.0366257; -0.0319301
76.2; 419586; 251196; -0.0351522; -0.0343615; -0.0328958; -0.0321018; -0.0276843
76.4; 422353; 249794; -0.0307225; -0.0299478; -0.0286491; -0.0278707; -0.023747
76.6; 424899; 250064; -0.0265934; -0.0258313; -0.0247135; -0.0239475; -0.0201352
76.8; 427327; 248945; -0.0227808; -0.0220392; -0.0211022; -0.0203567; -0.0168656
77; 429660; 248082; -0.0192984; -0.0185738; -0.0178283; -0.0170994; -0.0139433
77.2; 431678; 247981; -0.0161536; -0.0154481; -0.0149003; -0.0141903; -0.011381
77.4; 433733; 246718; -0.013363; -0.0126769; -0.0123317; -0.0116411; -0.00918718
77.6; 435695; 246429; -0.0109334; -0.0102681; -0.0101302; -0.00945965; -0.00736968
77.8; 437395; 245975; -0.00887741; -0.00824347; -0.00830874; -0.00766568; -0.00594444
78; 438903; 244889; -0.00721885; -0.00659598; -0.0068869; -0.00625416; -0.00491543
78.2; 440107; 244343; -0.00595597; -0.00534041; -0.00586033; -0.00523981; -0.00428606
78.4; 441066; 243948; -0.00507967; -0.00448844; -0.00522602; -0.00462697; -0.00405808
78.6; 441866; 243416; -0.0046062; -0.00402689; -0.00499417; -0.00440707; -0.00422879
78.8; 442631; 243035; -0.00453055; -0.00397291; -0.0051567; -0.00459317; -0.00479534
79; 443116; 242477; -0.00484617; -0.00433622; -0.00570793; -0.00519329; -0.00576072
79.2; 443218; 242066; -0.00556932; -0.00509557; -0.00666926; -0.00618548; -0.00712429
79.4; 443049; 241686; -0.00672775; -0.00622463; -0.00806054; -0.00754444; -0.00887554
79.6; 442804; 240273; -0.00826198; -0.00776861; -0.00981726; -0.00932052; -0.0110144
79.8; 442474; 241707; -0.0101659; -0.00970529; -0.0119486; -0.0114791; -0.0135287
80; 441906; 240095; -0.0124656; -0.0120153; -0.0144639; -0.0140063; -0.0164047
80.2; 440932; 240624; -0.0151325; -0.0146941; -0.0173395; -0.0168966; -0.0196319
80.4; 439985; 240096; -0.0181539; -0.0177449; -0.020563; -0.0201452; -0.0231963
80.6; 438943; 239328; -0.0215423; -0.0211346; -0.0241416; -0.02373; -0.0270929
80.8; 437698; 240179; -0.0252565; -0.024876; -0.0280446; -0.0276558; -0.0313137
81; 436327; 238977; -0.0293035; -0.0289306; -0.0322668; -0.0318912; -0.0358343
81.2; 435062; 240030; -0.0336491; -0.0332917; -0.0367853; -0.0364196; -0.0406366
81.4; 433783; 239443; -0.0382855; -0.0379405; -0.0415767; -0.0412298; -0.0456977
81.6; 432343; 238975; -0.0431897; -0.04286; -0.046628; -0.0462903; -0.0509896
81.8; 430740; 239232; -0.0483456; -0.0480206; -0.0519122; -0.0515852; -0.0564952
82; 429182; 239607; -0.0537245; -0.0534177; -0.0574075; -0.0570958; -0.0621854
82.2; 427724; 238501; -0.0593128; -0.0590156; -0.0630985; -0.0627959; -0.0680497
82.4; 426305; 240556; -0.0650814; -0.0647888; -0.06896; -0.0686639; -0.0740698
82.6; 424953; 238524; -0.0710167; -0.0707345; -0.0749778; -0.0746899; -0.0802262
82.8; 423321; 240254; -0.0770909; -0.0768103; -0.081123; -0.0808397; -0.086494
83; 421591; 239307; -0.0832816; -0.0830071; -0.0873688; -0.0870908; -0.0928339
83.2; 419697; 239449; -0.0895587; -0.0892954; -0.0936823; -0.0934158; -0.0992135
83.4; 417712; 240855; -0.0959031; -0.0956378; -0.100043; -0.0997745; -0.105599
83.6; 415686; 239065; -0.102284; -0.102022; -0.10642; -0.106153; -0.111968
83.8; 413308; 240958; -0.108673; -0.108406; -0.11279; -0.112519; -0.118303
84; 410755; 240475; -0.115048; -0.114778; -0.119131; -0.118857; -0.124586
84.2; 408079; 240761; -0.12138; -0.121105; -0.125417; -0.125138; -0.130795
84.4; 405716; 241674; -0.127642; -0.127362; -0.131622; -0.131338; -0.136902
84.6; 403365; 240969; -0.133812; -0.133527; -0.137718; -0.13743; -0.142876
84.8; 400823; 242154; -0.13986; -0.139569; -0.143679; -0.143384; -0.14869
85; 398260; 242067; -0.145766; -0.145469; -0.14948; -0.149178; -0.154313
85.2; 395440; 242336; -0.151504; -0.151198; -0.155095; -0.154785; -0.159722
85.4; 392585; 243236; -0.157045; -0.156732; -0.160499; -0.160182; -0.164895
85.6; 390145; 242819; -0.16237; -0.162049; -0.165673; -0.165349; -0.169816
85.8; 387687; 243663; -0.167454; -0.167126; -0.170597; -0.170266; -0.174474
86; 385268; 243884; -0.172285; -0.171944; -0.17526; -0.174917; -0.178854
86.2; 382814; 244135; -0.176839; -0.176488; -0.179636; -0.179284; -0.182934
86.4; 380485; 244816; -0.181095; -0.180735; -0.183705; -0.183344; -0.186691
86.6; 378698; 245154; -0.18504; -0.184667; -0.18745; -0.187076; -0.1901
86.8; 376950; 245479; -0.188654; -0.188265; -0.190854; -0.190463; -0.193148
87; 375034; 246021; -0.191916; -0.191515; -0.193896; -0.193495; -0.195825
87.2; 373231; 245757; -0.194818; -0.194403; -0.196573; -0.196156; -0.198121
87.4; 371554; 246552; -0.197349; -0.196919; -0.198873; -0.198442; -0.200035
87.6; 370083; 246618; -0.199498; -0.199054; -0.200787; -0.200342; -0.201555
87.8; 369006; 247450; -0.201255; -0.200795; -0.202306; -0.201847; -0.202677
88; 367999; 247140; -0.202614; -0.202136; -0.203427; -0.202948; -0.203395
88.2; 367031; 247654; -0.203572; -0.203071; -0.204145; -0.203642; -0.203705
88.4; 366174; 248298; -0.204119; -0.203599; -0.20445; -0.203928; -0.203602
88.6; 365512; 248469; -0.204259; -0.203718; -0.204345; -0.203803; -0.203083
88.8; 364943; 247546; -0.20399; -0.203426; -0.203832; -0.203265; -0.202155
89; 364196; 248670; -0.203306; -0.202726; -0.202907; -0.202324; -0.200824
89.2; 363777; 248786; -0.202217; -0.201615; -0.20158; -0.200975; -0.199095
89.4; 363733; 248564; -0.200719; -0.200101; -0.199849; -0.199227; -0.196971
89.6; 363737; 250097; -0.198828; -0.198191; -0.19773; -0.19709; -0.194469
89.8; 363500; 247771; -0.196559; -0.195903; -0.195237; -0.194577; -0.191597
90; 363373; 250573; -0.193901; -0.193227; -0.192366; -0.191689; -0.188366
90.2; 363639; 249410; -0.19088; -0.190188; -0.189134; -0.18844; -0.184781
90.4; 363931; 248583; -0.187503; -0.186797; -0.185555; -0.184845; -0.180859
90.6; 363945; 250307; -0.183779; -0.183054; -0.181638; -0.18091; -0.176618
90.8; 364310; 248584; -0.179733; -0.178995; -0.177407; -0.176666; -0.172074
91; 364665; 250688; -0.175372; -0.17462; -0.172877; -0.172122; -0.167259
91.2; 365086; 247975; -0.170728; -0.169961; -0.168074; -0.167303; -0.162186
91.4; 365609; 248876; -0.165809; -0.165033; -0.163009; -0.162231; -0.15688
91.6; 366400; 249368; -0.160647; -0.159858; -0.157715; -0.156923; -0.151362
91.8; 367150; 248698; -0.155256; -0.154459; -0.152203; -0.151402; -0.145645
92; 367960; 248893; -0.149664; -0.148854; -0.1465; -0.145689; -0.139758
92.2; 368874; 247616; -0.143885; -0.14307; -0.140625; -0.139809; -0.133723
92.4; 369731; 248269; -0.13794; -0.137117; -0.134602; -0.133776; -0.127564
92.6; 370854; 248563; -0.131858; -0.131029; -0.128456; -0.127625; -0.121312
92.8; 372081; 246060; -0.12567; -0.124837; -0.122217; -0.121385; -0.114992
93; 373320; 247768; -0.119396; -0.118558; -0.115913; -0.115074; -0.108634
93.2; 374702; 246391; -0.113062; -0.112232; -0.109556; -0.108737; -0.10226
93.4; 376302; 245501; -0.106681; -0.105889; -0.103181; -0.102386; -0.0958983
93.6; 378141; 245780; -0.100311; -0.0995163; -0.096825; -0.0960312; -0.0895697
93.8; 379992; 244705; -0.0939586; -0.0931661; -0.0905078; -0.0897101; -0.0833041
94; 381935; 245084; -0.0876495; -0.0868608; -0.0842434; -0.0834574; -0.0771266
94.2; 384286; 242991; -0.0814158; -0.0806298; -0.0780757; -0.0772847; -0.0710588
94.4; 386720; 243606; -0.0752757; -0.0744909; -0.0720103; -0.0712271; -0.0651268
94.6; 389097; 242791; -0.0692541; -0.0684775; -0.0660831; -0.0653026; -0.059353
94.8; 391466; 241776; -0.0633767; -0.0626065; -0.06031; -0.0595386; -0.0537591
95; 393969; 241437; -0.0576663; -0.0569; -0.0547197; -0.053951; -0.0483676
95.2; 396520; 240390; -0.0521401; -0.0513893; -0.0493261; -0.0485717; -0.0431988
95.4; 399031; 240664; -0.0468302; -0.0460837; -0.0441608; -0.0434125; -0.038276
95.6; 401440; 239246; -0.0417537; -0.0410194; -0.0392423; -0.0385041; -0.0336209
95.8; 403996; 239256; -0.0369317; -0.0362105; -0.0345886; -0.0338663; -0.0292542
96; 406654; 238209; -0.0323887; -0.0316755; -0.0302267; -0.0295084; -0.0251899
96.2; 409056; 237651; -0.0281366; -0.0274372; -0.0261633; -0.025462; -0.0214491
96.4; 411355; 237797; -0.0241927; -0.0235096; -0.0224202; -0.0217327; -0.0180418
96.6; 413647; 236172; -0.0205806; -0.0199055; -0.019013; -0.0183349; -0.0149782
96.8; 415659; 236411; -0.0172962; -0.0166416; -0.0159441; -0.015284; -0.012271
97; 417689; 235322; -0.0143674; -0.013722; -0.0132343; -0.0125843; -0.00992664
97.2; 419588; 235016; -0.0117901; -0.0111658; -0.0108855; -0.0102524; -0.0079587
97.4; 421311; 234572; -0.00958584; -0.00898007; -0.00891149; -0.0083018; -0.0063791
97.6; 422818; 233085; -0.00776662; -0.00717936; -0.00732993; -0.00673507; -0.00519287
97.8; 424080; 234178; -0.00633509; -0.00576415; -0.00613666; -0.00556199; -0.00440524
98; 425356; 231654; -0.005298; -0.00475597; -0.0053447; -0.00478669; -0.00401465
98.2; 426115; 232636; -0.00466001; -0.00413661; -0.00494774; -0.00440877; -0.00402409
98.4; 426869; 231819; -0.00442877; -0.00390932; -0.00495026; -0.00442732; -0.00442856
98.6; 427524; 230362; -0.00460951; -0.00407737; -0.00536511; -0.00483894; -0.00523194
98.8; 427867; 231769; -0.00516674; -0.00467065; -0.00616854; -0.00566346; -0.00643838
99; 427931; 230547; -0.00614456; -0.00565635; -0.00737863; -0.00688455; -0.00803746
99.2; 427872; 229759; -0.007512; -0.00704469; -0.00897559; -0.00850763; -0.01003
99.4; 427698; 230039; -0.00926441; -0.00881957; -0.0109597; -0.0105063; -0.0123949
99.6; 427231; 229289; -0.0114126; -0.0109739; -0.0133219; -0.0128851; -0.0151256
99.8; 426567; 229268; -0.013925; -0.0135172; -0.0160522; -0.0156353; -0.0182167
100; 425753; 228116; -0.0168133; -0.0164133; -0.0191396; -0.0187418; -0.0216468
100.2; 424859; 230081; -0.0200491; -0.0196676; -0.0225801; -0.0221886; -0.0254178
100.4; 423894; 227110; -0.0236291; -0.0232643; -0.0263438; -0.025981; -0.0295074
100.6; 422809; 229759; -0.0275361; -0.0271843; -0.0304411; -0.0300814; -0.0339103
100.8; 421706; 227688; -0.0317612; -0.0314204; -0.0348355; -0.0344965; -0.0386019
101; 420462; 228737; -0.0362769; -0.0359582; -0.039519; -0.0391926; -0.0435598
101.2; 419074; 228039; -0.041086; -0.0407666; -0.044472; -0.0441537; -0.04876
101.4; 417820; 228215; -0.0461381; -0.0458396; -0.0496641; -0.049359; -0.0541823
101.6; 416534; 228099; -0.0514312; -0.0511407; -0.0550768; -0.0547857; -0.0598039
101.8; 415012; 229089; -0.0569378; -0.0566549; -0.0606946; -0.0604089; -0.0656042
102; 413588; 227481; -0.0626338; -0.062365; -0.0664868; -0.0662167; -0.0715637
102.2; 412452; 228789; -0.0684992; -0.0682376; -0.0724386; -0.0721734; -0.0776595
102.4; 411355; 228338; -0.0745153; -0.0742579; -0.0785294; -0.0782688; -0.0838769
102.6; 410055; 228506; -0.0806574; -0.0804085; -0.0847332; -0.0844841; -0.0901917
102.8; 408368; 229136; -0.086901; -0.0866649; -0.0910229; -0.0907872; -0.0965667
103; 406428; 228667; -0.0932147; -0.0929951; -0.0973677; -0.0971408; -0.102962
103.2; 404725; 229117; -0.0995722; -0.0993748; -0.103735; -0.103524; -0.109349
103.4; 402973; 228986; -0.10597; -0.105758; -0.110118; -0.109896; -0.115703
103.6; 400854; 229633; -0.112375; -0.112116; -0.116491; -0.116231; -0.122006
103.8; 398590; 229874; -0.118721; -0.118473; -0.122797; -0.122545; -0.128248
104; 396139; 229777; -0.125017; -0.124765; -0.129038; -0.128784; -0.134399
104.2; 393861; 230846; -0.131232; -0.130969; -0.135188; -0.134919; -0.140432
104.4; 391803; 230591; -0.137333; -0.137064; -0.141206; -0.140935; -0.146314
104.6; 389534; 231077; -0.143296; -0.143026; -0.147073; -0.146796; -0.152017
104.8; 387170; 231014; -0.149107; -0.148823; -0.152767; -0.152481; -0.157518
105; 384694; 231874; -0.154729; -0.15444; -0.158262; -0.157967; -0.162793
105.2; 382018; 231991; -0.160147; -0.159852; -0.163534; -0.163237; -0.167826
105.4; 379590; 232287; -0.165337; -0.165029; -0.168568; -0.168257; -0.172595
105.6; 377516; 232968; -0.170275; -0.16996; -0.17334; -0.173021; -0.177088
105.8; 375359; 232887; -0.174946; -0.174623; -0.177833; -0.17751; -0.181289
106; 373201; 234154; -0.179331; -0.17899; -0.182036; -0.181691; -0.185179
106.2; 371186; 233243; -0.183405; -0.183059; -0.185913; -0.185566; -0.188734
106.4; 369241; 234722; -0.187156; -0.186794; -0.18946; -0.189095; -0.191933
106.6; 367611; 233986; -0.190564; -0.190187; -0.192652; -0.192274; -0.194763
106.8; 366055; 235056; -0.193611; -0.193225; -0.195477; -0.195088; -0.197215
107; 364460; 235317; -0.196299; -0.195896; -0.197934; -0.19753; -0.199286
107.2; 362990; 235483; -0.198605; -0.198189; -0.200008; -0.199589; -0.200969
107.4; 361781; 237282; -0.200525; -0.200096; -0.201691; -0.201262; -0.202257
107.6; 360722; 235422; -0.202058; -0.201611; -0.202985; -0.202535; -0.203145
107.8; 359531; 236025; -0.203187; -0.202716; -0.203871; -0.2034; -0.203623
108; 358787; 237445; -0.203901; -0.203415; -0.204343; -0.203852; -0.203682
108.2; 358221; 237457; -0.204205; -0.203695; -0.2044; -0.203889; -0.203326
108.4; 357537; 235579; -0.204098; -0.203569; -0.204049; -0.203517; -0.202561
108.6; 356778; 238943; -0.203581; -0.20303; -0.203291; -0.202738; -0.201395
108.8; 356498; 236867; -0.202662; -0.202095; -0.202132; -0.201561; -0.199829
109; 356264; 237900; -0.201335; -0.200746; -0.20057; -0.199977; -0.197869
109.2; 355994; 239521; -0.199605; -0.199; -0.198609; -0.198; -0.195521
109.4; 355792; 236196; -0.197493; -0.196869; -0.196268; -0.195641; -0.192795
109.6; 355563; 239965; -0.194989; -0.194346; -0.193546; -0.1929; -0.189704
109.8; 355812; 238059; -0.192121; -0.191459; -0.190462; -0.189797; -0.186253
110; 355914; 238594; -0.188887; -0.188212; -0.187022; -0.186343; -0.182466
110.2; 355919; 239145; -0.185303; -0.18461; -0.183241; -0.182545; -0.178352
110.4; 356165; 237423; -0.181388; -0.180682; -0.179139; -0.178429; -0.173935
110.6; 356463; 240688; -0.177154; -0.176429; -0.174732; -0.174003; -0.169233
110.8; 356909; 237591; -0.172628; -0.171894; -0.170039; -0.169303; -0.164264
111; 357376; 239403; -0.167822; -0.167074; -0.165081; -0.16433; -0.159047
111.2; 357951; 237150; -0.16276; -0.162; -0.159878; -0.159115; -0.153607
111.4; 358467; 239648; -0.157458; -0.156688; -0.154449; -0.153675; -0.147962
111.6; 359099; 238413; -0.151944; -0.151163; -0.148818; -0.148035; -0.142137
111.8; 360074; 237983; -0.146235; -0.145447; -0.143008; -0.142218; -0.136156
112; 360811; 238058; -0.140356; -0.139563; -0.137044; -0.136246; -0.130046
112.2; 361762; 237586; -0.134333; -0.133534; -0.13095; -0.130149; -0.123836
112.4; 362874; 237479; -0.128185; -0.127379; -0.124747; -0.123942; -0.117542
112.6; 364133; 237436; -0.121946; -0.121136; -0.118469; -0.117658; -0.111196
112.8; 365263; 236313; -0.115617; -0.114838; -0.112119; -0.111333; -0.104822
113; 366560; 237126; -0.109247; -0.108492; -0.105733; -0.104987; -0.098445
113.2; 368312; 235410; -0.102879; -0.102117; -0.0993806; -0.0986094; -0.0920919
113.4; 370018; 236045; -0.0965165; -0.0957509; -0.093038; -0.0922743; -0.0857965
113.6; 371888; 234717; -0.0901844; -0.0894328; -0.0867507; -0.0859953; -0.0795831
113.8; 374062; 234806; -0.0839252; -0.0831644; -0.0805486; -0.0797854; -0.0734716
114; 376352; 233424; -0.0777456; -0.0769884; -0.0744406; -0.0736845; -0.0674897
114.2; 378577; 233803; -0.071666; -0.0709219; -0.0684508; -0.0677017; -0.0616465
114.4; 380809; 233246; -0.0657322; -0.0649814; -0.0626115; -0.0618633; -0.055971
114.6; 383119; 232046; -0.0599455; -0.0592101; -0.0569396; -0.0561992; -0.0504868
114.8; 385420; 232664; -0.0543398; -0.0536085; -0.0514558; -0.0507264; -0.0452159
115; 387960; 230817; -0.0489416; -0.0482177; -0.0461989; -0.0454709; -0.0401866
115.2; 390404; 231371; -0.0437653; -0.0430564; -0.0411731; -0.0404661; -0.0354246
115.4; 392799; 230289; -0.0388392; -0.0381396; -0.0364162; -0.0357128; -0.0309433
115.6; 395158; 229737; -0.0341818; -0.0334888; -0.0319352; -0.0312411; -0.0267601
115.8; 397565; 229226; -0.0298029; -0.0291249; -0.0277441; -0.027064; -0.022885
116; 399690; 228787; -0.0257294; -0.0250643; -0.0238657; -0.0231991; -0.0193358
116.2; 401842; 228131; -0.0219727; -0.0213209; -0.0203105; -0.0196564; -0.0161191
116.4; 404003; 227954; -0.0185499; -0.0179127; -0.0170961; -0.0164566; -0.0132556
116.6; 406009; 227220; -0.0154759; -0.0148522; -0.0142386; -0.0136124; -0.0107606
116.8; 407852; 226648; -0.0127483; -0.0121505; -0.0117367; -0.0111355; -0.00864306
117; 409501; 226179; -0.0103909; -0.00980723; -0.00961459; -0.00902584; -0.00691248
117.2; 411056; 225451; -0.00841291; -0.00784316; -0.00787372; -0.00730112; -0.00557179
117.4; 412320; 225323; -0.00681809; -0.00627391; -0.00651796; -0.00596971; -0.0046212
117.6; 413438; 224102; -0.00562219; -0.00509264; -0.00556001; -0.00502765; -0.00406432
117.8; 414574; 224992; -0.00481755; -0.00430801; -0.00499543; -0.00448277; -0.00390478
118; 415515; 223295; -0.00441273; -0.00392628; -0.00483665; -0.00433155; -0.00414131
118.2; 416154; 222821; -0.0044215; -0.00392903; -0.00507002; -0.00459021; -0.00478272
118.4; 416498; 222503; -0.00481971; -0.00434493; -0.00572687; -0.00522845; -0.00582438
118.6; 416663; 222356; -0.00563286; -0.00515083; -0.00676001; -0.00629166; -0.00726484
118.8; 416802; 223717; -0.00682384; -0.0063795; -0.00820093; -0.00774249; -0.00909878
119; 416710; 220457; -0.00843686; -0.00799465; -0.0100316; -0.00959572; -0.0113147
119.2; 416232; 221668; -0.0104186; -0.0100045; -0.0122453; -0.0118223; -0.0139048
119.4; 415939; 222182; -0.0127865; -0.0123838; -0.014822; -0.0144232; -0.0168467
119.6; 415455; 219244; -0.0155177; -0.0151353; -0.0177664; -0.0173763; -0.0201368
119.8; 414557; 222828; -0.0186016; -0.0182335; -0.0210505; -0.0206836; -0.0237703
120; 413737; 219579; -0.0220442; -0.0216887; -0.0246888; -0.0243303; -0.02773
