0.004; 727.247; 2885.38; 4.88098e-07; 9.38324e-07; -4.75793e-07; -7.32374e-07; -3.3809e-06
0.2; 52568; 128992; -0.00254015; -0.00336444; -0.00331803; -0.00476827; -0.00492941
0.4; 234083; 542794; -0.0210552; -0.0210755; -0.0284267; -0.0282205; -0.0393472
0.6; 410681; 636401; -0.0510854; -0.0521103; -0.0682646; -0.0692332; -0.0957133
0.8; 395063; 448150; -0.0843509; -0.0866685; -0.111114; -0.112445; -0.153106
1; 430792; 317465; -0.109587; -0.111068; -0.13826; -0.140853; -0.18645
1.2; 527170; 325101; -0.123622; -0.124735; -0.147945; -0.148693; -0.18707
1.4; 522820; 352493; -0.135536; -0.136119; -0.149727; -0.151334; -0.174019
1.6; 478774; 425118; -0.151106; -0.151117; -0.157452; -0.157349; -0.167334
1.8; 466590; 516220; -0.168711; -0.168058; -0.169873; -0.169269; -0.170872
2; 509425; 526114; -0.18147; -0.180691; -0.178451; -0.177239; -0.171554
2.2; 625425; 477471; -0.182184; -0.181092; -0.171856; -0.170833; -0.153446
2.4; 740814; 502278; -0.167409; -0.165874; -0.148539; -0.146519; -0.115305
2.6; 767175; 627811; -0.142906; -0.139752; -0.118086; -0.114771; -0.0750276
2.8; 754782; 710489; -0.115813; -0.11252; -0.0901425; -0.0865558; -0.0455762
3; 736085; 668001; -0.0926842; -0.089504; -0.0690542; -0.0657643; -0.0280867
3.2; 726967; 560689; -0.0747203; -0.0718031; -0.0543635; -0.0518768; -0.0194197
3.4; 725161; 524465; -0.0582157; -0.0557458; -0.0427654; -0.0405258; -0.0156846
3.6; 740898; 587293; -0.0381801; -0.03625; -0.0295302; -0.0276136; -0.0135428
3.8; 755674; 602514; -0.0207586; -0.0192629; -0.0191362; -0.018374; -0.0159545
4; 744765; 532643; -0.0131414; -0.0124011; -0.0192778; -0.0185303; -0.0280594
4.2; 680106; 463021; -0.0181716; -0.0182658; -0.0313444; -0.0317778; -0.0524127
4.4; 580933; 416615; -0.0355429; -0.0361336; -0.0553198; -0.0560559; -0.086912
4.6; 495783; 388851; -0.0610912; -0.0621424; -0.0857227; -0.086888; -0.125291
4.8; 477034; 373382; -0.0892063; -0.0905966; -0.115653; -0.117115; -0.158327
5; 509577; 342754; -0.114071; -0.115131; -0.137823; -0.138955; -0.176119
5.2; 535880; 385734; -0.134257; -0.13545; -0.152396; -0.153201; -0.181188
5.4; 538741; 472393; -0.151637; -0.151701; -0.16334; -0.163256; -0.181765
5.6; 546766; 529878; -0.164535; -0.164471; -0.171477; -0.171064; -0.181821
5.8; 584731; 497224; -0.173677; -0.172932; -0.175302; -0.174328; -0.176534
6; 654526; 440611; -0.176939; -0.175995; -0.171061; -0.169768; -0.159733
6.2; 712860; 458644; -0.172132; -0.170505; -0.157261; -0.155059; -0.130575
6.4; 721830; 578403; -0.158608; -0.155956; -0.136727; -0.133885; -0.0984962
6.6; 720693; 718860; -0.138474; -0.135392; -0.114295; -0.111084; -0.0721766
6.8; 732003; 707034; -0.115421; -0.112501; -0.0919527; -0.0889311; -0.0510899
7; 760532; 578827; -0.092899; -0.0899911; -0.07124; -0.0683022; -0.0334203
7.2; 775967; 521960; -0.0702691; -0.0676231; -0.0514174; -0.0488922; -0.0185176
7.4; 772819; 553464; -0.0477422; -0.0453146; -0.0335077; -0.0310458; -0.00819432
7.6; 761464; 594190; -0.0291957; -0.0271154; -0.0210481; -0.0192129; -0.00620876
7.8; 718259; 587831; -0.0181361; -0.0167791; -0.0176962; -0.0165651; -0.0156888
8; 647495; 529014; -0.0173873; -0.0169919; -0.0255501; -0.0253941; -0.037905
8.2; 567863; 441078; -0.0272539; -0.0274835; -0.0436761; -0.0442425; -0.0698908
8.4; 505830; 371508; -0.0458714; -0.046753; -0.0689239; -0.0700768; -0.106062
8.6; 483867; 340538; -0.069983; -0.071286; -0.0967862; -0.0981492; -0.13996
8.8; 508547; 321735; -0.0951266; -0.0965051; -0.121247; -0.122632; -0.163495
9; 533163; 340808; -0.118781; -0.119816; -0.140336; -0.141395; -0.175147
9.2; 536560; 415122; -0.140889; -0.141648; -0.156559; -0.156944; -0.181339
9.4; 534540; 503253; -0.159398; -0.159393; -0.169662; -0.16954; -0.185756
9.6; 560398; 515498; -0.171473; -0.171234; -0.177082; -0.176536; -0.18501
9.8; 617633; 444454; -0.17679; -0.175918; -0.175796; -0.174799; -0.172758
10; 688139; 429332; -0.174765; -0.173839; -0.165248; -0.163637; -0.147496
10.2; 693503; 495746; -0.166011; -0.163666; -0.147751; -0.145401; -0.115891
10.4; 674335; 635995; -0.150695; -0.1485; -0.128202; -0.125195; -0.0884171
10.6; 674953; 713188; -0.131433; -0.128272; -0.107801; -0.104557; -0.0666683
10.8; 705356; 614976; -0.109739; -0.106947; -0.0870053; -0.0843579; -0.0476678
11; 750457; 524932; -0.0865412; -0.083822; -0.0658599; -0.0629485; -0.0294402
11.2; 769797; 534360; -0.0614677; -0.0587653; -0.0438735; -0.0414256; -0.0133327
11.4; 765917; 570389; -0.0386824; -0.0362374; -0.0260092; -0.0237628; -0.00358141
11.6; 733205; 586307; -0.0222775; -0.0205854; -0.0163891; -0.0146986; -0.00507658
11.8; 664086; 553498; -0.0159091; -0.0148136; -0.0181435; -0.0173945; -0.0207413
12; 576405; 475162; -0.0202758; -0.0201611; -0.0314448; -0.0315501; -0.048745
12.2; 504033; 396722; -0.0341006; -0.0348045; -0.0532877; -0.0542142; -0.0839719
12.4; 473293; 347216; -0.0550398; -0.0560802; -0.0799945; -0.081184; -0.120051
12.6; 481446; 322696; -0.0789423; -0.0804319; -0.105969; -0.107627; -0.149819
12.8; 516469; 318696; -0.102587; -0.103975; -0.127453; -0.128684; -0.167544
13; 535275; 367277; -0.125456; -0.126606; -0.144965; -0.146352; -0.176935
13.2; 527936; 446408; -0.147571; -0.148148; -0.16152; -0.16189; -0.183792
13.4; 532525; 506835; -0.164899; -0.165238; -0.174115; -0.173909; -0.188144
13.6; 576789; 479853; -0.175393; -0.174797; -0.178967; -0.178214; -0.183489
13.8; 649882; 428314; -0.177391; -0.176935; -0.173436; -0.172435; -0.165161
14; 695352; 444245; -0.172399; -0.170765; -0.159267; -0.157304; -0.135625
14.2; 673269; 531949; -0.160637; -0.158261; -0.140373; -0.137635; -0.104754
14.4; 652756; 667928; -0.144202; -0.141213; -0.120871; -0.117804; -0.0802889
14.6; 657776; 660999; -0.124179; -0.12122; -0.100949; -0.097943; -0.0606192
14.8; 703091; 542450; -0.10262; -0.0998656; -0.0806149; -0.0777845; -0.042184
15; 751783; 512111; -0.0784841; -0.0756258; -0.0586361; -0.0558698; -0.0239972
15.2; 764000; 546642; -0.0530245; -0.0504407; -0.036863; -0.0344825; -0.00868473
15.4; 751281; 573123; -0.0315872; -0.0293616; -0.020864; -0.0188323; -0.00171706
15.6; 702587; 568930; -0.0182893; -0.0167222; -0.0148432; -0.0135392; -0.00786389
15.8; 616923; 509590; -0.0158317; -0.0150244; -0.0210279; -0.0206243; -0.0285799
16; 525779; 427808; -0.0240026; -0.0241722; -0.0381783; -0.0384654; -0.0603354
16.2; 473774; 365685; -0.0408276; -0.0415585; -0.0623393; -0.0634149; -0.0969834
16.4; 466297; 328730; -0.0630422; -0.0644807; -0.0893929; -0.0908749; -0.131834
16.6; 493942; 313211; -0.0870559; -0.0884401; -0.113873; -0.115299; -0.157293
16.8; 520339; 330831; -0.11013; -0.111529; -0.133177; -0.134826; -0.170958
17; 527990; 389048; -0.132967; -0.134036; -0.150631; -0.151429; -0.17895
17.2; 524388; 463408; -0.154426; -0.154378; -0.166508; -0.166449; -0.18573
17.4; 545238; 500575; -0.169343; -0.169469; -0.177013; -0.176555; -0.188204
17.6; 598739; 443164; -0.177081; -0.176345; -0.178405; -0.177605; -0.179298
17.8; 668488; 407310; -0.176378; -0.175882; -0.169583; -0.168205; -0.156213
18; 688389; 459494; -0.169007; -0.167017; -0.152961; -0.150767; -0.124564
18.2; 658594; 587897; -0.155181; -0.153117; -0.133701; -0.1308; -0.0956454
18.4; 644862; 681670; -0.137546; -0.134614; -0.114095; -0.110972; -0.0732367
18.6; 665444; 603151; -0.117033; -0.114301; -0.0941675; -0.0912551; -0.0542462
18.8; 713860; 497208; -0.0947742; -0.0921241; -0.0732559; -0.070674; -0.0358344
19; 748369; 513305; -0.069483; -0.0667446; -0.0506841; -0.0481392; -0.0180616
19.2; 754239; 549682; -0.0449869; -0.0425165; -0.0305603; -0.0280926; -0.0049928
19.4; 730663; 567472; -0.0259495; -0.0240078; -0.0174042; -0.0158551; -0.00220243
19.6; 667122; 544801; -0.0163976; -0.0150577; -0.0157796; -0.014669; -0.0134631
19.8; 576919; 470377; -0.0176467; -0.0172619; -0.0259393; -0.0257393; -0.0384259
20; 498824; 392281; -0.028926; -0.0293659; -0.0456905; -0.0465098; -0.0725035
20.2; 462512; 346078; -0.0479068; -0.0488526; -0.0714514; -0.0725059; -0.109169
20.4; 467571; 322137; -0.0710448; -0.0724908; -0.0980112; -0.0995818; -0.141665
20.6; 503385; 316533; -0.0948256; -0.0961905; -0.12077; -0.122222; -0.162904
20.8; 522091; 344670; -0.117862; -0.118972; -0.13946; -0.140364; -0.174173
21; 525764; 411814; -0.140695; -0.14157; -0.156619; -0.157073; -0.181944
21.2; 525693; 484327; -0.16054; -0.160401; -0.171163; -0.170954; -0.187875
21.4; 554583; 483779; -0.172976; -0.17301; -0.178744; -0.178356; -0.186914
21.6; 623821; 424127; -0.177978; -0.177025; -0.176564; -0.175501; -0.172753
21.8; 684387; 413071; -0.174532; -0.17387; -0.164537; -0.163011; -0.145855
22; 672707; 486542; -0.164896; -0.162718; -0.14652; -0.14403; -0.114091
22.2; 647564; 625873; -0.149795; -0.147137; -0.127201; -0.124189; -0.0876347
22.4; 643606; 658531; -0.13108; -0.127981; -0.107641; -0.104509; -0.0669479
22.6; 675470; 542900; -0.110076; -0.107502; -0.0875351; -0.0848773; -0.0483255
22.8; 724629; 488693; -0.0869863; -0.0840724; -0.0661704; -0.0632864; -0.0296864
23; 750086; 525151; -0.0608853; -0.0583855; -0.0432605; -0.0410214; -0.0127843
23.2; 745104; 555963; -0.0375594; -0.0351307; -0.0249116; -0.0225507; -0.00236597
23.4; 707189; 560725; -0.0211426; -0.0192985; -0.0150468; -0.0135904; -0.00384887
23.6; 630170; 513199; -0.0150626; -0.0141744; -0.0174106; -0.0167586; -0.0201209
23.8; 539514; 432596; -0.0201455; -0.0200528; -0.0315082; -0.0316264; -0.0491501
24; 474618; 365152; -0.0346976; -0.0351702; -0.0540609; -0.0548693; -0.0850246
24.2; 452675; 326746; -0.0554015; -0.0566437; -0.0805323; -0.0819844; -0.121148
24.4; 478680; 314965; -0.0789769; -0.0804594; -0.106202; -0.107614; -0.15006
24.6; 511888; 320115; -0.102379; -0.103653; -0.126952; -0.128531; -0.167182
24.8; 529806; 363799; -0.125093; -0.126732; -0.144926; -0.146083; -0.176773
25; 515675; 433739; -0.147776; -0.148394; -0.162002; -0.16211; -0.184424
25.2; 523848; 493403; -0.165538; -0.165367; -0.174744; -0.174488; -0.189086
25.4; 584210; 453282; -0.175423; -0.175627; -0.179296; -0.17886; -0.184092
25.6; 651669; 397860; -0.177814; -0.176842; -0.173515; -0.172436; -0.165005
25.8; 684209; 429061; -0.17209; -0.170703; -0.158919; -0.156906; -0.13496
26; 656760; 528381; -0.160372; -0.15785; -0.139937; -0.137231; -0.104127
26.2; 635575; 646955; -0.143962; -0.141101; -0.120612; -0.117735; -0.0801362
26.4; 644353; 611609; -0.124403; -0.1215; -0.101132; -0.0981781; -0.0607447
26.6; 687368; 497263; -0.103046; -0.100228; -0.0809147; -0.0780705; -0.0422329
26.8; 733189; 487579; -0.0784541; -0.0756131; -0.0585635; -0.0557499; -0.0237506
27; 749208; 535922; -0.0527058; -0.0501516; -0.0365578; -0.0340742; -0.00819646
27.2; 736157; 557142; -0.0312464; -0.0290115; -0.0204271; -0.0184435; -0.00118347
27.4; 682131; 547095; -0.0179694; -0.0164831; -0.0144637; -0.0132527; -0.00744616
27.6; 592277; 481557; -0.0157212; -0.0149722; -0.0210005; -0.0204956; -0.0284807
27.8; 501914; 397496; -0.0236695; -0.0241907; -0.037819; -0.0386343; -0.0604004
28; 458616; 338738; -0.0406041; -0.0413698; -0.0621371; -0.0633788; -0.0969838
28.2; 455067; 318747; -0.0627673; -0.0640131; -0.0891866; -0.0905773; -0.131839
28.4; 491269; 313365; -0.0865856; -0.0881568; -0.113595; -0.115051; -0.157244
28.6; 515902; 323270; -0.110106; -0.111212; -0.133381; -0.134609; -0.171223
28.8; 525792; 383087; -0.133228; -0.134188; -0.151124; -0.1517; -0.179679
29; 519431; 461181; -0.154765; -0.154976; -0.167036; -0.167182; -0.186682
29.2; 535188; 489438; -0.169937; -0.169799; -0.177542; -0.177063; -0.18883
29.4; 597867; 427465; -0.177231; -0.176833; -0.178623; -0.177856; -0.179366
29.6; 667197; 390454; -0.176657; -0.175798; -0.169509; -0.168317; -0.15607
29.8; 676056; 449131; -0.16896; -0.167038; -0.152949; -0.150722; -0.124488
30; 641825; 575013; -0.155539; -0.152914; -0.133707; -0.130914; -0.0956164
30.2; 627733; 659010; -0.137909; -0.134862; -0.114324; -0.111187; -0.0733001
30.4; 646742; 570900; -0.117318; -0.11463; -0.0943057; -0.0914845; -0.0542291
30.6; 697220; 473369; -0.0950979; -0.0922359; -0.073371; -0.0707335; -0.0356263
30.8; 733223; 498634; -0.0693562; -0.0667236; -0.050594; -0.0479215; -0.0177076
31; 736264; 540039; -0.0446523; -0.0420815; -0.0300508; -0.0277672; -0.00449477
31.2; 708616; 554100; -0.0255404; -0.0236314; -0.0169821; -0.0153597; -0.00162651
31.4; 641543; 522135; -0.0159448; -0.0147533; -0.0152657; -0.0142711; -0.0128821
31.6; 550799; 446140; -0.0174482; -0.0169451; -0.0256443; -0.0254966; -0.0381286
31.8; 476655; 371305; -0.0286192; -0.0293112; -0.045384; -0.0465398; -0.0724955
32; 451910; 327689; -0.0477559; -0.0486239; -0.0714142; -0.0724076; -0.109312
32.2; 463572; 310879; -0.0707979; -0.0721891; -0.0978337; -0.0995266; -0.141838
32.4; 499702; 312006; -0.0944124; -0.095925; -0.120639; -0.121967; -0.162979
32.6; 520636; 338203; -0.117683; -0.118735; -0.139066; -0.140516; -0.174246
32.8; 520698; 402998; -0.14032; -0.141694; -0.156636; -0.156978; -0.182114
33; 516258; 475598; -0.16064; -0.160499; -0.171277; -0.171267; -0.188284
33.2; 550278; 468599; -0.173101; -0.173427; -0.179192; -0.178689; -0.187511
33.4; 621166; 398822; -0.178024; -0.177493; -0.176796; -0.175941; -0.173231
33.6; 680829; 396463; -0.174924; -0.173742; -0.164651; -0.163054; -0.145784
33.8; 661525; 482290; -0.165005; -0.162772; -0.146449; -0.144004; -0.113819
34; 627639; 616038; -0.149837; -0.147517; -0.12726; -0.124287; -0.0874359
34.2; 625526; 637362; -0.131322; -0.128197; -0.107751; -0.104611; -0.0668157
34.4; 658960; 515276; -0.110337; -0.107573; -0.0876568; -0.0849252; -0.0482158
34.6; 706494; 464959; -0.0868925; -0.0840323; -0.0660131; -0.063254; -0.0295363
34.8; 731808; 509361; -0.0607699; -0.0583421; -0.0431351; -0.0408664; -0.0125291
35; 725861; 545466; -0.0375107; -0.0351505; -0.0247166; -0.0224528; -0.00193999
35.2; 683766; 546216; -0.0211106; -0.0192883; -0.0148497; -0.0133702; -0.00331872
35.4; 606103; 494481; -0.0150227; -0.014141; -0.0171929; -0.0165277; -0.0195511
35.6; 512605; 409501; -0.0198944; -0.0199013; -0.0310211; -0.0314558; -0.0486344
35.8; 455035; 353184; -0.034257; -0.0347289; -0.0536585; -0.054386; -0.0846238
36; 444301; 319701; -0.0548937; -0.0561225; -0.0801352; -0.0815965; -0.120973
36.2; 471924; 308750; -0.0785798; -0.080097; -0.106014; -0.107488; -0.150349
36.4; 504253; 316708; -0.102226; -0.103447; -0.127036; -0.128476; -0.167536
36.6; 517137; 348645; -0.125038; -0.126608; -0.144982; -0.146064; -0.17699
36.8; 514078; 422639; -0.147778; -0.148629; -0.162018; -0.1623; -0.184502
37; 522450; 486088; -0.165798; -0.165584; -0.174913; -0.17469; -0.189153
37.2; 566052; 440655; -0.175673; -0.175829; -0.179538; -0.179184; -0.184477
37.4; 639310; 383706; -0.178037; -0.177014; -0.173838; -0.172616; -0.165311
37.6; 679894; 415014; -0.172175; -0.170942; -0.159031; -0.157168; -0.13515
37.8; 645177; 523210; -0.160593; -0.15802; -0.140125; -0.137414; -0.104314
38; 619012; 638738; -0.143971; -0.141464; -0.120792; -0.117773; -0.0801108
38.2; 628071; 595261; -0.124447; -0.121506; -0.101067; -0.0980599; -0.0603921
38.4; 669869; 475560; -0.10282; -0.10018; -0.0805945; -0.07791; -0.0418173
38.6; 715801; 471591; -0.0780834; -0.075384; -0.0581901; -0.0554185; -0.0232548
38.8; 727853; 520795; -0.0524322; -0.0499091; -0.0360483; -0.0340168; -0.00786585
39; 711355; 544723; -0.0309888; -0.0288322; -0.0202674; -0.0181057; -0.000873005
39.2; 658150; 529007; -0.017962; -0.0164657; -0.0142669; -0.0132989; -0.00724808
39.4; 571435; 458899; -0.0156966; -0.0149539; -0.0208766; -0.0204052; -0.0282734
39.6; 485622; 377239; -0.0240045; -0.0241097; -0.0381784; -0.0384074; -0.060305
39.8; 444683; 340393; -0.0406125; -0.0414498; -0.0622301; -0.0634285; -0.0971288
40; 451476; 312637; -0.0627263; -0.0639324; -0.0892188; -0.09057; -0.132007
40.2; 486778; 308702; -0.0864042; -0.088006; -0.1135; -0.115016; -0.157384
40.4; 509945; 320995; -0.109816; -0.111057; -0.133073; -0.134568; -0.171149
40.6; 515551; 373342; -0.132918; -0.133981; -0.150829; -0.151603; -0.179612
40.8; 512980; 449648; -0.154501; -0.155246; -0.167108; -0.167186; -0.18679
41; 532798; 477192; -0.170259; -0.169977; -0.177801; -0.177365; -0.189143
41.2; 587521; 416226; -0.177581; -0.177082; -0.178902; -0.178294; -0.179848
41.4; 656430; 379773; -0.176811; -0.175907; -0.169716; -0.168363; -0.156145
41.6; 669933; 438013; -0.168999; -0.167077; -0.152792; -0.150834; -0.124338
41.8; 629559; 569260; -0.155456; -0.15304; -0.133716; -0.130824; -0.0954888
42; 612850; 644046; -0.137951; -0.134989; -0.114281; -0.111216; -0.0730926
42.2; 632777; 546785; -0.117484; -0.114691; -0.0943094; -0.0914854; -0.054011
42.4; 682846; 456183; -0.0949475; -0.0923931; -0.0732697; -0.0706953; -0.0354514
42.6; 718746; 486443; -0.0693468; -0.0666057; -0.0504793; -0.0478062; -0.0174472
42.8; 720137; 528513; -0.0445273; -0.0421162; -0.0299533; -0.0276912; -0.00433127
43; 692505; 542376; -0.0255428; -0.0235403; -0.0169407; -0.0151948; -0.00138062
43.2; 622715; 502741; -0.0158705; -0.0146985; -0.0151441; -0.0141993; -0.012697
43.4; 531808; 426167; -0.0172344; -0.0168991; -0.0254227; -0.0254804; -0.0380916
43.6; 462326; 358580; -0.0284556; -0.0290595; -0.0454233; -0.0461867; -0.0724192
43.8; 438265; 324007; -0.0474299; -0.0483445; -0.0711129; -0.0722514; -0.109235
44; 454132; 308024; -0.0703728; -0.0718461; -0.0976273; -0.0991805; -0.141777
44.2; 496998; 308342; -0.0942272; -0.0955488; -0.120433; -0.121781; -0.162934
44.4; 517334; 324925; -0.117474; -0.118792; -0.13914; -0.140398; -0.174321
44.6; 514210; 395047; -0.140778; -0.141505; -0.156799; -0.157154; -0.18233
44.8; 514290; 472603; -0.160705; -0.160756; -0.17152; -0.171395; -0.188544
45; 547456; 455372; -0.173312; -0.17333; -0.179222; -0.178888; -0.187753
45.2; 613445; 386518; -0.178082; -0.177281; -0.176881; -0.175894; -0.173415
45.4; 673382; 384336; -0.17468; -0.173811; -0.164626; -0.16312; -0.14599
45.6; 655063; 471777; -0.165173; -0.162833; -0.146618; -0.144141; -0.114008
45.8; 620557; 604152; -0.150114; -0.147673; -0.127361; -0.12446; -0.0874423
46; 616209; 619645; -0.131647; -0.128605; -0.107938; -0.104838; -0.0667187
46.2; 648750; 495180; -0.110419; -0.107984; -0.087752; -0.0850297; -0.0480402
46.4; 696259; 455376; -0.0867639; -0.0839117; -0.0657607; -0.063188; -0.0292969
46.6; 719486; 496870; -0.0603335; -0.0580583; -0.0428336; -0.0405674; -0.0123233
46.8; 714062; 530324; -0.0371581; -0.0347961; -0.0244608; -0.0221311; -0.00174502
47; 671861; 526043; -0.0209139; -0.0191887; -0.0145934; -0.0134111; -0.00328674
47.2; 596051; 475794; -0.0151369; -0.0142332; -0.017325; -0.0166005; -0.0196577
47.4; 503342; 394585; -0.0200894; -0.0200315; -0.0313164; -0.0314452; -0.0487039
47.6; 447720; 344946; -0.0340577; -0.0351204; -0.0536113; -0.0545849; -0.0847319
47.8; 439434; 314857; -0.0548023; -0.055953; -0.0800279; -0.081446; -0.120864
48; 470785; 309165; -0.0783054; -0.0797949; -0.105803; -0.107188; -0.150171
48.2; 501435; 306675; -0.101856; -0.103134; -0.126655; -0.128451; -0.167591
48.4; 513341; 344522; -0.124831; -0.126346; -0.144811; -0.146133; -0.177278
48.6; 511970; 421645; -0.147988; -0.148411; -0.162286; -0.162306; -0.184865
48.8; 518619; 475107; -0.165772; -0.165918; -0.175083; -0.174928; -0.189476
49; 561627; 430113; -0.175897; -0.175696; -0.179737; -0.179182; -0.184679
49.2; 638156; 373770; -0.17786; -0.177039; -0.173874; -0.172642; -0.165503
49.4; 669383; 402520; -0.172012; -0.170996; -0.159044; -0.157338; -0.135466
49.6; 639032; 513878; -0.1607; -0.158025; -0.140285; -0.137477; -0.104525
49.8; 615218; 626931; -0.144367; -0.141495; -0.120911; -0.117931; -0.0801126
50; 619425; 579497; -0.124767; -0.121827; -0.101226; -0.0982343; -0.0602895
50.2; 657984; 465457; -0.103133; -0.100326; -0.0806637; -0.0780009; -0.0415975
50.4; 707446; 464683; -0.0780914; -0.0755125; -0.0580836; -0.0555067; -0.0230962
50.6; 716803; 511322; -0.0523215; -0.0496525; -0.0360116; -0.0336287; -0.00760748
50.8; 697624; 538908; -0.0307277; -0.0287364; -0.0200077; -0.018025; -0.000685961
51; 643855; 512948; -0.0178487; -0.0163269; -0.014181; -0.0130496; -0.00707807
51.2; 557760; 443080; -0.0156797; -0.0149649; -0.0206973; -0.0202927; -0.0278474
51.4; 474765; 372088; -0.0237714; -0.0241047; -0.0378647; -0.0381959; -0.0598372
51.6; 438249; 332640; -0.0404331; -0.0411338; -0.0619626; -0.0630738; -0.0967384
51.8; 444798; 314770; -0.0623812; -0.0636464; -0.0888736; -0.0903375; -0.131744
52; 478441; 304199; -0.0861138; -0.087662; -0.113342; -0.114813; -0.15744
52.2; 511395; 314702; -0.109746; -0.11085; -0.133071; -0.134652; -0.171557
52.4; 516386; 368373; -0.132922; -0.134048; -0.151003; -0.151747; -0.179973
52.6; 507116; 451537; -0.154547; -0.155028; -0.167126; -0.167225; -0.186977
52.8; 521947; 467847; -0.170075; -0.169926; -0.177711; -0.177388; -0.18934
53; 589646; 403048; -0.177497; -0.177261; -0.179041; -0.178223; -0.179821
53.2; 656006; 373746; -0.17693; -0.176064; -0.169777; -0.168679; -0.15641
53.4; 661566; 434718; -0.169052; -0.167407; -0.153138; -0.150983; -0.124696
53.6; 624128; 559649; -0.155829; -0.153182; -0.13396; -0.13111; -0.0956915
53.8; 608139; 631323; -0.13803; -0.135505; -0.114554; -0.111526; -0.0733853
54; 627886; 524542; -0.11788; -0.114899; -0.0945833; -0.0917597; -0.0542237
54.2; 679009; 444226; -0.0950417; -0.092742; -0.0734852; -0.0708109; -0.0354768
54.4; 709086; 478051; -0.0695124; -0.0667624; -0.0505364; -0.0479073; -0.0174161
54.6; 710882; 521141; -0.0444765; -0.042132; -0.0298519; -0.027535; -0.00400877
54.8; 686097; 535157; -0.0254094; -0.023494; -0.0167347; -0.0150074; -0.00102357
55; 616865; 490444; -0.0158002; -0.0145194; -0.0148498; -0.0139505; -0.0121507
55.2; 523930; 411461; -0.0172585; -0.0168146; -0.0253838; -0.0251102; -0.0375672
55.4; 452205; 352859; -0.0284891; -0.0289286; -0.0452767; -0.0460452; -0.0721018
55.6; 435504; 320093; -0.0472498; -0.048124; -0.0709386; -0.0720813; -0.109142
55.8; 455068; 311189; -0.0702277; -0.0716133; -0.0975573; -0.0990475; -0.141803
56; 492582; 300612; -0.0939006; -0.0954447; -0.120266; -0.121732; -0.163056
56.2; 511553; 322881; -0.117288; -0.118539; -0.138968; -0.140299; -0.174352
56.4; 514386; 394876; -0.140688; -0.141177; -0.156754; -0.156921; -0.182285
56.6; 508763; 462222; -0.1604; -0.160746; -0.171319; -0.171449; -0.188619
56.8; 547182; 446525; -0.173428; -0.17326; -0.179391; -0.178906; -0.187911
57; 611030; 374956; -0.178238; -0.177425; -0.177074; -0.176109; -0.173744
57.2; 666212; 380206; -0.174965; -0.174092; -0.165013; -0.163392; -0.146368
57.4; 650566; 473777; -0.16542; -0.16311; -0.146784; -0.144571; -0.114359
57.6; 612820; 600917; -0.150311; -0.148021; -0.127598; -0.124665; -0.0875655
57.8; 606434; 610098; -0.13176; -0.128685; -0.107952; -0.104846; -0.0665507
58; 637753; 487174; -0.110608; -0.107749; -0.087618; -0.0849196; -0.0477116
58.2; 683462; 445478; -0.0866005; -0.0840247; -0.0657188; -0.0629982; -0.0290098
58.4; 708256; 492385; -0.0605883; -0.0579885; -0.0428465; -0.0405859; -0.0121743
58.6; 701684; 526066; -0.0373389; -0.0349656; -0.0245191; -0.022261; -0.00174435
58.8; 660187; 520958; -0.0210947; -0.0195073; -0.0148574; -0.0134695; -0.00322731
59; 580410; 466280; -0.0152216; -0.0142442; -0.0172041; -0.0166761; -0.0195549
59.2; 490699; 386991; -0.0200847; -0.0198986; -0.0312653; -0.0311376; -0.0483585
59.4; 441141; 342742; -0.0335663; -0.0349303; -0.052916; -0.054449; -0.0841646
59.6; 436443; 307075; -0.0543639; -0.0555166; -0.0796458; -0.0809747; -0.120484
59.8; 462621; 309311; -0.0780115; -0.0793557; -0.105539; -0.106957; -0.150107
60; 499248; 303412; -0.101472; -0.103234; -0.126558; -0.128497; -0.167798
60.2; 513466; 335396; -0.124679; -0.126432; -0.14434; -0.146699; -0.177456
60.4; 506331; 415668; -0.147827; -0.148513; -0.161829; -0.162806; -0.184999
60.6; 508317; 467492; -0.165876; -0.165728; -0.175238; -0.174794; -0.189567
60.8; 559093; 423411; -0.175989; -0.175691; -0.17963; -0.179345; -0.184651
61; 634540; 364465; -0.178079; -0.177174; -0.173994; -0.172787; -0.165543
61.2; 666760; 398967; -0.172396; -0.171068; -0.159189; -0.157441; -0.135416
61.4; 633520; 509320; -0.160826; -0.158355; -0.140327; -0.137722; -0.104472
61.6; 603867; 616197; -0.144686; -0.141719; -0.121189; -0.11813; -0.0802738
61.8; 612935; 569349; -0.124946; -0.12206; -0.101461; -0.0984902; -0.0605858
62; 653727; 448525; -0.103178; -0.100547; -0.0808327; -0.078226; -0.0418952
62.2; 697289; 457095; -0.0783586; -0.0755306; -0.0583035; -0.0555775; -0.0232429
62.4; 708323; 506969; -0.0523138; -0.0498931; -0.0360016; -0.0337103; -0.00750389
62.6; 693331; 530820; -0.030897; -0.0287036; -0.0199511; -0.0178984; -0.000250401
62.8; 637853; 501615; -0.0177489; -0.0164175; -0.0139682; -0.0129676; -0.00668046
63; 547814; 432096; -0.0156289; -0.0147969; -0.0205669; -0.020072; -0.0275726
63.2; 464226; 366602; -0.0235243; -0.0239516; -0.0375696; -0.0381203; -0.0596905
63.4; 433043; 329454; -0.0400977; -0.0408402; -0.0616868; -0.0628412; -0.0965879
63.6; 444014; 309017; -0.0620137; -0.063245; -0.0885832; -0.0900479; -0.131652
63.8; 475107; 303421; -0.0857537; -0.0874189; -0.113156; -0.114559; -0.157357
64; 505613; 310668; -0.109444; -0.110678; -0.1329; -0.134546; -0.171588
64.2; 517233; 359282; -0.133022; -0.133801; -0.151094; -0.151695; -0.180164
64.4; 500563; 444354; -0.154438; -0.155058; -0.167149; -0.167277; -0.18716
64.6; 523632; 466878; -0.170092; -0.169869; -0.177752; -0.177373; -0.189358
64.8; 587528; 388198; -0.177289; -0.177407; -0.178983; -0.178294; -0.179923
65; 651915; 363725; -0.177014; -0.175983; -0.169908; -0.168611; -0.156474
65.2; 655441; 435590; -0.169205; -0.167338; -0.153224; -0.15111; -0.124876
65.4; 614116; 556904; -0.155875; -0.153555; -0.134193; -0.131368; -0.0960108
65.6; 598738; 615745; -0.138414; -0.135624; -0.114723; -0.111742; -0.0734664
65.8; 620097; 520417; -0.117976; -0.115238; -0.0947495; -0.0917987; -0.0540949
66; 669143; 439618; -0.0954216; -0.0925847; -0.0733851; -0.0709115; -0.035271
66.2; 699829; 474213; -0.069402; -0.0667079; -0.0503346; -0.0477955; -0.0171072
66.4; 700745; 522781; -0.0445169; -0.0420725; -0.0297426; -0.0275333; -0.00385315
66.6; 671976; 526746; -0.0254417; -0.0234184; -0.0166405; -0.0149706; -0.000854706
66.8; 603058; 479909; -0.0158188; -0.0146175; -0.015026; -0.0139105; -0.0122869
67; 510879; 403599; -0.0170278; -0.0167348; -0.0250039; -0.0252073; -0.037454
67.2; 447078; 349067; -0.0281321; -0.0287145; -0.0450123; -0.0456468; -0.0717103
67.4; 430398; 316916; -0.0468785; -0.0478237; -0.0704455; -0.0717675; -0.108625
67.6; 451758; 304878; -0.0699035; -0.0713033; -0.0971785; -0.098692; -0.141342
67.8; 490448; 296481; -0.0937797; -0.0952284; -0.120106; -0.121572; -0.162899
68; 510100; 324848; -0.117335; -0.118261; -0.139101; -0.140195; -0.174615
68.2; 509094; 388560; -0.140424; -0.141426; -0.156848; -0.157203; -0.182811
68.4; 506746; 454078; -0.160609; -0.160588; -0.171559; -0.171592; -0.189121
68.6; 537365; 440647; -0.173245; -0.173433; -0.179351; -0.178962; -0.187968
68.8; 610205; 373939; -0.178386; -0.17743; -0.176972; -0.176032; -0.173272
69; 663622; 378748; -0.174598; -0.174424; -0.164728; -0.163302; -0.145904
69.2; 641023; 469677; -0.165109; -0.163553; -0.146839; -0.144458; -0.114136
69.4; 600015; 592858; -0.150651; -0.147997; -0.127844; -0.124844; -0.0878078
69.6; 597941; 596181; -0.131772; -0.129193; -0.108314; -0.105305; -0.0672658
69.8; 633732; 470668; -0.110893; -0.108005; -0.0880463; -0.0853405; -0.0484062
70; 682791; 440120; -0.0868775; -0.0844773; -0.0661132; -0.0633602; -0.0294194
70.2; 706213; 491585; -0.0607906; -0.0581454; -0.0430078; -0.040583; -0.0120587
70.4; 697505; 526071; -0.0372703; -0.0349866; -0.0243303; -0.0221409; -0.00130087
70.6; 648610; 508617; -0.0209501; -0.0192394; -0.0145339; -0.0130721; -0.00263829
70.8; 568168; 454866; -0.0149232; -0.0139893; -0.0168737; -0.0161956; -0.0189013
71; 485680; 379780; -0.0198989; -0.0196487; -0.0309852; -0.0310314; -0.0482011
71.2; 437358; 332803; -0.0336977; -0.0345008; -0.0529886; -0.0544129; -0.0845113
71.4; 437247; 310428; -0.0542525; -0.0553147; -0.0797763; -0.0808829; -0.120767
71.6; 464195; 305595; -0.0777308; -0.0792273; -0.105113; -0.107031; -0.150011
71.8; 504242; 297434; -0.101388; -0.10293; -0.126362; -0.128137; -0.167382
72; 518645; 336539; -0.124953; -0.126141; -0.145121; -0.145779; -0.177279
72.2; 502143; 416956; -0.147975; -0.148382; -0.162296; -0.162524; -0.185206
72.4; 506457; 465242; -0.165698; -0.165749; -0.175206; -0.174996; -0.189979
72.6; 568020; 408451; -0.175861; -0.175794; -0.179815; -0.179312; -0.184857
72.8; 635019; 358718; -0.177978; -0.176924; -0.173926; -0.172644; -0.165582
73; 662241; 401664; -0.171857; -0.171229; -0.158973; -0.157443; -0.135477
73.2; 626249; 512060; -0.160788; -0.158341; -0.140357; -0.137799; -0.10463
73.4; 593716; 608301; -0.144442; -0.142265; -0.121275; -0.11832; -0.080398
73.6; 599471; 557041; -0.125303; -0.122263; -0.10161; -0.0986637; -0.0605439
73.8; 642036; 444867; -0.103215; -0.101107; -0.0809142; -0.0784513; -0.041759
74; 690001; 451420; -0.0783475; -0.0755219; -0.0582085; -0.0554555; -0.0229689
74.2; 702226; 508787; -0.0522606; -0.0497881; -0.0358513; -0.0336686; -0.00738919
74.4; 683114; 526637; -0.0308064; -0.0286809; -0.0199293; -0.0178312; -0.00025215
74.6; 623253; 492666; -0.01774; -0.0162928; -0.0137348; -0.013009; -0.00653693
74.8; 537747; 423408; -0.0155148; -0.0148226; -0.020536; -0.0199618; -0.0274482
75; 458005; 361080; -0.0235289; -0.0236926; -0.0373782; -0.0379853; -0.059491
75.2; 429673; 332096; -0.0399278; -0.0406835; -0.061527; -0.0625181; -0.0961958
75.4; 436747; 306828; -0.061805; -0.0630776; -0.0883407; -0.089758; -0.131222
75.6; 472836; 297804; -0.0855351; -0.0871587; -0.112715; -0.114427; -0.157036
75.8; 504571; 307473; -0.109121; -0.110551; -0.132636; -0.134453; -0.171462
76; 511016; 358920; -0.132774; -0.133555; -0.151103; -0.151483; -0.180302
76.2; 500266; 438986; -0.154686; -0.154914; -0.167263; -0.167497; -0.187578
76.4; 513886; 459695; -0.169905; -0.170342; -0.177973; -0.177632; -0.189789
76.6; 582714; 390901; -0.177765; -0.177001; -0.179136; -0.178367; -0.180102
76.8; 651848; 360628; -0.176551; -0.176488; -0.169997; -0.168699; -0.156699
77; 653767; 422884; -0.169158; -0.167776; -0.153415; -0.151247; -0.124973
77.2; 610753; 551619; -0.156113; -0.153534; -0.134268; -0.131404; -0.0959428
77.4; 597233; 612255; -0.138332; -0.135963; -0.114879; -0.111881; -0.0736428
77.6; 617304; 507791; -0.118184; -0.115215; -0.0948647; -0.0920286; -0.0544342
77.8; 664461; 434710; -0.0953417; -0.0929534; -0.0736524; -0.0710926; -0.0356343
78; 697757; 469730; -0.0695393; -0.0668438; -0.0505131; -0.047974; -0.0173507
78.2; 697278; 511822; -0.0445809; -0.0421692; -0.0298143; -0.0275761; -0.00385901
78.4; 667087; 519460; -0.0254999; -0.0236754; -0.0167169; -0.0150649; -0.000815505
78.6; 596748; 467956; -0.0159396; -0.0146898; -0.014844; -0.013991; -0.0119902
78.8; 505324; 399819; -0.0170881; -0.0166726; -0.0251083; -0.0248733; -0.0371249
79; 441686; 347286; -0.0280328; -0.0284625; -0.0447278; -0.0455525; -0.0715538
79.2; 430800; 316414; -0.0466048; -0.0475618; -0.0702752; -0.0714882; -0.108479
79.4; 449795; 304989; -0.069651; -0.0710809; -0.0970331; -0.0984818; -0.141301
79.6; 487672; 297495; -0.0937224; -0.0950796; -0.120043; -0.121566; -0.162996
79.8; 508442; 315738; -0.117208; -0.11833; -0.139145; -0.140235; -0.174762
80; 508499; 385745; -0.1402; -0.141503; -0.156585; -0.157325; -0.182743
80.2; 503274; 456573; -0.160382; -0.160762; -0.17151; -0.171471; -0.18893
80.4; 537271; 438067; -0.173452; -0.173083; -0.179417; -0.178845; -0.187978
80.6; 604028; 365562; -0.177959; -0.177703; -0.177023; -0.176302; -0.173885
80.8; 662389; 370613; -0.175176; -0.174028; -0.165186; -0.163571; -0.146709
81; 642770; 460926; -0.165665; -0.163417; -0.147218; -0.144821; -0.11478
81.2; 603313; 587195; -0.150765; -0.148543; -0.128105; -0.125223; -0.0881528
81.4; 599756; 589820; -0.132351; -0.129342; -0.108537; -0.10551; -0.0671355
81.6; 630421; 467270; -0.111077; -0.108407; -0.0881228; -0.0854605; -0.0481708
81.8; 676725; 434678; -0.0870983; -0.0843588; -0.0660703; -0.063331; -0.0292001
82; 698003; 483320; -0.0608103; -0.0582782; -0.0430173; -0.0405917; -0.0119462
82.2; 691985; 518398; -0.0374876; -0.0350983; -0.0243327; -0.0222984; -0.00129752
82.4; 651387; 509927; -0.0212801; -0.0196434; -0.0148896; -0.0133103; -0.00278615
82.6; 566951; 445588; -0.0152517; -0.0142878; -0.0168989; -0.0166022; -0.0189878
82.8; 481191; 374775; -0.0198643; -0.019696; -0.0309246; -0.0307638; -0.0477386
83; 433383; 333003; -0.0333756; -0.0340674; -0.0525615; -0.0537426; -0.0836575
83.2; 435599; 311016; -0.0538145; -0.0548363; -0.0791728; -0.0803689; -0.120056
83.4; 462151; 301973; -0.0773088; -0.078892; -0.10499; -0.106524; -0.149832
83.6; 498691; 295342; -0.101304; -0.102539; -0.126493; -0.127872; -0.167583
83.8; 510907; 334283; -0.124799; -0.125681; -0.144983; -0.145627; -0.177413
84; 505132; 412565; -0.147662; -0.148222; -0.162026; -0.16241; -0.185104
84.2; 513217; 461321; -0.165675; -0.165558; -0.175164; -0.174799; -0.189749
84.4; 557700; 410762; -0.175673; -0.1756; -0.179769; -0.179229; -0.18506
84.6; 626407; 349645; -0.17765; -0.177507; -0.174094; -0.173082; -0.166165
84.8; 663577; 394978; -0.172903; -0.171163; -0.159772; -0.157817; -0.136131
85; 631047; 507739; -0.161316; -0.159022; -0.140976; -0.138471; -0.105398
85.2; 602974; 606329; -0.145071; -0.142726; -0.121811; -0.118925; -0.0809816
85.4; 607693; 546786; -0.125648; -0.122691; -0.102065; -0.099094; -0.0610274
85.6; 649007; 437571; -0.103491; -0.10116; -0.0811343; -0.0786211; -0.0420347
85.8; 691667; 446846; -0.0784339; -0.0757339; -0.0582995; -0.0556263; -0.023075
86; 699184; 501466; -0.0526315; -0.0501625; -0.0362225; -0.0337519; -0.00731199
86.2; 681544; 520006; -0.0311433; -0.0291803; -0.019993; -0.0181028; -5.30918e-05
86.4; 628888; 489788; -0.0182073; -0.0167371; -0.0140718; -0.0130516; -0.00621983
86.6; 537901; 422183; -0.0156085; -0.0149443; -0.0203267; -0.0199617; -0.0270393
86.8; 454221; 355843; -0.0232853; -0.023501; -0.0370652; -0.0376163; -0.0589322
87; 428914; 324537; -0.0390665; -0.0403799; -0.0606545; -0.0622801; -0.0957514
87.2; 442318; 300647; -0.061119; -0.0623122; -0.0878122; -0.0892013; -0.131018
87.4; 478368; 291489; -0.0851127; -0.0864661; -0.11238; -0.114097; -0.157102
87.6; 507416; 300081; -0.108562; -0.110358; -0.131848; -0.134725; -0.171449
87.8; 515204; 354057; -0.132059; -0.133854; -0.149922; -0.152211; -0.180047
88; 504724; 432019; -0.154509; -0.154666; -0.167308; -0.166988; -0.187255
88.2; 523154; 452526; -0.169982; -0.169936; -0.177699; -0.177679; -0.189735
88.4; 579121; 381203; -0.177266; -0.177391; -0.179317; -0.178389; -0.180467
88.6; 645343; 354313; -0.177182; -0.17609; -0.170119; -0.169064; -0.157136
88.8; 656288; 424533; -0.16889; -0.168293; -0.15368; -0.151506; -0.125473
89; 616328; 546741; -0.1565; -0.153773; -0.134458; -0.131948; -0.0964296
89.2; 598362; 601446; -0.138768; -0.136341; -0.115249; -0.112192; -0.0738446
89.4; 615304; 504728; -0.118502; -0.115771; -0.0952248; -0.0923197; -0.0545563
89.6; 662202; 428785; -0.0958356; -0.0930097; -0.0738423; -0.0712717; -0.0356182
89.8; 693815; 462813; -0.0697082; -0.0671678; -0.0507182; -0.0480666; -0.017322
90; 693434; 511753; -0.0448512; -0.0424271; -0.0298698; -0.0278303; -0.00385584
90.2; 663385; 511374; -0.02577; -0.0237834; -0.0168222; -0.0150837; -0.000671105
90.4; 596807; 469460; -0.0160008; -0.0149459; -0.014782; -0.0141634; -0.0118961
90.6; 504170; 395258; -0.0171715; -0.0166802; -0.0250148; -0.0248006; -0.036832
90.8; 439009; 341878; -0.0279212; -0.028338; -0.0443817; -0.0452676; -0.0708698
91; 431448; 317291; -0.0462744; -0.047334; -0.0698215; -0.0710921; -0.107832
91.2; 451177; 305224; -0.0692317; -0.0705972; -0.0966191; -0.0980228; -0.140881
91.4; 485358; 295244; -0.0929739; -0.094662; -0.119378; -0.121414; -0.162897
91.6; 508516; 311187; -0.11649; -0.118049; -0.138354; -0.140406; -0.174793
91.8; 507196; 382568; -0.139957; -0.140962; -0.156545; -0.156918; -0.182819
92; 500617; 455560; -0.160387; -0.160488; -0.171418; -0.171504; -0.189077
92.2; 533002; 435752; -0.173372; -0.173451; -0.179559; -0.179045; -0.188243
92.4; 603041; 365852; -0.178515; -0.177676; -0.177386; -0.176538; -0.174205
92.6; 663396; 367072; -0.17484; -0.174642; -0.165321; -0.163859; -0.147035
92.8; 643380; 459037; -0.165417; -0.163834; -0.147256; -0.14501; -0.114928
93; 598089; 581757; -0.150957; -0.148504; -0.128145; -0.125299; -0.0881625
93.2; 591753; 585925; -0.132486; -0.129576; -0.108638; -0.105689; -0.0672589
93.4; 624553; 463890; -0.111255; -0.108825; -0.0884443; -0.0856271; -0.048293
93.6; 670788; 432619; -0.0875843; -0.0847173; -0.0662595; -0.063836; -0.0294214
93.8; 693697; 487139; -0.0610237; -0.0585627; -0.0431799; -0.0408768; -0.0121223
94; 684868; 518220; -0.0374779; -0.0350847; -0.0243904; -0.0221598; -0.00119736
94.2; 642134; 502819; -0.0211236; -0.0194188; -0.0144367; -0.013248; -0.0024291
94.4; 560715; 443022; -0.0150306; -0.0141178; -0.0167642; -0.0161297; -0.0185251
94.6; 469824; 372672; -0.0196067; -0.0195184; -0.0303833; -0.0306324; -0.047255
94.8; 428090; 334271; -0.0331945; -0.0339311; -0.0522736; -0.0534475; -0.0831288
95; 431666; 310898; -0.0535551; -0.0547284; -0.0789294; -0.0801232; -0.119716
95.2; 459583; 296255; -0.0771921; -0.0785483; -0.104778; -0.106351; -0.149729
95.4; 496826; 294321; -0.10077; -0.102358; -0.126311; -0.127566; -0.167535
95.6; 509606; 328716; -0.124477; -0.125366; -0.144488; -0.145769; -0.177477
95.8; 501876; 411211; -0.147103; -0.148326; -0.162075; -0.162177; -0.185279
96; 508602; 457676; -0.165686; -0.165392; -0.175127; -0.174919; -0.190045
96.2; 555630; 404750; -0.175592; -0.176029; -0.179956; -0.179455; -0.185258
96.4; 627030; 349760; -0.178084; -0.177554; -0.174281; -0.173367; -0.166403
96.6; 661290; 394377; -0.173094; -0.171379; -0.160032; -0.158038; -0.13643
96.8; 623459; 504045; -0.161334; -0.159207; -0.140873; -0.138726; -0.105403
97; 592525; 597495; -0.145246; -0.142712; -0.121849; -0.118862; -0.0807807
97.2; 597509; 546071; -0.125614; -0.122633; -0.101914; -0.0989722; -0.0607683
97.4; 636819; 435670; -0.103611; -0.101106; -0.0811303; -0.078622; -0.041961
97.6; 683434; 439894; -0.0787169; -0.0759701; -0.0584974; -0.0558578; -0.0231514
97.8; 697686; 496886; -0.0527952; -0.0502765; -0.0362642; -0.0339979; -0.00751183
98; 676893; 517701; -0.0314131; -0.0292211; -0.0202003; -0.0182878; -0.000260674
98.2; 616846; 486976; -0.0181259; -0.0167346; -0.0141402; -0.0129197; -0.00623761
98.4; 529772; 415535; -0.0155868; -0.0147651; -0.0202239; -0.0197244; -0.026735
98.6; 452865; 356606; -0.0230682; -0.0232982; -0.0367169; -0.0373328; -0.0584598
98.8; 423161; 324652; -0.0392401; -0.040018; -0.0607177; -0.0617811; -0.0953
99; 431163; 306141; -0.0611959; -0.0623796; -0.0877032; -0.0891516; -0.130722
99.2; 468349; 293748; -0.085099; -0.0866823; -0.112605; -0.113968; -0.157048
99.4; 505965; 298976; -0.108756; -0.11031; -0.132762; -0.134002; -0.171554
99.6; 508361; 351291; -0.132392; -0.13311; -0.150501; -0.151462; -0.180186
99.8; 498618; 435333; -0.154005; -0.154379; -0.166925; -0.166834; -0.187214
100; 521803; 449991; -0.169749; -0.169473; -0.177586; -0.177288; -0.189662
100.2; 574957; 375054; -0.177374; -0.177077; -0.179254; -0.178416; -0.180609
100.4; 641017; 350252; -0.177075; -0.176283; -0.17013; -0.169284; -0.157388
100.6; 653087; 425042; -0.169782; -0.168006; -0.154016; -0.151757; -0.125713
100.8; 610494; 543634; -0.156739; -0.154098; -0.134741; -0.13216; -0.0965982
101; 595920; 601979; -0.139261; -0.136312; -0.115409; -0.112423; -0.0739232
101.2; 613092; 494943; -0.118734; -0.115794; -0.0952784; -0.0924641; -0.0545756
101.4; 658974; 421227; -0.0958218; -0.0930512; -0.0739453; -0.0712427; -0.0357124
101.6; 690027; 461127; -0.0697544; -0.0672883; -0.0506673; -0.0483059; -0.0174518
101.8; 690658; 505861; -0.0450053; -0.0425374; -0.0300453; -0.0277349; -0.00373215
102; 665716; 509913; -0.0259193; -0.0240459; -0.0167745; -0.0151762; -0.000405582
102.2; 593909; 462065; -0.016109; -0.0148477; -0.0147367; -0.013695; -0.0111352
102.4; 502213; 394975; -0.0170499; -0.0165564; -0.0246725; -0.0244659; -0.0361427
102.6; 436661; 342911; -0.0276157; -0.0280933; -0.0441037; -0.0449586; -0.0705697
102.8; 426833; 314634; -0.0459641; -0.0469037; -0.0696631; -0.0707054; -0.107729
103; 445855; 300065; -0.0689177; -0.070256; -0.0963072; -0.0979231; -0.140922
103.2; 488706; 287576; -0.0928723; -0.0943465; -0.119522; -0.120949; -0.16283
103.4; 510096; 309007; -0.116627; -0.117557; -0.138644; -0.139714; -0.174541
103.6; 510756; 384366; -0.139885; -0.140806; -0.156398; -0.156744; -0.182554
103.8; 502003; 451034; -0.160162; -0.160449; -0.171266; -0.171402; -0.188918
104; 537391; 429646; -0.173377; -0.173111; -0.179516; -0.178962; -0.188347
104.2; 598319; 358766; -0.178015; -0.177836; -0.177308; -0.176548; -0.17443
104.4; 657441; 365153; -0.175395; -0.174182; -0.165461; -0.163987; -0.147279
104.6; 644192; 460396; -0.165687; -0.163749; -0.147514; -0.145088; -0.115239
104.8; 602321; 575210; -0.151172; -0.148696; -0.128456; -0.125556; -0.0885894
105; 597138; 576990; -0.132846; -0.129844; -0.109054; -0.105983; -0.0675973
105.2; 626535; 457267; -0.111665; -0.109086; -0.0886558; -0.0861163; -0.0487028
105.4; 670690; 427192; -0.0878093; -0.0850258; -0.0667067; -0.0639316; -0.0297017
105.6; 691077; 481940; -0.061268; -0.0588096; -0.0433513; -0.0409512; -0.0120761
105.8; 686260; 514062; -0.0378607; -0.0354843; -0.0245281; -0.0224474; -0.00106824
106; 642880; 500059; -0.0213003; -0.0197858; -0.0146976; -0.0131765; -0.0022521
106.2; 561062; 437339; -0.0152288; -0.0141358; -0.0167752; -0.0160332; -0.0181885
106.4; 473529; 372445; -0.0195733; -0.0194616; -0.0303211; -0.0305026; -0.0470409
106.6; 427935; 331209; -0.0329866; -0.0337042; -0.0522224; -0.0531148; -0.0829798
106.8; 431734; 307708; -0.0532182; -0.0542714; -0.0785095; -0.0798302; -0.11945
107; 459307; 294768; -0.076744; -0.0782177; -0.10449; -0.105934; -0.149422
107.2; 496498; 291254; -0.100658; -0.101899; -0.12602; -0.127359; -0.167328
107.4; 513804; 332116; -0.124223; -0.125356; -0.144468; -0.145567; -0.177439
107.6; 504164; 408605; -0.147046; -0.148165; -0.161897; -0.162216; -0.185226
107.8; 506279; 453476; -0.165402; -0.165434; -0.174978; -0.174941; -0.190083
108; 554251; 406125; -0.175886; -0.175528; -0.180055; -0.179301; -0.185341
108.2; 624822; 346027; -0.177934; -0.177231; -0.174098; -0.173282; -0.166448
108.4; 662901; 391250; -0.172579; -0.171588; -0.159841; -0.158078; -0.136482
108.6; 620850; 502572; -0.1616; -0.159179; -0.141285; -0.138721; -0.10574
108.8; 588347; 598317; -0.145466; -0.143277; -0.122278; -0.119359; -0.0813883
109; 598214; 540533; -0.126264; -0.123257; -0.102593; -0.0995611; -0.0613539
109.2; 639020; 437094; -0.10412; -0.101618; -0.0815732; -0.0791333; -0.0423726
109.4; 682135; 441002; -0.0787865; -0.0760951; -0.0585997; -0.0559182; -0.0232908
109.6; 694065; 497551; -0.0528051; -0.0502665; -0.0361904; -0.0339296; -0.00728123
109.8; 674155; 514282; -0.0313064; -0.0291264; -0.0200299; -0.0180211; 0.000116528
110; 615202; 477891; -0.0181063; -0.0166815; -0.0139329; -0.012817; -0.00587669
110.2; 526939; 415651; -0.0155594; -0.0148266; -0.0200734; -0.0197467; -0.0265283
110.4; 449867; 357874; -0.023109; -0.0233658; -0.0367944; -0.0372925; -0.0584265
110.6; 424414; 322574; -0.0391334; -0.0399493; -0.0600722; -0.062197; -0.095143
110.8; 433614; 301826; -0.0607883; -0.0620944; -0.0874804; -0.08868; -0.130351
111; 466273; 294271; -0.0846438; -0.0861309; -0.111827; -0.113753; -0.156578
111.2; 505284; 301772; -0.107604; -0.110453; -0.131391; -0.134506; -0.17127
111.4; 511728; 353433; -0.131283; -0.133995; -0.149669; -0.152202; -0.18026
111.6; 490235; 429090; -0.153801; -0.15485; -0.167148; -0.166995; -0.187478
111.8; 509638; 449557; -0.169984; -0.169652; -0.177584; -0.177734; -0.189901
112; 579473; 379630; -0.177109; -0.177647; -0.179394; -0.178448; -0.180594
112.2; 644963; 355298; -0.177217; -0.17607; -0.170111; -0.169246; -0.157321
112.4; 646613; 423252; -0.16947; -0.167962; -0.153994; -0.151723; -0.125965
112.6; 603957; 536425; -0.156745; -0.154287; -0.134859; -0.132505; -0.0970319
112.8; 584418; 595359; -0.139596; -0.136664; -0.115776; -0.112827; -0.0743864
113; 603677; 501434; -0.11901; -0.116387; -0.0957434; -0.0927988; -0.0549443
113.2; 653583; 425323; -0.0963218; -0.0934691; -0.074126; -0.0716537; -0.0357278
113.4; 684996; 464336; -0.0700486; -0.0673765; -0.0507404; -0.0482672; -0.0171896
113.6; 684172; 510932; -0.045048; -0.0426515; -0.030053; -0.027718; -0.00356826
113.8; 655763; 509917; -0.0258159; -0.0239023; -0.0166759; -0.0150071; -0.000236279
114; 585891; 458767; -0.0160213; -0.0148952; -0.0145803; -0.0138987; -0.0112532
114.2; 493568; 391116; -0.0170032; -0.0165827; -0.024645; -0.0245152; -0.0361908
114.4; 433975; 342774; -0.0276693; -0.0279673; -0.0441276; -0.0447068; -0.0703065
114.6; 425563; 313919; -0.0455839; -0.0470993; -0.0692579; -0.0706459; -0.107268
114.8; 443945; 299718; -0.0688843; -0.0700862; -0.0961848; -0.097549; -0.140396
115; 480923; 288927; -0.092623; -0.0944106; -0.119389; -0.120836; -0.162666
115.2; 506539; 311767; -0.11614; -0.117826; -0.138542; -0.139776; -0.174682
115.4; 508841; 382266; -0.139905; -0.140569; -0.156166; -0.157051; -0.182844
115.6; 499051; 443636; -0.159846; -0.160572; -0.171417; -0.171274; -0.189165
115.8; 526007; 430126; -0.173113; -0.17318; -0.17931; -0.179034; -0.18834
116; 599435; 363725; -0.178192; -0.177498; -0.177307; -0.176339; -0.174212
116.2; 655747; 361241; -0.174985; -0.174543; -0.165383; -0.164054; -0.147335
116.4; 634532; 457485; -0.166073; -0.163859; -0.147781; -0.145421; -0.115627
116.6; 590875; 579324; -0.151362; -0.149087; -0.128702; -0.125896; -0.0888768
116.8; 586857; 579935; -0.132845; -0.13015; -0.109101; -0.106222; -0.0677711
117; 620221; 458742; -0.11175; -0.10893; -0.0886727; -0.086041; -0.0486672
117.2; 666300; 425713; -0.087635; -0.0850258; -0.0665223; -0.0638506; -0.0294752
117.4; 686756; 478440; -0.0613181; -0.0587457; -0.0433935; -0.0408644; -0.011988
117.6; 678313; 513892; -0.0378554; -0.035515; -0.0245571; -0.0224263; -0.00106864
117.8; 632806; 501574; -0.0214067; -0.0198466; -0.0146076; -0.0133723; -0.00226568
118; 549142; 436841; -0.0152901; -0.0142456; -0.0167631; -0.0160997; -0.0181295
118.2; 463742; 368176; -0.0194573; -0.0194824; -0.030114; -0.0304341; -0.0468109
118.4; 425616; 332281; -0.0328453; -0.0336467; -0.0517166; -0.0532575; -0.0826773
118.6; 426284; 307693; -0.053132; -0.054231; -0.0785176; -0.0795822; -0.119233
118.8; 451789; 296586; -0.0767011; -0.0781051; -0.104314; -0.105936; -0.149321
119; 495142; 292253; -0.100402; -0.101951; -0.125953; -0.127275; -0.167308
119.2; 514302; 325768; -0.124066; -0.125336; -0.14441; -0.145479; -0.177359
119.4; 495498; 407539; -0.146686; -0.14816; -0.161642; -0.162131; -0.185112
119.6; 498245; 457514; -0.164841; -0.165936; -0.174888; -0.174969; -0.190066
119.8; 551436; 400244; -0.176095; -0.17553; -0.180144; -0.179462; -0.185508
120; 623131; 346836; -0.177974; -0.177591; -0.174438; -0.173402; -0.166704
