0.004; 1098.9; 3109.01; 1.94798e-06; 2.33584e-06; 1.72539e-06; 2.00949e-06; 1.49825e-06
0.2; 66147.1; 132373; 0.000152519; -0.000895165; 2.56892e-06; -0.00117677; -5.85797e-05
0.4; 330638; 524624; -0.0051621; -0.00487052; -0.00691091; -0.00623298; -0.00838254
0.6; 559427; 612948; -0.0157824; -0.015675; -0.0199258; -0.0197743; -0.0253415
0.8; 566984; 469643; -0.0302206; -0.0317782; -0.0372196; -0.0396665; -0.048869
1; 593746; 427860; -0.0469988; -0.0469925; -0.0577648; -0.0578431; -0.0740088
1.2; 628004; 476411; -0.061063; -0.0612831; -0.0741555; -0.0743335; -0.0945835
1.4; 627376; 454049; -0.0741512; -0.0741275; -0.087758; -0.0878415; -0.109135
1.6; 585003; 447856; -0.0877012; -0.0880482; -0.100564; -0.100977; -0.121103
1.8; 548470; 482201; -0.104059; -0.103787; -0.115362; -0.115262; -0.133237
2; 521971; 494739; -0.122847; -0.122643; -0.132746; -0.132515; -0.147716
2.2; 495409; 491030; -0.143087; -0.143174; -0.151963; -0.152171; -0.16533
2.4; 483664; 502712; -0.162588; -0.16262; -0.171038; -0.171042; -0.183305
2.6; 492857; 495878; -0.177649; -0.177539; -0.184946; -0.184869; -0.195455
2.8; 507329; 481118; -0.187063; -0.186684; -0.192259; -0.191923; -0.199497
3; 505594; 517118; -0.193258; -0.192498; -0.196521; -0.195736; -0.200522
3.2; 507087; 547881; -0.197659; -0.196717; -0.199233; -0.198331; -0.200721
3.4; 526431; 528947; -0.201194; -0.200078; -0.201172; -0.199991; -0.199682
3.6; 549014; 517509; -0.202952; -0.201837; -0.201024; -0.199891; -0.196276
3.8; 578784; 509176; -0.200876; -0.199694; -0.19632; -0.195176; -0.187218
4; 604118; 504143; -0.194178; -0.192785; -0.186721; -0.185264; -0.172518
4.2; 604883; 545751; -0.183276; -0.181585; -0.173664; -0.171963; -0.155993
4.4; 604803; 580156; -0.169462; -0.167646; -0.15893; -0.157124; -0.139951
4.6; 621268; 570193; -0.154135; -0.152145; -0.143567; -0.141525; -0.124395
4.8; 648425; 546000; -0.13783; -0.135849; -0.127512; -0.12551; -0.108958
5; 685801; 523570; -0.121093; -0.119083; -0.110896; -0.108864; -0.0924877
5.2; 724163; 507560; -0.103939; -0.102031; -0.0936015; -0.0916422; -0.074806
5.4; 752849; 514187; -0.0864205; -0.0846288; -0.0758699; -0.0740722; -0.0567771
5.6; 768886; 527552; -0.069238; -0.067348; -0.0588206; -0.0569045; -0.0398061
5.8; 768046; 531471; -0.0528318; -0.0509615; -0.0431825; -0.04131; -0.0255013
6; 757143; 532014; -0.0380452; -0.0363014; -0.0299288; -0.0281876; -0.0149263
6.2; 746562; 520546; -0.025794; -0.0241357; -0.0198199; -0.0181773; -0.00846065
6.4; 736646; 506415; -0.016515; -0.0150213; -0.0129719; -0.0115004; -0.00569043
6.6; 729751; 492172; -0.0103749; -0.00911012; -0.00917572; -0.00792753; -0.00575933
6.8; 722637; 479735; -0.00739283; -0.00636832; -0.00824123; -0.00723488; -0.00815536
7; 707558; 477101; -0.00755792; -0.00674076; -0.0101843; -0.00938177; -0.0129758
7.2; 681334; 474060; -0.0107436; -0.0101818; -0.0150108; -0.014427; -0.0204921
7.4; 646834; 470999; -0.0169978; -0.0164734; -0.0228376; -0.0224; -0.0310312
7.6; 610822; 472350; -0.0260821; -0.0257089; -0.0336559; -0.033295; -0.0447373
7.8; 583057; 470130; -0.0379375; -0.0376479; -0.0471573; -0.0469004; -0.061041
8; 567746; 466658; -0.0521568; -0.0520068; -0.0627723; -0.0626952; -0.0790788
8.2; 563094; 463245; -0.0683066; -0.0682838; -0.0799383; -0.0799483; -0.0978732
8.4; 558452; 459817; -0.085771; -0.0858589; -0.0978827; -0.0980113; -0.116601
8.6; 547217; 457799; -0.103888; -0.104011; -0.11598; -0.116127; -0.13459
8.8; 529939; 458724; -0.121946; -0.122068; -0.133566; -0.133698; -0.151353
9; 511201; 462859; -0.139348; -0.139409; -0.150128; -0.150182; -0.166524
9.2; 497126; 467866; -0.15555; -0.155501; -0.165176; -0.165127; -0.179699
9.4; 490931; 474193; -0.170077; -0.16992; -0.178268; -0.178108; -0.190443
9.6; 492507; 479357; -0.182445; -0.182134; -0.188898; -0.188566; -0.198189
9.8; 500926; 483870; -0.192246; -0.191774; -0.196669; -0.196174; -0.202577
10; 512084; 489670; -0.199193; -0.198576; -0.201404; -0.200777; -0.203644
10.2; 523635; 496044; -0.203076; -0.202225; -0.203067; -0.202172; -0.201518
10.4; 536288; 502301; -0.20367; -0.20263; -0.201512; -0.200437; -0.196392
10.6; 550366; 507368; -0.200956; -0.199707; -0.196822; -0.195542; -0.188397
10.8; 565104; 512822; -0.194996; -0.193578; -0.189142; -0.187683; -0.177856
11; 581694; 516403; -0.186103; -0.184523; -0.178788; -0.177166; -0.165063
11.2; 600144; 516802; -0.174476; -0.172749; -0.16589; -0.164127; -0.150048
11.4; 621089; 514206; -0.160387; -0.158556; -0.150683; -0.14882; -0.132983
11.6; 642422; 511345; -0.144392; -0.142468; -0.133743; -0.131795; -0.114466
11.8; 660242; 510664; -0.12708; -0.125178; -0.115786; -0.113856; -0.0954747
12; 673854; 508033; -0.109178; -0.107245; -0.0976557; -0.095696; -0.0769807
12.2; 685605; 505051; -0.0913103; -0.0893414; -0.0800319; -0.0780624; -0.0597654
12.4; 695964; 502677; -0.0739237; -0.0720741; -0.0634256; -0.0615524; -0.0444797
12.6; 707192; 496837; -0.05765; -0.0558214; -0.0483305; -0.0465216; -0.0313841
12.8; 717977; 489755; -0.0428961; -0.0411516; -0.0350807; -0.033371; -0.0206245
13; 722847; 482167; -0.0301519; -0.0285357; -0.0240524; -0.0224514; -0.012416
13.2; 719982; 476027; -0.0198292; -0.0183752; -0.0155446; -0.0141189; -0.00693943
13.4; 708723; 471371; -0.0123415; -0.0110934; -0.00996176; -0.00868137; -0.00446643
13.6; 688535; 467490; -0.00802151; -0.00689616; -0.00751963; -0.00642875; -0.00519889
13.8; 662237; 464329; -0.00685404; -0.00605396; -0.00834798; -0.00749989; -0.00931374
14; 634075; 460365; -0.00907298; -0.00835461; -0.0125255; -0.0118464; -0.0168052
14.2; 608177; 455933; -0.0144071; -0.0138308; -0.0198772; -0.0193112; -0.0274456
14.4; 587944; 450459; -0.022639; -0.0222913; -0.0299895; -0.0296865; -0.0407657
14.6; 574465; 445442; -0.0336514; -0.0334163; -0.0426519; -0.0424797; -0.056169
14.8; 564821; 442458; -0.0470763; -0.0470146; -0.0574017; -0.0573742; -0.0731111
15; 554295; 440906; -0.0625758; -0.0625961; -0.0738049; -0.0738658; -0.0910363
15.2; 542231; 440165; -0.0795092; -0.079687; -0.0912723; -0.0914754; -0.109444
15.4; 527198; 441842; -0.0974382; -0.097529; -0.109348; -0.109482; -0.127731
15.6; 511057; 446203; -0.115525; -0.115653; -0.127261; -0.127376; -0.145314
15.8; 497196; 449704; -0.133265; -0.133339; -0.144413; -0.144494; -0.161505
16; 487953; 452678; -0.150036; -0.150049; -0.160226; -0.160247; -0.175719
16.2; 484808; 454739; -0.165243; -0.165191; -0.17407; -0.173988; -0.187252
16.4; 486851; 454061; -0.178306; -0.178091; -0.185263; -0.18504; -0.195368
16.6; 488560; 460560; -0.188898; -0.18853; -0.193759; -0.193369; -0.200374
16.8; 490228; 474846; -0.196895; -0.196356; -0.199707; -0.199128; -0.202916
17; 498715; 482879; -0.202105; -0.201336; -0.202957; -0.202166; -0.20291
17.2; 516070; 482042; -0.20401; -0.203075; -0.202886; -0.201902; -0.199531
17.4; 536637; 481779; -0.202392; -0.201251; -0.19916; -0.197972; -0.192282
17.6; 551333; 490001; -0.197369; -0.196028; -0.19211; -0.190723; -0.181844
17.8; 561251; 502615; -0.189363; -0.187843; -0.182391; -0.18083; -0.169236
18; 573073; 504977; -0.178652; -0.176999; -0.170278; -0.168588; -0.15478
18.2; 588311; 497950; -0.165492; -0.16372; -0.155985; -0.15418; -0.138592
18.4; 605757; 492323; -0.150227; -0.148363; -0.139825; -0.137931; -0.120946
18.6; 623626; 489971; -0.133333; -0.131456; -0.122292; -0.120389; -0.102402
18.8; 641486; 489844; -0.11548; -0.113602; -0.104122; -0.102205; -0.0837389
19; 657933; 487694; -0.0974237; -0.0955023; -0.0861128; -0.0841731; -0.0658196
19.2; 671192; 484277; -0.0798009; -0.0777846; -0.0689974; -0.0669666; -0.0494731
19.4; 681673; 481059; -0.0630695; -0.0611584; -0.0532368; -0.0513123; -0.0353543
19.6; 689795; 475497; -0.0478116; -0.045987; -0.0393433; -0.0375122; -0.023708
19.8; 693707; 468774; -0.0343784; -0.0327378; -0.0275636; -0.025929; -0.0147259
20; 693486; 461131; -0.0231914; -0.0217423; -0.0181996; -0.0167862; -0.00844791
20.2; 686035; 453994; -0.014652; -0.0133535; -0.0115887; -0.0102973; -0.00500306
20.4; 670179; 450822; -0.00901616; -0.00799453; -0.00788498; -0.00688664; -0.00460356
20.6; 648239; 448915; -0.0066661; -0.00577199; -0.00752182; -0.00658235; -0.00741855
20.8; 623770; 444524; -0.00771929; -0.00689441; -0.0104835; -0.00970733; -0.0136127
21; 599186; 440849; -0.0119764; -0.0113897; -0.0167241; -0.0161477; -0.0231272
21.2; 578178; 435980; -0.0193622; -0.018927; -0.0260047; -0.0256033; -0.0355678
21.4; 563073; 432278; -0.0294998; -0.0292572; -0.0378805; -0.0377062; -0.0503923
21.6; 552549; 429476; -0.042127; -0.0420146; -0.0520016; -0.0519174; -0.0669359
21.8; 543219; 427163; -0.0568568; -0.0568711; -0.0678072; -0.067876; -0.0845942
22; 533138; 426198; -0.073221; -0.0733508; -0.0848565; -0.0850456; -0.102834
22.2; 520707; 425501; -0.0906798; -0.0909751; -0.102644; -0.102926; -0.121164
22.4; 505962; 429021; -0.108859; -0.108944; -0.120706; -0.120835; -0.138997
22.6; 491731; 433494; -0.126832; -0.126936; -0.138214; -0.138363; -0.15576
22.8; 481538; 437680; -0.144092; -0.144201; -0.154689; -0.154734; -0.1708
23; 476525; 440587; -0.160066; -0.160036; -0.169403; -0.169395; -0.183494
23.2; 478175; 439914; -0.173953; -0.173807; -0.181603; -0.181452; -0.19286
23.4; 480127; 442839; -0.185362; -0.18511; -0.19099; -0.190672; -0.198843
23.6; 479490; 456297; -0.19428; -0.193799; -0.197798; -0.197312; -0.202222
23.8; 484481; 468166; -0.200509; -0.199835; -0.202085; -0.201366; -0.203226
24; 499291; 468372; -0.203666; -0.202825; -0.203296; -0.202404; -0.201205
24.2; 518868; 464946; -0.203341; -0.202296; -0.200885; -0.199794; -0.195329
24.4; 535720; 470343; -0.199526; -0.198272; -0.194963; -0.193665; -0.18587
24.6; 545860; 484959; -0.192532; -0.191092; -0.18613; -0.184639; -0.173934
24.8; 554696; 492008; -0.182773; -0.18117; -0.174862; -0.173217; -0.160137
25; 567976; 487133; -0.170443; -0.168725; -0.161308; -0.159555; -0.144525
25.2; 583497; 479308; -0.155881; -0.154065; -0.14577; -0.143921; -0.127379
25.4; 600383; 476008; -0.139511; -0.137627; -0.128665; -0.126754; -0.109068
25.6; 617209; 475873; -0.12188; -0.120088; -0.110589; -0.108747; -0.0903266
25.8; 633510; 474932; -0.103868; -0.101955; -0.0924645; -0.0905419; -0.0720278
26; 647671; 471196; -0.0859804; -0.084089; -0.0749036; -0.0730105; -0.0550201
26.2; 657847; 468364; -0.0688491; -0.0670264; -0.0585752; -0.0567548; -0.0400515
26.4; 665821; 464495; -0.05303; -0.0512672; -0.0439996; -0.0422231; -0.0274785
26.6; 671191; 457954; -0.0388561; -0.037228; -0.031381; -0.0297743; -0.0174983
26.8; 672603; 449536; -0.0267898; -0.02535; -0.0211235; -0.019665; -0.0102088
27; 668640; 441640; -0.0172834; -0.0159156; -0.0134826; -0.0121576; -0.00570267
27.2; 656313; 438831; -0.0105359; -0.00941029; -0.00867869; -0.00758524; -0.00416723
27.4; 638761; 437042; -0.00694868; -0.0060651; -0.00705567; -0.00617268; -0.00580449
27.6; 616602; 432673; -0.00685166; -0.00600672; -0.00890677; -0.00806652; -0.010814
27.8; 592465; 429484; -0.0100155; -0.00936045; -0.014018; -0.0134231; -0.0192445
28; 571033; 425810; -0.0163307; -0.0158477; -0.0223009; -0.0218502; -0.0307467
28.2; 554609; 422753; -0.0254758; -0.0251911; -0.0332902; -0.0330321; -0.0448195
28.4; 543706; 418785; -0.0372221; -0.0370701; -0.0466052; -0.0465238; -0.0607868
28.6; 535394; 415794; -0.0511993; -0.0511914; -0.0618221; -0.0618523; -0.0780448
28.8; 526136; 416030; -0.0670389; -0.0671242; -0.0784808; -0.0785988; -0.0960759
29; 515298; 415638; -0.0841476; -0.0844576; -0.0960239; -0.0963381; -0.114418
29.2; 501844; 417674; -0.102189; -0.102381; -0.114108; -0.114305; -0.132515
29.4; 487934; 421702; -0.120335; -0.120446; -0.131931; -0.132061; -0.149791
29.6; 476902; 426000; -0.137918; -0.138033; -0.148846; -0.148947; -0.165571
29.8; 470589; 429923; -0.15441; -0.154461; -0.164278; -0.164315; -0.17924
30; 470894; 430390; -0.169113; -0.169008; -0.177464; -0.177353; -0.189877
30.2; 472999; 431192; -0.181406; -0.181261; -0.187805; -0.187628; -0.197013
30.4; 472545; 441376; -0.191318; -0.1909; -0.195599; -0.195157; -0.20125
30.6; 472910; 454965; -0.198552; -0.197998; -0.200823; -0.200231; -0.203161
30.8; 484015; 459719; -0.20294; -0.202161; -0.203264; -0.202442; -0.20232
31; 503017; 456324; -0.2039; -0.202952; -0.202195; -0.201196; -0.197891
31.2; 521318; 457693; -0.201298; -0.200144; -0.197482; -0.196279; -0.189649
31.4; 532716; 470781; -0.195367; -0.194; -0.189605; -0.188191; -0.178498
31.6; 541163; 480782; -0.186545; -0.185004; -0.17916; -0.177573; -0.165316
31.8; 552642; 478968; -0.175126; -0.173466; -0.16641; -0.164709; -0.15034
32; 566063; 471137; -0.161364; -0.159589; -0.151578; -0.149767; -0.133715
32.2; 581223; 467533; -0.145641; -0.143776; -0.135016; -0.133122; -0.115774
32.4; 597826; 467478; -0.128377; -0.126601; -0.117188; -0.115367; -0.0970814
32.6; 614482; 466791; -0.110441; -0.108572; -0.099; -0.0971114; -0.0784995
32.8; 628802; 463719; -0.0924217; -0.0905185; -0.0811513; -0.079226; -0.0609134
33; 639274; 460533; -0.0749073; -0.0730782; -0.0642631; -0.0624459; -0.0451339
33.2; 647989; 456297; -0.0585287; -0.0567567; -0.0489876; -0.0472094; -0.0316403
33.4; 654104; 451054; -0.0437653; -0.0420004; -0.0356765; -0.0339168; -0.0206879
33.6; 656708; 444288; -0.0309004; -0.0293304; -0.0245298; -0.0229827; -0.0124581
33.8; 655980; 436019; -0.0203969; -0.0190607; -0.0158948; -0.0145728; -0.00694811
34; 647000; 431084; -0.0126496; -0.0114621; -0.010065; -0.00890503; -0.00432957
34.2; 631270; 428731; -0.00793546; -0.00696944; -0.0072956; -0.00636256; -0.00483276
34.4; 610836; 426250; -0.00652349; -0.00569773; -0.00786608; -0.00702576; -0.00861343
34.6; 588768; 423455; -0.0084607; -0.0077137; -0.0117355; -0.0110475; -0.0157352
34.8; 567107; 419173; -0.0135431; -0.0130267; -0.0188152; -0.0183083; -0.0260894
35; 549573; 414469; -0.0216777; -0.0213186; -0.0288346; -0.0285143; -0.0392758
35.2; 537069; 411665; -0.0325214; -0.0323344; -0.0413624; -0.041248; -0.0546532
35.4; 528744; 409122; -0.0457799; -0.045729; -0.0560145; -0.0559921; -0.0715641
35.6; 520750; 408089; -0.0610523; -0.0611294; -0.0722334; -0.0723682; -0.0894296
35.8; 511236; 408039; -0.0778364; -0.0779963; -0.0895916; -0.0897807; -0.107741
36; 499315; 408895; -0.0955063; -0.0958475; -0.107449; -0.107801; -0.12598
36.2; 486291; 412228; -0.113704; -0.113799; -0.12546; -0.125577; -0.143569
36.4; 474673; 416914; -0.131473; -0.131612; -0.14269; -0.142831; -0.159926
36.6; 466987; 419869; -0.148422; -0.148519; -0.15873; -0.158817; -0.174442
36.8; 464289; 421388; -0.163884; -0.163873; -0.17288; -0.172844; -0.186358
37; 466793; 421455; -0.177159; -0.177015; -0.184322; -0.18417; -0.194802
37.2; 468150; 427484; -0.187945; -0.187624; -0.193024; -0.192654; -0.199977
37.4; 466767; 442726; -0.196135; -0.195687; -0.199132; -0.198644; -0.202694
37.6; 473227; 451397; -0.201676; -0.200967; -0.202706; -0.201963; -0.20295
37.8; 489746; 449296; -0.203957; -0.20309; -0.203024; -0.202085; -0.199973
38; 508307; 446745; -0.202654; -0.201586; -0.199605; -0.198502; -0.193081
38.2; 522782; 457709; -0.197886; -0.196592; -0.192788; -0.191456; -0.182806
38.4; 530713; 470297; -0.190061; -0.188582; -0.183226; -0.181694; -0.170299
38.6; 539184; 471705; -0.179562; -0.177948; -0.171309; -0.169651; -0.156019
38.8; 552694; 464900; -0.166643; -0.164909; -0.157237; -0.155463; -0.139998
39; 566707; 459545; -0.151599; -0.14978; -0.141274; -0.139425; -0.12253
39.2; 582352; 458825; -0.134866; -0.133023; -0.123852; -0.121976; -0.103993
39.4; 599150; 460596; -0.117062; -0.115264; -0.105665; -0.103828; -0.0852263
39.6; 613033; 456513; -0.0989947; -0.0971173; -0.0875778; -0.0856867; -0.0671133
39.8; 624634; 452273; -0.0812057; -0.0793559; -0.0702373; -0.0683967; -0.050554
40; 634075; 450465; -0.0643387; -0.0625489; -0.0543148; -0.0525195; -0.0361871
40.2; 639748; 445345; -0.048904; -0.0471911; -0.0402258; -0.0385237; -0.024324
40.4; 643716; 438592; -0.0352744; -0.0337319; -0.0282591; -0.0267284; -0.0151467
40.6; 645541; 430343; -0.0239102; -0.0225151; -0.0187227; -0.0173418; -0.00863545
40.8; 639932; 424181; -0.0151436; -0.0139068; -0.0118545; -0.0106496; -0.00495378
41; 626304; 423461; -0.00929531; -0.00826712; -0.00793815; -0.00693525; -0.00425978
41.2; 608119; 420396; -0.00664551; -0.0057869; -0.00724368; -0.00637051; -0.00676491
41.4; 587355; 417279; -0.00734797; -0.0065587; -0.00988716; -0.00912946; -0.0126304
41.6; 565338; 413542; -0.0112395; -0.010654; -0.0157766; -0.0152127; -0.0218517
41.8; 546543; 409793; -0.0182782; -0.017856; -0.0247504; -0.0243799; -0.034068
42; 533129; 405897; -0.0281655; -0.0279207; -0.0364334; -0.0362437; -0.0487553
42.2; 524443; 402472; -0.040598; -0.0405116; -0.0503758; -0.0503284; -0.0651913
42.4; 516772; 401092; -0.0552033; -0.0552253; -0.0660877; -0.0661677; -0.0827682
42.6; 507657; 401971; -0.0714672; -0.0716272; -0.0830607; -0.0832595; -0.100948
42.8; 497391; 402571; -0.088841; -0.0891868; -0.100763; -0.101118; -0.119265
43; 485304; 403292; -0.106977; -0.107098; -0.118836; -0.118993; -0.137144
43.2; 473408; 408331; -0.124887; -0.125102; -0.136358; -0.136569; -0.154041
43.4; 464258; 412719; -0.142286; -0.14237; -0.152986; -0.153073; -0.169354
43.6; 460033; 415006; -0.158366; -0.158434; -0.167924; -0.167974; -0.182377
43.8; 461427; 414593; -0.172542; -0.172424; -0.18045; -0.18031; -0.192126
44; 464537; 416527; -0.184211; -0.183991; -0.190067; -0.189819; -0.198355
44.2; 463092; 430417; -0.193383; -0.192948; -0.197119; -0.19665; -0.201878
44.4; 465123; 443229; -0.199879; -0.19929; -0.201633; -0.201008; -0.203107
44.6; 478219; 443447; -0.203431; -0.202609; -0.203251; -0.202385; -0.201473
44.8; 497233; 439121; -0.203463; -0.202478; -0.201235; -0.200195; -0.196051
45; 513531; 445025; -0.199948; -0.198779; -0.195614; -0.194385; -0.186921
45.2; 522113; 460007; -0.193276; -0.191862; -0.187053; -0.185595; -0.175168
45.4; 529318; 467093; -0.183784; -0.182216; -0.176015; -0.174409; -0.161537
45.6; 541721; 461379; -0.171743; -0.170066; -0.162715; -0.160998; -0.146119
45.8; 555320; 454203; -0.157408; -0.15563; -0.147373; -0.145558; -0.129098
46; 569697; 452317; -0.141196; -0.139338; -0.130389; -0.128503; -0.110843
46.2; 585216; 454262; -0.12362; -0.121876; -0.112331; -0.11054; -0.092076
46.4; 600125; 451545; -0.105611; -0.103728; -0.0941603; -0.0922674; -0.0736331
46.6; 613009; 446688; -0.087631; -0.0857979; -0.0764472; -0.07461; -0.0564029
46.8; 622263; 445143; -0.07042; -0.0686162; -0.0599874; -0.0581856; -0.0411981
47; 629135; 442765; -0.0544418; -0.0527212; -0.0452072; -0.0434895; -0.0283897
47.2; 635175; 435495; -0.0400951; -0.0385091; -0.0324324; -0.0307816; -0.0181362
47.4; 637343; 427362; -0.0278436; -0.0263735; -0.0218828; -0.0204916; -0.0105877
47.6; 633966; 421674; -0.0180035; -0.0167381; -0.0140035; -0.0126994; -0.00583419
47.8; 623711; 417171; -0.0110038; -0.0099136; -0.00889888; -0.00786798; -0.00401867
48; 607224; 415168; -0.00714543; -0.00622805; -0.00699726; -0.00612179; -0.00535775
48.2; 586821; 412357; -0.00658955; -0.00586728; -0.00844768; -0.00767995; -0.0100323
48.4; 565503; 409453; -0.00945214; -0.00872755; -0.0132197; -0.0125754; -0.018047
48.6; 546360; 406787; -0.0153414; -0.0149014; -0.0210976; -0.0206941; -0.0292308
48.8; 531814; 403057; -0.024214; -0.023909; -0.0318453; -0.0315575; -0.0430506
49; 521827; 399503; -0.0356918; -0.0355568; -0.0449184; -0.0448724; -0.0588875
49.2; 514754; 396397; -0.0494945; -0.0494809; -0.0600215; -0.0600431; -0.0760713
49.4; 506690; 396766; -0.0651801; -0.0652926; -0.076573; -0.076729; -0.0941103
49.6; 496086; 398374; -0.0822934; -0.0824237; -0.0941444; -0.0943276; -0.112462
49.8; 483846; 400950; -0.100188; -0.100387; -0.112133; -0.112343; -0.130593
50; 471724; 404932; -0.1183; -0.118481; -0.129952; -0.130137; -0.147917
50.2; 462743; 407984; -0.135988; -0.136109; -0.146981; -0.147107; -0.163845
50.4; 457134; 410749; -0.152595; -0.152672; -0.162591; -0.162649; -0.177769
50.6; 455563; 413356; -0.167526; -0.16749; -0.176093; -0.176037; -0.188879
50.8; 457068; 413096; -0.180143; -0.179977; -0.186809; -0.186619; -0.196445
51; 458288; 420406; -0.190229; -0.189887; -0.194776; -0.194401; -0.20088
51.2; 459770; 434834; -0.197721; -0.197195; -0.200211; -0.19965; -0.202919
51.4; 467993; 441221; -0.202425; -0.201681; -0.202973; -0.202184; -0.202409
51.6; 484375; 438560; -0.203812; -0.202905; -0.20237; -0.201411; -0.198508
51.8; 503103; 438236; -0.201653; -0.20058; -0.198021; -0.197059; -0.190741
52; 514521; 449380; -0.196093; -0.194895; -0.190615; -0.18919; -0.179816
52.2; 519946; 461308; -0.187717; -0.186148; -0.180431; -0.178877; -0.166807
52.4; 530036; 461506; -0.17654; -0.17488; -0.1679; -0.16623; -0.151978
52.6; 543073; 454961; -0.162949; -0.1612; -0.153233; -0.151443; -0.135477
52.8; 556720; 448567; -0.147348; -0.145505; -0.136792; -0.134909; -0.117637
53; 571597; 448743; -0.130156; -0.128395; -0.11903; -0.11719; -0.098963
53.2; 586151; 448823; -0.112263; -0.110429; -0.10082; -0.0989841; -0.0803346
53.4; 599588; 445115; -0.0942537; -0.0923718; -0.082913; -0.0810416; -0.0625976
53.6; 610545; 441936; -0.0767698; -0.0748036; -0.0659214; -0.0641043; -0.0465466
53.8; 618622; 439707; -0.0602575; -0.058399; -0.0504531; -0.0487192; -0.0327946
54; 624252; 435198; -0.0452531; -0.0435145; -0.0368919; -0.0352418; -0.0215759
54.2; 627546; 428213; -0.0321; -0.0305796; -0.0254877; -0.023983; -0.0130245
54.4; 627598; 418918; -0.0212942; -0.0199463; -0.0165338; -0.0152392; -0.00720851
54.6; 620372; 412229; -0.0132125; -0.012004; -0.0104108; -0.00921922; -0.0042826
54.8; 606272; 412434; -0.00809753; -0.00712981; -0.00725297; -0.00632996; -0.00446506
55; 588404; 410354; -0.00631271; -0.00550301; -0.00746189; -0.006622; -0.00787535
55.2; 567782; 406159; -0.00796922; -0.00722473; -0.0110334; -0.0103445; -0.0146817
55.4; 547291; 403218; -0.0127942; -0.0122815; -0.0178375; -0.0173331; -0.024746
55.6; 531403; 400074; -0.0206624; -0.0202928; -0.027581; -0.0272654; -0.0376468
55.8; 520291; 397133; -0.0312072; -0.0310315; -0.0398518; -0.0397403; -0.052811
56; 512428; 393989; -0.0441555; -0.0441147; -0.0542518; -0.0542408; -0.0695849
56.2; 505498; 392147; -0.0591511; -0.0592108; -0.0702694; -0.0703951; -0.0873707
56.4; 496586; 392785; -0.075739; -0.0758781; -0.0874899; -0.0876666; -0.105622
56.6; 486384; 394208; -0.0933984; -0.0935954; -0.105373; -0.10559; -0.123882
56.8; 474364; 397095; -0.111548; -0.11173; -0.123363; -0.123561; -0.141613
57; 463462; 401782; -0.129476; -0.129639; -0.140775; -0.140933; -0.158147
57.2; 456100; 406053; -0.146582; -0.14668; -0.156999; -0.157086; -0.172887
57.4; 453043; 408719; -0.162243; -0.162261; -0.171402; -0.171402; -0.185175
57.6; 454631; 407524; -0.17574; -0.175642; -0.183146; -0.183027; -0.194023
57.8; 456725; 411499; -0.186754; -0.1865; -0.192087; -0.191799; -0.1995
58; 456375; 425839; -0.195228; -0.19479; -0.198464; -0.197992; -0.202419
58.2; 460338; 436419; -0.201039; -0.200387; -0.202312; -0.201609; -0.202959
58.4; 474407; 434838; -0.203707; -0.202934; -0.203021; -0.202189; -0.200436
58.6; 493339; 431482; -0.202943; -0.20193; -0.200102; -0.199122; -0.194022
58.8; 507497; 440439; -0.198625; -0.197497; -0.19381; -0.192465; -0.184138
59; 513799; 455449; -0.191266; -0.189821; -0.184566; -0.18309; -0.171904
59.2; 522060; 460218; -0.181028; -0.179393; -0.17287; -0.171228; -0.157752
59.4; 535048; 452214; -0.168198; -0.16651; -0.158894; -0.157173; -0.141845
59.6; 548807; 444382; -0.153247; -0.151437; -0.143017; -0.141171; -0.12441
59.8; 562061; 444118; -0.136615; -0.134779; -0.125675; -0.123813; -0.105934
60; 575917; 445357; -0.118915; -0.117162; -0.107561; -0.10575; -0.0871757
60.2; 590195; 443171; -0.101041; -0.0990388; -0.0895864; -0.0875673; -0.0689616
60.4; 602343; 441058; -0.0832828; -0.0813485; -0.0722016; -0.070251; -0.0522335
60.6; 611187; 438386; -0.0663565; -0.0644474; -0.0561432; -0.0542254; -0.0376129
60.8; 618008; 433843; -0.0506666; -0.0489004; -0.0417559; -0.039999; -0.0254286
61; 622657; 426883; -0.0367418; -0.0351389; -0.0294661; -0.0278907; -0.015897
61.2; 624461; 418253; -0.0249521; -0.0235532; -0.0195212; -0.0181456; -0.0090457
61.4; 619829; 411823; -0.015768; -0.0145475; -0.0122604; -0.0110697; -0.00499763
61.6; 607333; 407976; -0.0095675; -0.00853133; -0.0080007; -0.00699542; -0.00398734
61.8; 590138; 407155; -0.00658741; -0.0057453; -0.00695296; -0.00615007; -0.00617466
62; 570683; 405803; -0.00698073; -0.00623662; -0.00932201; -0.0085573; -0.0116974
62.2; 550782; 402026; -0.0106524; -0.0100316; -0.0149118; -0.0143637; -0.020576
62.4; 533057; 398502; -0.0173819; -0.0169661; -0.0235909; -0.0232287; -0.0324822
62.6; 520285; 395499; -0.0269094; -0.0266819; -0.0349576; -0.0347539; -0.0468748
62.8; 511910; 391777; -0.0389929; -0.0389073; -0.0485869; -0.0485687; -0.0631365
63; 505390; 389085; -0.0532853; -0.0533047; -0.0640817; -0.0641566; -0.0806138
63.2; 497727; 389257; -0.0693583; -0.0694871; -0.0809406; -0.0811071; -0.0987987
63.4; 487371; 390459; -0.0867276; -0.0868766; -0.0986678; -0.0988582; -0.117128
63.6; 475418; 394453; -0.10474; -0.104959; -0.116664; -0.116896; -0.135099
63.8; 464003; 398623; -0.12284; -0.123018; -0.13437; -0.134543; -0.152128
64; 455781; 401411; -0.140324; -0.140448; -0.151095; -0.151219; -0.167582
64.2; 451556; 404354; -0.156571; -0.156653; -0.166247; -0.16631; -0.180898
64.4; 452162; 405647; -0.170949; -0.17087; -0.179067; -0.178965; -0.191096
64.6; 453662; 406520; -0.182891; -0.182702; -0.189033; -0.188817; -0.197808
64.8; 453836; 417863; -0.192301; -0.191962; -0.196336; -0.195952; -0.20161
65; 454496; 430406; -0.199188; -0.198639; -0.201194; -0.200601; -0.203103
65.2; 465737; 433221; -0.203216; -0.202426; -0.203242; -0.20241; -0.201807
65.4; 483678; 431049; -0.203755; -0.202794; -0.201732; -0.200721; -0.196893
65.6; 500794; 434563; -0.200599; -0.1996; -0.196526; -0.195354; -0.188184
65.8; 510812; 448566; -0.194247; -0.192963; -0.188227; -0.186815; -0.176625
66; 515914; 456130; -0.18502; -0.18347; -0.177384; -0.175791; -0.163118
66.2; 525860; 451554; -0.173169; -0.171506; -0.164261; -0.162569; -0.147877
66.4; 538745; 444178; -0.159054; -0.157271; -0.149127; -0.147326; -0.13104
66.6; 552606; 441486; -0.143066; -0.141223; -0.132357; -0.130486; -0.112973
66.8; 567374; 442875; -0.125682; -0.123951; -0.11443; -0.112665; -0.0942456
67; 581611; 441326; -0.107815; -0.105881; -0.0963493; -0.0943814; -0.0757175
67.2; 594611; 438346; -0.0898625; -0.0879114; -0.0785985; -0.0766145; -0.0582913
67.4; 605127; 435981; -0.0724658; -0.0705461; -0.0618689; -0.0599403; -0.0427063
67.6; 611862; 432983; -0.0562444; -0.0544063; -0.0467999; -0.0449653; -0.0295647
67.8; 616669; 426650; -0.0415836; -0.0399925; -0.0336673; -0.0320912; -0.0190476
68; 619210; 418050; -0.0290212; -0.027578; -0.0228882; -0.0214611; -0.0112473
68.2; 617339; 410642; -0.0189177; -0.017637; -0.0146792; -0.013432; -0.00621019
68.4; 608065; 406840; -0.0116485; -0.0105215; -0.0093459; -0.00824225; -0.00407515
68.6; 592751; 406256; -0.00742745; -0.0065355; -0.00704344; -0.00618939; -0.0050194
68.8; 574508; 404367; -0.00651947; -0.00575732; -0.00811605; -0.00728547; -0.0092174
69; 554950; 400543; -0.00896286; -0.00826434; -0.0124509; -0.0118232; -0.016818
69.2; 535505; 397624; -0.0145011; -0.0140204; -0.019974; -0.019536; -0.0276286
69.4; 520117; 395407; -0.0229757; -0.022683; -0.0303642; -0.0300981; -0.041194
69.6; 510729; 391446; -0.0341339; -0.0339862; -0.0431995; -0.0431258; -0.0568753
69.8; 504160; 387025; -0.04765; -0.04764; -0.058081; -0.0581164; -0.0739939
70; 496726; 386084; -0.0631509; -0.0632379; -0.0745047; -0.0746369; -0.0919744
70.2; 488130; 387954; -0.0801152; -0.0802747; -0.0919582; -0.0921686; -0.110268
70.4; 477532; 390708; -0.0979869; -0.0981901; -0.109942; -0.110159; -0.128419
70.6; 465556; 395047; -0.116128; -0.11632; -0.127819; -0.128019; -0.145852
70.8; 455638; 398571; -0.133898; -0.134051; -0.14498; -0.145133; -0.161993
71; 449387; 401065; -0.150661; -0.150754; -0.160793; -0.160877; -0.176215
71.2; 448805; 402916; -0.165803; -0.165799; -0.17459; -0.174559; -0.187739
71.4; 451023; 402516; -0.178679; -0.17857; -0.185614; -0.18549; -0.195735
71.6; 451594; 409355; -0.189102; -0.188822; -0.193933; -0.193614; -0.200523
71.8; 451570; 424617; -0.196987; -0.196486; -0.199723; -0.199183; -0.20283
72; 457728; 432225; -0.202108; -0.20142; -0.202853; -0.202109; -0.20262
72.2; 473089; 430385; -0.203959; -0.203081; -0.202704; -0.20176; -0.199124
72.4; 492355; 428705; -0.202164; -0.201219; -0.198801; -0.197829; -0.191831
72.6; 504519; 437994; -0.196943; -0.195851; -0.191648; -0.190368; -0.181255
72.8; 510356; 452271; -0.188805; -0.187322; -0.181739; -0.180222; -0.168447
73; 518258; 451818; -0.177894; -0.176275; -0.169452; -0.167784; -0.153829
73.2; 530774; 444432; -0.164571; -0.16285; -0.155001; -0.153237; -0.137484
73.4; 543324; 438821; -0.149234; -0.14741; -0.138769; -0.136911; -0.119773
73.6; 557384; 440744; -0.132295; -0.1305; -0.121188; -0.119358; -0.101184
73.8; 571967; 439966; -0.11449; -0.112664; -0.103036; -0.101183; -0.0824861
74; 585251; 436907; -0.0965372; -0.0945577; -0.0851356; -0.0831263; -0.0645872
74.2; 595351; 435565; -0.0788495; -0.0769227; -0.0679548; -0.0660186; -0.0482984
74.4; 603505; 432492; -0.062142; -0.0602554; -0.0522332; -0.0503482; -0.034215
74.6; 610378; 426664; -0.0468681; -0.0451353; -0.0383469; -0.036628; -0.0226679
74.8; 614008; 418774; -0.0334556; -0.0319544; -0.0266134; -0.0251397; -0.0138003
75; 613410; 411557; -0.0223835; -0.0210217; -0.0173987; -0.0160617; -0.00766068
75.2; 607277; 406881; -0.0139526; -0.0128016; -0.0109033; -0.00977266; -0.00440008
75.4; 594450; 403959; -0.00857449; -0.00759211; -0.00744641; -0.00652431; -0.00420312
75.6; 576530; 402450; -0.00641703; -0.00560263; -0.00728533; -0.00644148; -0.00723785
75.8; 557172; 399732; -0.00760036; -0.00688277; -0.0104184; -0.00971151; -0.0136154
76; 538235; 396148; -0.0120109; -0.0114744; -0.0167933; -0.016287; -0.0232915
76.2; 522353; 392926; -0.0194974; -0.0191015; -0.0261783; -0.0258504; -0.0358666
76.4; 511544; 389508; -0.0296769; -0.0294982; -0.0381433; -0.0380048; -0.0507819
76.6; 504036; 386423; -0.0423652; -0.0423152; -0.0523121; -0.0523008; -0.0674107
76.8; 497373; 385110; -0.0571617; -0.0572186; -0.0681853; -0.0683159; -0.0851341
77; 489053; 384860; -0.0736251; -0.0737665; -0.0853389; -0.0855077; -0.103395
77.2; 478970; 386163; -0.0912065; -0.0914119; -0.103171; -0.103413; -0.121687
77.4; 467813; 390638; -0.109316; -0.109515; -0.121168; -0.121376; -0.139478
77.6; 457742; 394467; -0.127294; -0.127473; -0.138667; -0.138837; -0.156161
77.8; 450070; 397287; -0.144512; -0.144627; -0.155045; -0.15516; -0.17114
78; 446676; 400633; -0.16036; -0.160409; -0.16971; -0.169733; -0.183799
78.2; 448194; 400448; -0.174153; -0.174063; -0.181813; -0.181708; -0.193106
78.4; 450427; 402876; -0.185471; -0.185245; -0.191084; -0.190823; -0.198971
78.6; 450041; 416227; -0.194272; -0.193868; -0.197773; -0.19733; -0.20216
78.8; 452811; 428144; -0.200444; -0.199861; -0.201953; -0.201318; -0.203018
79; 465499; 428334; -0.203618; -0.202757; -0.203155; -0.202252; -0.200897
79.2; 484184; 425980; -0.203144; -0.202233; -0.200595; -0.199667; -0.194983
79.4; 499118; 431471; -0.199176; -0.198165; -0.194576; -0.193461; -0.185465
79.6; 506051; 445814; -0.1921; -0.190846; -0.185719; -0.184238; -0.173416
79.8; 512447; 451351; -0.182329; -0.180737; -0.174331; -0.172736; -0.159501
80; 523164; 445411; -0.169909; -0.168212; -0.16071; -0.158994; -0.143832
80.2; 536212; 437766; -0.155253; -0.153466; -0.145095; -0.143277; -0.126614
80.4; 550167; 437631; -0.138809; -0.136959; -0.127919; -0.12604; -0.108241
80.6; 564520; 438850; -0.12112; -0.119417; -0.109793; -0.108019; -0.0894511
80.8; 577490; 435326; -0.103207; -0.101213; -0.0917397; -0.0897298; -0.0710877
81; 589769; 432488; -0.0853117; -0.083373; -0.0741688; -0.0722115; -0.0540905
81.2; 599224; 430458; -0.0682482; -0.0663216; -0.0579073; -0.0559706; -0.039151
81.4; 605481; 426955; -0.0524184; -0.0506485; -0.0433292; -0.0415615; -0.026691
81.6; 609363; 421254; -0.0383102; -0.0366751; -0.030811; -0.0291896; -0.0168409
81.8; 611924; 412621; -0.0262987; -0.0248749; -0.0205917; -0.0192195; -0.00967963
82; 608748; 405213; -0.0168361; -0.015612; -0.0130563; -0.0118468; -0.00532196
82.2; 597073; 402221; -0.0102685; -0.00921829; -0.00843185; -0.00740657; -0.00395458
82.4; 581191; 401127; -0.00683301; -0.00596632; -0.00693595; -0.00610928; -0.00571468
82.6; 562869; 398671; -0.00674656; -0.00601828; -0.00885114; -0.00806242; -0.0107998
82.8; 543444; 395885; -0.00997307; -0.00934091; -0.0139921; -0.0134147; -0.0192388
83; 526186; 392616; -0.0162993; -0.0158588; -0.0222658; -0.0219056; -0.0307849
83.2; 513554; 389320; -0.0254973; -0.0252543; -0.0333537; -0.0331216; -0.0449438
83.4; 504938; 385236; -0.0373257; -0.0372097; -0.0467711; -0.0467173; -0.0610655
83.6; 498390; 381619; -0.0513898; -0.0514123; -0.0620699; -0.062164; -0.07844
83.8; 490883; 382602; -0.0672809; -0.0674183; -0.0787996; -0.0789571; -0.0965187
84; 482583; 384037; -0.0845283; -0.0846856; -0.0964279; -0.0966361; -0.114833
84.2; 472210; 385765; -0.102486; -0.102693; -0.114407; -0.114639; -0.132842
84.4; 460090; 389866; -0.120541; -0.120766; -0.132135; -0.13235; -0.150008
84.6; 450954; 394053; -0.138154; -0.138266; -0.14905; -0.149167; -0.165755
84.8; 446254; 397122; -0.154576; -0.154664; -0.164447; -0.164513; -0.17942
85; 447213; 397607; -0.169208; -0.169196; -0.177573; -0.177551; -0.190059
85.2; 449616; 397816; -0.181494; -0.181342; -0.187912; -0.187731; -0.197149
85.4; 449189; 409004; -0.191282; -0.190938; -0.19559; -0.195174; -0.20127
85.6; 448488; 422988; -0.198469; -0.198029; -0.200708; -0.200221; -0.203041
85.8; 457073; 426768; -0.202904; -0.202178; -0.203169; -0.202375; -0.20211
86; 474359; 424952; -0.203891; -0.202948; -0.202101; -0.201119; -0.197658
86.2; 491784; 426309; -0.201196; -0.200154; -0.197314; -0.196228; -0.189422
86.4; 502271; 439077; -0.195124; -0.194001; -0.189339; -0.1881; -0.178226
86.6; 507595; 447730; -0.186329; -0.184758; -0.178894; -0.177294; -0.16496
86.8; 516420; 444512; -0.174773; -0.173143; -0.166048; -0.164364; -0.149951
87; 529547; 437860; -0.160927; -0.159179; -0.151134; -0.149336; -0.133234
87.2; 542272; 435436; -0.145149; -0.143318; -0.134516; -0.132648; -0.11524
87.4; 556017; 436314; -0.127919; -0.126162; -0.116692; -0.114896; -0.096514
87.6; 570072; 435031; -0.11005; -0.108154; -0.0985356; -0.0966275; -0.0778588
87.8; 582037; 431729; -0.0920382; -0.0901273; -0.080717; -0.0787162; -0.0602565
88; 591929; 429356; -0.0744786; -0.0727174; -0.0638311; -0.0619157; -0.0444759
88.2; 599632; 426208; -0.0580842; -0.0563501; -0.0485352; -0.0466918; -0.0310314
88.4; 605172; 419717; -0.0432561; -0.04165; -0.0351931; -0.033505; -0.0201971
88.6; 607569; 412320; -0.0304245; -0.0289844; -0.0240415; -0.0226575; -0.0120476
88.8; 606675; 404886; -0.0200308; -0.0187155; -0.0155439; -0.0142506; -0.0066214
89; 599230; 400239; -0.0123658; -0.0112696; -0.00979286; -0.00871963; -0.00409632
89.2; 585102; 399937; -0.00778331; -0.00683734; -0.00712365; -0.00622108; -0.00462773
89.4; 567035; 398394; -0.00640291; -0.00566005; -0.00768432; -0.00698356; -0.00843329
89.6; 547655; 394877; -0.00841785; -0.00769886; -0.011688; -0.0109832; -0.015613
89.8; 529295; 392244; -0.0135143; -0.0130497; -0.0187685; -0.0183552; -0.0261006
90; 514764; 388385; -0.0216752; -0.0213216; -0.0288605; -0.0285603; -0.0393684
90.2; 505380; 383738; -0.0325054; -0.0323783; -0.0414206; -0.0413368; -0.0548207
90.4; 499240; 379977; -0.0458225; -0.0457954; -0.0561103; -0.0561401; -0.0718019
90.6; 492344; 380574; -0.0611209; -0.0612107; -0.0723716; -0.0725153; -0.0896844
90.8; 483911; 381924; -0.0779488; -0.0781182; -0.0897391; -0.0899485; -0.107951
91; 473671; 382835; -0.095716; -0.0959243; -0.107654; -0.107892; -0.126114
91.2; 462487; 387182; -0.113815; -0.114028; -0.125557; -0.125771; -0.143679
91.4; 452697; 391469; -0.13162; -0.131776; -0.142815; -0.14297; -0.160017
91.6; 446088; 394104; -0.148513; -0.148623; -0.158818; -0.158919; -0.174533
91.8; 444595; 395886; -0.163912; -0.163942; -0.172932; -0.172929; -0.186466
92; 446807; 395238; -0.177144; -0.177016; -0.184347; -0.184203; -0.194892
92.2; 448844; 400774; -0.187866; -0.187599; -0.19296; -0.19265; -0.199972
92.4; 448392; 416569; -0.196059; -0.195611; -0.199037; -0.198554; -0.202567
92.6; 452927; 425111; -0.201562; -0.200902; -0.202573; -0.201863; -0.202785
92.8; 467096; 422869; -0.203849; -0.202984; -0.202889; -0.201976; -0.19982
93; 486488; 421087; -0.20251; -0.201515; -0.199466; -0.198411; -0.192944
93.2; 500046; 430946; -0.197736; -0.19649; -0.192636; -0.191329; -0.18264
93.4; 505100; 444298; -0.189926; -0.188475; -0.183056; -0.181559; -0.170083
93.6; 511768; 445928; -0.179417; -0.177821; -0.17111; -0.169477; -0.15573
93.8; 523392; 438731; -0.166444; -0.164736; -0.156984; -0.155239; -0.13966
94; 536394; 433527; -0.151339; -0.149549; -0.140979; -0.139153; -0.122164
94.2; 550135; 433257; -0.134555; -0.132747; -0.123528; -0.121685; -0.103639
94.4; 564150; 434011; -0.116739; -0.114976; -0.105335; -0.10353; -0.0848826
94.6; 576989; 431778; -0.0987589; -0.0967634; -0.0873284; -0.0853149; -0.0667347
94.8; 587905; 428759; -0.0809537; -0.0790828; -0.0699525; -0.068073; -0.0501459
95; 595630; 426547; -0.0640508; -0.0623545; -0.0539654; -0.0522574; -0.03576
95.2; 601188; 421386; -0.0487271; -0.0469412; -0.0399717; -0.0382002; -0.0238668
95.4; 604235; 414498; -0.0350806; -0.033539; -0.0279686; -0.0264829; -0.0147314
95.6; 605322; 407050; -0.0236638; -0.0223034; -0.0184303; -0.0170842; -0.00826767
95.8; 601051; 400067; -0.0148882; -0.0136929; -0.0115812; -0.0104331; -0.00467061
96; 589288; 398344; -0.00903009; -0.00806589; -0.00769391; -0.00674429; -0.00405262
96.2; 573057; 396685; -0.00644531; -0.00557061; -0.00702481; -0.00621446; -0.00659798
96.4; 555010; 394258; -0.00715822; -0.00639104; -0.00971774; -0.00898262; -0.0125029
96.6; 535911; 392198; -0.0111219; -0.0105579; -0.0156663; -0.0151496; -0.021787
96.8; 519024; 386935; -0.0182346; -0.0178544; -0.0247167; -0.0243867; -0.0340637
97; 507254; 384439; -0.0281667; -0.0279622; -0.0364418; -0.036279; -0.0487675
97.2; 500197; 382056; -0.040637; -0.0405604; -0.0504092; -0.0503973; -0.0652475
97.4; 493730; 379237; -0.0552279; -0.0552811; -0.0661265; -0.0662245; -0.0828252
97.6; 485882; 379993; -0.0714701; -0.0716213; -0.0830872; -0.0832779; -0.101003
97.8; 476794; 380360; -0.0888947; -0.0890677; -0.100831; -0.101041; -0.119285
98; 466091; 384015; -0.106883; -0.107101; -0.118777; -0.119007; -0.137165
98.2; 455257; 388009; -0.124872; -0.125066; -0.136358; -0.136551; -0.154049
98.4; 447481; 390806; -0.142245; -0.142372; -0.152956; -0.153074; -0.169348
98.6; 444366; 394147; -0.158346; -0.158414; -0.167912; -0.167955; -0.182372
98.8; 445777; 394228; -0.172499; -0.172436; -0.180407; -0.180341; -0.192141
99; 447411; 396451; -0.184178; -0.18407; -0.190061; -0.189909; -0.198432
99.2; 446351; 410017; -0.193437; -0.192963; -0.197175; -0.196679; -0.201926
99.4; 448639; 423282; -0.199881; -0.199365; -0.201625; -0.201053; -0.203096
99.6; 459908; 422439; -0.203439; -0.202588; -0.203224; -0.202327; -0.201357
99.8; 477961; 419134; -0.203338; -0.202473; -0.201079; -0.200174; -0.195931
100; 494288; 424443; -0.199794; -0.19879; -0.195469; -0.194393; -0.186854
100.2; 501218; 438595; -0.193107; -0.191905; -0.186897; -0.185632; -0.175124
100.4; 506152; 444836; -0.183698; -0.182209; -0.175963; -0.174343; -0.161447
100.6; 516606; 438737; -0.171689; -0.170016; -0.162652; -0.160912; -0.145991
100.8; 529698; 433357; -0.157345; -0.155573; -0.147265; -0.145473; -0.128926
101; 542832; 434179; -0.141122; -0.139253; -0.130276; -0.128397; -0.110662
101.2; 556680; 433923; -0.123489; -0.121762; -0.112144; -0.110416; -0.0918418
101.4; 570065; 429852; -0.105495; -0.103557; -0.0940198; -0.092031; -0.0733389
101.6; 581251; 427832; -0.08754; -0.0855872; -0.0762607; -0.0744234; -0.0561248
101.8; 589162; 426130; -0.0702965; -0.0684162; -0.0597623; -0.0580138; -0.0409098
102; 595476; 422697; -0.0543236; -0.052516; -0.0449766; -0.0433045; -0.0280827
102.2; 600362; 416419; -0.0400123; -0.0383678; -0.0322256; -0.0306729; -0.0178794
102.4; 602495; 407823; -0.0277125; -0.0262946; -0.0217351; -0.0203488; -0.0103555
102.6; 600359; 401467; -0.0179003; -0.0166393; -0.0138082; -0.0126184; -0.00561901
102.8; 590395; 398893; -0.0108887; -0.00984303; -0.00881056; -0.00773335; -0.00386488
103; 575379; 396531; -0.00703201; -0.00615869; -0.00686843; -0.00605194; -0.00523149
103.2; 557707; 393973; -0.0065073; -0.00577851; -0.00836117; -0.00757963; -0.00991701
103.4; 539117; 390685; -0.00936099; -0.00867428; -0.0131184; -0.0125162; -0.0179502
103.6; 522109; 388473; -0.0152833; -0.0148505; -0.0210234; -0.0206377; -0.0291441
103.8; 509147; 385678; -0.0241464; -0.0238807; -0.0317733; -0.0315192; -0.0429764
104; 500847; 381476; -0.0356335; -0.0355187; -0.0448651; -0.0448428; -0.058845
104.2; 494503; 377447; -0.0494362; -0.0494311; -0.0599845; -0.060021; -0.076086
104.4; 487703; 377331; -0.0650919; -0.0652257; -0.0765167; -0.0766913; -0.0941178
104.6; 479115; 378963; -0.0821826; -0.0823399; -0.0940642; -0.0942727; -0.11244
104.8; 468341; 381800; -0.100082; -0.10031; -0.112049; -0.112286; -0.130551
105; 457442; 385396; -0.118207; -0.118407; -0.129874; -0.130079; -0.147875
105.2; 448716; 389272; -0.135893; -0.136042; -0.146909; -0.147058; -0.163816
105.4; 443039; 392876; -0.1525; -0.152607; -0.162525; -0.162611; -0.177762
105.6; 443347; 394446; -0.167431; -0.167407; -0.17602; -0.175975; -0.188841
105.8; 445657; 393646; -0.180027; -0.179902; -0.186708; -0.186553; -0.196385
106; 445909; 402211; -0.190121; -0.189849; -0.194686; -0.194371; -0.200846
106.2; 445884; 417180; -0.197716; -0.197161; -0.200218; -0.199631; -0.20293
106.4; 454583; 422817; -0.202399; -0.201727; -0.202959; -0.202232; -0.202432
106.6; 470869; 419051; -0.203815; -0.202913; -0.202365; -0.20141; -0.19848
106.8; 487965; 420282; -0.201547; -0.200623; -0.197969; -0.197021; -0.190674
107; 498075; 432828; -0.196017; -0.194869; -0.19051; -0.189188; -0.179751
107.2; 502559; 443281; -0.187659; -0.186108; -0.180384; -0.178831; -0.166747
107.4; 511246; 441650; -0.176494; -0.174895; -0.167869; -0.166245; -0.151971
107.6; 523442; 435285; -0.162951; -0.161227; -0.153241; -0.151474; -0.135487
107.8; 536349; 431291; -0.147336; -0.145524; -0.136783; -0.134933; -0.117637
108; 550860; 431073; -0.130168; -0.128418; -0.119081; -0.117155; -0.0989452
108.2; 564024; 431427; -0.112301; -0.110388; -0.100848; -0.098897; -0.0802317
108.4; 575981; 428316; -0.094206; -0.0923678; -0.082903; -0.0809081; -0.0624364
108.6; 586537; 425278; -0.0766941; -0.0748084; -0.0658785; -0.0639685; -0.0463443
108.8; 594474; 423322; -0.060207; -0.0583647; -0.0504146; -0.0485737; -0.0325974
109; 600101; 417712; -0.0451252; -0.0435237; -0.0367298; -0.0351833; -0.0213761
109.2; 601183; 409961; -0.0320395; -0.0305715; -0.025391; -0.0239409; -0.0128843
109.4; 599721; 403352; -0.0212831; -0.0199935; -0.0165171; -0.015243; -0.00714887
109.6; 593780; 397744; -0.0132212; -0.0120672; -0.0103657; -0.00927023; -0.00421943
109.8; 580913; 396648; -0.00813363; -0.0071973; -0.00724566; -0.00632638; -0.00435192
110; 563945; 394962; -0.00632177; -0.00555608; -0.00737211; -0.00664442; -0.00773649
110.2; 545407; 391372; -0.00790951; -0.00719796; -0.0109314; -0.010238; -0.0144701
110.4; 527460; 389202; -0.0126567; -0.012148; -0.0176486; -0.0171921; -0.0245271
110.6; 512552; 385955; -0.0204574; -0.0201095; -0.0273881; -0.0270918; -0.037479
110.8; 502276; 380960; -0.0309915; -0.0308268; -0.0396873; -0.0395634; -0.0527142
111; 495408; 378027; -0.0439791; -0.0439465; -0.0541028; -0.0541303; -0.0695316
111.2; 489091; 377569; -0.0590058; -0.0590801; -0.0701583; -0.0702853; -0.0872963
111.4; 481472; 378379; -0.0756039; -0.0757847; -0.0873605; -0.0875733; -0.105513
111.6; 471734; 379365; -0.0932778; -0.0934603; -0.10523; -0.105451; -0.123721
111.8; 460261; 383276; -0.111369; -0.11159; -0.123171; -0.123396; -0.141398
112; 450091; 387968; -0.129296; -0.129475; -0.140594; -0.140769; -0.157972
112.2; 443782; 390828; -0.146406; -0.14652; -0.156845; -0.156955; -0.172782
112.4; 442197; 392389; -0.162039; -0.162084; -0.171249; -0.171263; -0.185106
112.6; 444590; 392451; -0.175565; -0.175457; -0.183015; -0.182891; -0.193967
112.8; 445447; 397450; -0.186583; -0.186405; -0.191955; -0.191738; -0.199473
113; 444016; 412208; -0.195141; -0.19474; -0.198408; -0.197952; -0.202399
113.2; 448274; 421512; -0.201042; -0.200416; -0.202303; -0.201637; -0.202958
113.4; 461825; 420960; -0.203788; -0.20295; -0.203081; -0.202186; -0.200414
113.6; 479739; 418230; -0.20287; -0.201976; -0.200076; -0.199136; -0.194034
113.8; 493871; 425607; -0.198498; -0.197445; -0.193654; -0.192529; -0.184169
114; 500607; 439834; -0.19104; -0.189781; -0.184417; -0.183059; -0.17188
114.2; 505871; 441633; -0.180953; -0.179322; -0.172817; -0.171177; -0.15773
114.4; 516712; 435737; -0.168254; -0.16655; -0.158946; -0.157208; -0.141867
114.6; 529033; 431561; -0.153404; -0.151622; -0.143148; -0.14132; -0.124486
114.8; 542095; 430017; -0.136837; -0.135004; -0.125861; -0.123984; -0.106009
115; 556747; 431573; -0.119084; -0.117371; -0.107662; -0.105929; -0.0872189
115.2; 569300; 429159; -0.10115; -0.0991398; -0.0896506; -0.0876258; -0.06894
115.4; 579573; 427507; -0.0831759; -0.0814213; -0.0721508; -0.0702093; -0.0521257
115.6; 587062; 424116; -0.0662402; -0.0643609; -0.0560033; -0.0541223; -0.0374418
115.8; 593890; 418032; -0.0505792; -0.0488033; -0.0416458; -0.0398711; -0.0252632
116; 598700; 411982; -0.0366033; -0.0351323; -0.0292996; -0.0278302; -0.0157078
116.2; 598711; 404467; -0.0249684; -0.023586; -0.0194794; -0.0181343; -0.0089199
116.4; 594361; 398866; -0.0158492; -0.014664; -0.012291; -0.0111301; -0.00494002
116.6; 583954; 395811; -0.00965898; -0.00862971; -0.00803561; -0.00704506; -0.00392197
116.8; 568621; 393189; -0.00665317; -0.00577252; -0.00697178; -0.00611622; -0.00606477
117; 551236; 392652; -0.00684779; -0.00618546; -0.00918245; -0.00845454; -0.011533
117.2; 533023; 389906; -0.010435; -0.0098072; -0.0147019; -0.0141359; -0.0203529
117.4; 516308; 385009; -0.0170949; -0.016702; -0.0233339; -0.0229881; -0.0322827
117.6; 503963; 381223; -0.0266764; -0.0264421; -0.0347554; -0.0345513; -0.0467404
117.8; 496794; 376861; -0.0388328; -0.0387469; -0.0484488; -0.0484311; -0.0630361
118; 490631; 375644; -0.0531785; -0.0532271; -0.0639785; -0.0640708; -0.0805202
118.2; 483346; 377191; -0.0692724; -0.0693885; -0.080833; -0.080993; -0.0986486
118.4; 474729; 378189; -0.0865688; -0.0867661; -0.0984817; -0.0987258; -0.116916
118.6; 463832; 380516; -0.104538; -0.104756; -0.116449; -0.116674; -0.134853
118.8; 453505; 384291; -0.122572; -0.122758; -0.13411; -0.134299; -0.151893
119; 445156; 387429; -0.140033; -0.14017; -0.150854; -0.150984; -0.167436
119.2; 440881; 390922; -0.156311; -0.156399; -0.166061; -0.166127; -0.180834
119.4; 442572; 391406; -0.170735; -0.170705; -0.178912; -0.178862; -0.191067
119.6; 445450; 392128; -0.182744; -0.182565; -0.188913; -0.188699; -0.197724
119.8; 443964; 405047; -0.192172; -0.191947; -0.196205; -0.195935; -0.201543
120; 444128; 418316; -0.199223; -0.198608; -0.201205; -0.200549; -0.203025
