0.004; 1040.38; 3081.48; 1.75528e-06; 2.13516e-06; 1.443e-06; 1.65154e-06; 8.83024e-07
0.2; 65722.2; 131658; -0.000200431; -0.00122354; -0.000419094; -0.00162935; -0.000647585
0.4; 316637; 526541; -0.00744875; -0.00699609; -0.00981612; -0.00916713; -0.0124526
0.6; 528942; 617079; -0.0210511; -0.021192; -0.027046; -0.0272162; -0.0357091
0.8; 525012; 470213; -0.039777; -0.04074; -0.0496814; -0.0521503; -0.0666014
1; 552497; 416619; -0.0595373; -0.0604406; -0.0745721; -0.0751296; -0.0976239
1.2; 599531; 440612; -0.0760944; -0.0761833; -0.0925934; -0.0930823; -0.119237
1.4; 581377; 423720; -0.0908805; -0.0917782; -0.107384; -0.107795; -0.133344
1.6; 526261; 440891; -0.108481; -0.108668; -0.122765; -0.123477; -0.146287
1.8; 501399; 475345; -0.129125; -0.128811; -0.141411; -0.141075; -0.160632
2; 486524; 484247; -0.151282; -0.151443; -0.161195; -0.161835; -0.176921
2.2; 469409; 495688; -0.172674; -0.17282; -0.181151; -0.181066; -0.193253
2.4; 491315; 485857; -0.188129; -0.188136; -0.193911; -0.193878; -0.201818
2.6; 513359; 477603; -0.195836; -0.195123; -0.198121; -0.197464; -0.200377
2.8; 505511; 546073; -0.197433; -0.196589; -0.197334; -0.196269; -0.195713
3; 515302; 582739; -0.196253; -0.194912; -0.194642; -0.193399; -0.190846
3.2; 554403; 526214; -0.194408; -0.193141; -0.191272; -0.189829; -0.184547
3.4; 607406; 472891; -0.190725; -0.189124; -0.184322; -0.182764; -0.172353
3.6; 650158; 480191; -0.183033; -0.181308; -0.17253; -0.170715; -0.15336
3.8; 655508; 561241; -0.17007; -0.16797; -0.156446; -0.154291; -0.13195
4; 659346; 627320; -0.15159; -0.149342; -0.136822; -0.134577; -0.110447
4.2; 684092; 623042; -0.130274; -0.128016; -0.115722; -0.113465; -0.0897604
4.4; 710684; 569343; -0.108147; -0.10592; -0.094647; -0.0922924; -0.0705206
4.6; 733724; 515502; -0.0868475; -0.0845879; -0.0744311; -0.07222; -0.0523952
4.8; 759128; 499151; -0.0672827; -0.0651426; -0.0560868; -0.053971; -0.0361014
5; 786509; 510050; -0.0499509; -0.0479092; -0.0399949; -0.0379354; -0.0219378
5.2; 800344; 526833; -0.0352616; -0.0334073; -0.0267157; -0.0249541; -0.0110931
5.4; 792676; 539755; -0.023409; -0.0217497; -0.016927; -0.0153357; -0.00454925
5.6; 770775; 534397; -0.0145822; -0.0133037; -0.0108853; -0.00958554; -0.00310117
5.8; 736450; 516097; -0.00935536; -0.0082494; -0.00896649; -0.00793034; -0.00680782
6; 694049; 493533; -0.00809301; -0.00727808; -0.0113182; -0.0105529; -0.0152398
6.2; 650423; 469585; -0.0114477; -0.0108347; -0.0180301; -0.0174686; -0.0275477
6.4; 615270; 457167; -0.0194267; -0.0190641; -0.0287504; -0.0284414; -0.0428744
6.6; 594356; 452842; -0.0319272; -0.0317597; -0.0431851; -0.0431126; -0.0605205
6.8; 581018; 450713; -0.0481244; -0.0481826; -0.0606863; -0.0607782; -0.0800755
7; 566598; 453941; -0.0669668; -0.0671728; -0.0803724; -0.0806297; -0.101136
7.2; 545589; 460141; -0.0871671; -0.0874842; -0.101137; -0.101526; -0.122906
7.4; 525243; 464195; -0.107797; -0.108128; -0.122059; -0.122408; -0.144266
7.6; 508678; 464202; -0.127959; -0.128237; -0.141946; -0.142205; -0.163712
7.8; 500720; 454667; -0.146749; -0.146893; -0.159424; -0.15956; -0.179092
8; 500689; 451772; -0.163603; -0.163575; -0.173898; -0.173849; -0.189625
8.2; 497449; 466465; -0.178298; -0.178167; -0.185635; -0.185459; -0.196471
8.4; 495587; 489392; -0.190548; -0.190108; -0.194789; -0.194312; -0.200391
8.6; 506249; 505291; -0.199185; -0.198497; -0.200439; -0.199685; -0.200978
8.8; 528815; 516433; -0.202602; -0.201638; -0.201032; -0.199999; -0.196847
9; 559211; 519492; -0.200457; -0.19927; -0.196135; -0.194871; -0.187372
9.2; 584625; 518820; -0.193652; -0.192193; -0.186737; -0.185202; -0.173695
9.4; 601564; 521454; -0.183892; -0.182142; -0.174771; -0.172963; -0.158073
9.6; 614292; 527257; -0.171925; -0.169978; -0.161087; -0.159071; -0.141501
9.8; 634832; 532118; -0.157406; -0.155283; -0.145185; -0.142999; -0.123247
10; 666605; 535987; -0.139894; -0.13773; -0.126569; -0.124369; -0.102798
10.2; 699867; 538706; -0.119529; -0.117444; -0.10557; -0.103423; -0.0807572
10.4; 726242; 534398; -0.0976042; -0.0954829; -0.0836096; -0.0814841; -0.0587666
10.6; 742051; 523727; -0.0758137; -0.0735631; -0.0626236; -0.0603507; -0.0390206
10.8; 743954; 513053; -0.0558155; -0.0536734; -0.0442579; -0.0421201; -0.023466
11; 734602; 501775; -0.0390147; -0.0370162; -0.0297645; -0.0277895; -0.0128889
11.2; 723880; 490510; -0.0260243; -0.024285; -0.0195248; -0.0178141; -0.00727288
11.4; 715132; 479715; -0.0167797; -0.0153857; -0.0131553; -0.0118031; -0.00573373
11.6; 704516; 472090; -0.0110771; -0.00991422; -0.0102817; -0.00916442; -0.00748173
11.8; 687624; 470806; -0.00895176; -0.00805202; -0.0108788; -0.010032; -0.0125618
12; 658050; 466441; -0.0106447; -0.00998893; -0.0152299; -0.014628; -0.0213018
12.2; 617650; 459146; -0.0164828; -0.0160746; -0.0236887; -0.0233469; -0.0341682
12.4; 574901; 447253; -0.0266628; -0.0264383; -0.0363792; -0.0362141; -0.051059
12.6; 542275; 440235; -0.0408562; -0.0408528; -0.0527611; -0.0528329; -0.0711899
12.8; 527395; 435850; -0.0584276; -0.058562; -0.0719818; -0.0721892; -0.0931457
13; 523200; 434859; -0.0781975; -0.0785289; -0.0927224; -0.0931251; -0.115553
13.2; 520927; 436750; -0.0990886; -0.0994912; -0.113859; -0.114313; -0.13704
13.4; 515171; 438485; -0.119948; -0.120289; -0.134232; -0.13458; -0.156482
13.6; 507745; 437780; -0.139546; -0.139823; -0.152449; -0.152683; -0.172378
13.8; 498008; 438696; -0.157224; -0.157337; -0.167912; -0.168025; -0.184252
14; 485098; 455732; -0.172791; -0.17279; -0.180983; -0.180959; -0.19327
14.2; 479129; 472599; -0.186127; -0.185794; -0.191787; -0.191381; -0.199744
14.4; 489554; 479985; -0.196208; -0.195724; -0.199115; -0.198647; -0.202663
14.6; 512541; 485875; -0.201783; -0.200882; -0.201786; -0.20077; -0.200218
14.8; 541949; 495545; -0.201729; -0.200712; -0.19854; -0.197642; -0.192014
15; 567384; 504907; -0.196821; -0.195522; -0.190864; -0.189401; -0.179302
15.2; 582162; 507457; -0.188329; -0.186713; -0.179833; -0.178175; -0.16414
15.4; 590857; 506647; -0.177414; -0.175608; -0.167011; -0.165138; -0.148117
15.6; 603699; 510849; -0.163981; -0.16194; -0.152168; -0.150055; -0.130892
15.8; 627034; 515552; -0.14751; -0.145371; -0.134626; -0.132441; -0.111587
16; 660149; 521204; -0.127943; -0.125878; -0.114339; -0.112181; -0.0901244
16.2; 693019; 518182; -0.106358; -0.10424; -0.0924271; -0.0902915; -0.0677464
16.4; 716120; 508315; -0.0843124; -0.0821327; -0.070726; -0.0685897; -0.0466342
16.6; 721203; 498228; -0.0635849; -0.0613955; -0.0511452; -0.0490855; -0.0290447
16.8; 712485; 488343; -0.0455707; -0.0435133; -0.0351042; -0.0331896; -0.0163298
17; 699419; 477676; -0.031119; -0.0293161; -0.0233132; -0.0215364; -0.00884229
17.2; 685787; 466884; -0.0203496; -0.01886; -0.0154291; -0.0139701; -0.00581588
17.4; 676578; 459824; -0.01304; -0.0118259; -0.0110009; -0.00987088; -0.00623125
17.6; 666316; 455329; -0.00916848; -0.00830238; -0.00998511; -0.00912591; -0.00987756
17.8; 645503; 451883; -0.00910164; -0.00836442; -0.0126458; -0.0119222; -0.0169839
18; 613213; 445317; -0.0131221; -0.0126331; -0.0193101; -0.0188674; -0.028096
18.2; 573798; 436098; -0.0216327; -0.0213155; -0.0303559; -0.0301229; -0.0434062
18.4; 539139; 429100; -0.0343985; -0.0343376; -0.0454581; -0.0454644; -0.0624467
18.6; 518799; 423581; -0.0508725; -0.0509963; -0.0638024; -0.0639805; -0.0838988
18.8; 511252; 423688; -0.069942; -0.0702432; -0.0840988; -0.0844817; -0.106311
19; 509288; 424652; -0.0903652; -0.0908784; -0.105098; -0.105654; -0.128282
19.2; 506316; 425136; -0.111259; -0.111642; -0.125841; -0.126219; -0.148603
19.4; 499777; 427735; -0.131361; -0.131711; -0.144983; -0.14533; -0.166167
19.6; 491852; 426425; -0.149833; -0.150084; -0.16161; -0.16185; -0.17979
19.8; 483032; 435459; -0.166468; -0.166469; -0.175836; -0.175786; -0.189961
20; 474044; 452742; -0.180883; -0.180723; -0.187647; -0.187438; -0.197519
20.2; 477241; 464833; -0.192486; -0.192058; -0.196539; -0.196066; -0.201869
20.4; 496280; 470973; -0.20003; -0.19947; -0.201198; -0.200553; -0.20174
20.6; 521183; 480527; -0.202354; -0.201404; -0.200517; -0.199478; -0.195953
20.8; 545640; 490726; -0.19927; -0.198278; -0.194519; -0.193411; -0.185158
21; 562362; 490544; -0.192261; -0.190785; -0.184808; -0.183283; -0.170876
21.2; 572376; 488985; -0.182307; -0.180564; -0.172645; -0.17084; -0.154994
21.4; 583231; 495671; -0.169913; -0.167986; -0.158617; -0.15661; -0.13822
21.6; 603449; 502733; -0.154718; -0.152596; -0.142172; -0.139995; -0.119684
21.8; 630870; 507995; -0.136415; -0.134271; -0.122981; -0.120809; -0.0990685
22; 662422; 508279; -0.115503; -0.113483; -0.101615; -0.099532; -0.0769841
22.2; 687812; 496916; -0.093494; -0.0913686; -0.0796802; -0.0775618; -0.0551895
22.4; 699405; 485525; -0.0719886; -0.0699284; -0.0590343; -0.0569702; -0.0359742
22.6; 693788; 478087; -0.0527015; -0.0506108; -0.0414077; -0.0393258; -0.0210778
22.8; 683065; 469541; -0.0366318; -0.0347248; -0.0276818; -0.0257936; -0.0112922
23; 673919; 458265; -0.0242876; -0.0227028; -0.018087; -0.0165431; -0.00636358
23.2; 663902; 448845; -0.0155708; -0.0142742; -0.0122711; -0.0110255; -0.00538542
23.4; 653260; 445557; -0.0103501; -0.00928146; -0.00992252; -0.00890395; -0.00776032
23.6; 637773; 443235; -0.00863683; -0.00793397; -0.0110364; -0.0103144; -0.0135053
23.8; 611948; 435526; -0.0109577; -0.0103187; -0.0160369; -0.015452; -0.0229564
24; 576570; 426439; -0.0175015; -0.0171578; -0.0251825; -0.0249385; -0.0365393
24.2; 539627; 419724; -0.0284462; -0.0282851; -0.0386032; -0.0384913; -0.0540395
24.4; 514648; 415108; -0.043362; -0.0434142; -0.0555846; -0.0557127; -0.0745368
24.6; 504543; 412696; -0.0614518; -0.0616531; -0.0751642; -0.0754526; -0.0966149
24.8; 502547; 414328; -0.0814749; -0.0819221; -0.0960601; -0.0965169; -0.118937
25; 500259; 413728; -0.102338; -0.102874; -0.117015; -0.117638; -0.140159
25.2; 495639; 416203; -0.123044; -0.12338; -0.137195; -0.137495; -0.159174
25.4; 488783; 416506; -0.142259; -0.142568; -0.154922; -0.155209; -0.174541
25.6; 479798; 419591; -0.159621; -0.159773; -0.17004; -0.170214; -0.18603
25.8; 471011; 434650; -0.174852; -0.174922; -0.182782; -0.182735; -0.194567
26; 467917; 449466; -0.187837; -0.187471; -0.193037; -0.192703; -0.200366
26.2; 479318; 456799; -0.197342; -0.19681; -0.199813; -0.199151; -0.202411
26.4; 500995; 464514; -0.202079; -0.201331; -0.201492; -0.20074; -0.199194
26.6; 527149; 474494; -0.201327; -0.2003; -0.197753; -0.19665; -0.190319
26.8; 549138; 482603; -0.195721; -0.194434; -0.189337; -0.187965; -0.177195
27; 560346; 479775; -0.186789; -0.185212; -0.177998; -0.176339; -0.161808
27.2; 565798; 480780; -0.175384; -0.173622; -0.16472; -0.162914; -0.145461
27.4; 579592; 487402; -0.161473; -0.159423; -0.149445; -0.147347; -0.127841
27.6; 607396; 492692; -0.144483; -0.142327; -0.131396; -0.129203; -0.108031
27.8; 637369; 497474; -0.12454; -0.122648; -0.110793; -0.108802; -0.0864023
28; 663126; 491373; -0.102988; -0.10071; -0.0890098; -0.0867173; -0.0641292
28.2; 681908; 482140; -0.0810251; -0.0788188; -0.0675535; -0.0653256; -0.0435286
28.4; 682885; 473109; -0.0605866; -0.0584379; -0.0484412; -0.0462899; -0.0266329
28.6; 672101; 462896; -0.042874; -0.0410661; -0.0328103; -0.0309974; -0.0146322
28.8; 661290; 453121; -0.0289203; -0.027298; -0.0214691; -0.0198836; -0.00767806
29; 650981; 441957; -0.0187095; -0.0172317; -0.0141372; -0.0127166; -0.00511528
29.2; 642719; 436376; -0.0119635; -0.0108171; -0.0102975; -0.00921082; -0.00610507
29.4; 633153; 433071; -0.00875474; -0.00784867; -0.00989887; -0.00910303; -0.0104122
29.6; 613201; 430528; -0.00933257; -0.00868341; -0.0132945; -0.0126429; -0.0183105
29.8; 580261; 422117; -0.0140759; -0.0136254; -0.0206982; -0.020321; -0.0302545
30; 544807; 412447; -0.0232063; -0.0229614; -0.0323563; -0.0322216; -0.0461737
30.2; 515608; 406782; -0.0364717; -0.0364879; -0.047908; -0.0479544; -0.0655056
30.4; 501610; 403984; -0.0533548; -0.0535189; -0.0665222; -0.0667563; -0.0870528
30.6; 496995; 405774; -0.0727258; -0.073035; -0.0869899; -0.087389; -0.109389
30.8; 495247; 408208; -0.0932974; -0.0938897; -0.108042; -0.108653; -0.131257
31; 491928; 407463; -0.114267; -0.114637; -0.128765; -0.129134; -0.15138
31.2; 487478; 407440; -0.134204; -0.134558; -0.147642; -0.14798; -0.168528
31.4; 480406; 408241; -0.152304; -0.152703; -0.163768; -0.164191; -0.181586
31.6; 470357; 418832; -0.168624; -0.168667; -0.177672; -0.177638; -0.191276
31.8; 463050; 436678; -0.182592; -0.18243; -0.188982; -0.188789; -0.198281
32; 468626; 446026; -0.193665; -0.193375; -0.197346; -0.196953; -0.202087
32.2; 487751; 451620; -0.200753; -0.199963; -0.201476; -0.20062; -0.201184
32.4; 511572; 462223; -0.202204; -0.201444; -0.199927; -0.199079; -0.194737
32.6; 534434; 471463; -0.198581; -0.197477; -0.193462; -0.19213; -0.183277
32.8; 549371; 470322; -0.190982; -0.189439; -0.183155; -0.181581; -0.168604
33; 557479; 471408; -0.180592; -0.178855; -0.170663; -0.168859; -0.152565
33.2; 565806; 477771; -0.167788; -0.165831; -0.156289; -0.15427; -0.135573
33.4; 587378; 482410; -0.152105; -0.150021; -0.139428; -0.137291; -0.11674
33.6; 616165; 486351; -0.133437; -0.131332; -0.119898; -0.117743; -0.095785
33.8; 642836; 486221; -0.112275; -0.110291; -0.0983334; -0.0962847; -0.0736198
34; 664725; 475823; -0.0903424; -0.0880829; -0.0765716; -0.0742875; -0.0519978
34.2; 672698; 466399; -0.0690298; -0.0668733; -0.0562132; -0.0540467; -0.0332917
34.4; 665161; 459781; -0.0500794; -0.0480516; -0.0390306; -0.0370125; -0.0191181
34.6; 654150; 449484; -0.0345045; -0.0326417; -0.0258694; -0.0240184; -0.00998632
34.8; 645184; 438837; -0.022588; -0.0211822; -0.0167315; -0.0154085; -0.00570929
35; 636415; 431012; -0.0144511; -0.0131455; -0.0115516; -0.0102809; -0.00526453
35.2; 626862; 426661; -0.00962304; -0.00871054; -0.00959338; -0.00874546; -0.00816675
35.4; 612402; 424942; -0.00855899; -0.00790423; -0.0113207; -0.0107176; -0.0144878
35.6; 585420; 418606; -0.0115415; -0.0109596; -0.0169975; -0.0164768; -0.0245579
35.8; 550534; 409315; -0.0187387; -0.0184743; -0.0267881; -0.0265708; -0.0387141
36; 518359; 403244; -0.0303227; -0.0301871; -0.0407529; -0.0406919; -0.0566779
36.2; 498141; 400746; -0.045715; -0.0458139; -0.0581583; -0.0583468; -0.0775112
36.4; 490318; 399030; -0.0641177; -0.0643559; -0.0780121; -0.0783054; -0.0997329
36.6; 490636; 401005; -0.0842465; -0.0848084; -0.0989018; -0.0995163; -0.122009
36.8; 489205; 399463; -0.105232; -0.105679; -0.119947; -0.120425; -0.14304
37; 483818; 402747; -0.12575; -0.126162; -0.139799; -0.140179; -0.161668
37.2; 477561; 402870; -0.144772; -0.145093; -0.157174; -0.157512; -0.176434
37.4; 471989; 405147; -0.161896; -0.161966; -0.172001; -0.172039; -0.187369
37.6; 461699; 423713; -0.176819; -0.176823; -0.184351; -0.184296; -0.19554
37.8; 458413; 436328; -0.189354; -0.188948; -0.194233; -0.193786; -0.20093
38; 474908; 440848; -0.198157; -0.197635; -0.200228; -0.199611; -0.202221
38.2; 498815; 446816; -0.202214; -0.201337; -0.201253; -0.200311; -0.198192
38.4; 521909; 460277; -0.200709; -0.199703; -0.196776; -0.195666; -0.188755
38.6; 536807; 467452; -0.194658; -0.193348; -0.187978; -0.186555; -0.175312
38.8; 547225; 464201; -0.185393; -0.183782; -0.176331; -0.174625; -0.159659
39; 555755; 464253; -0.173561; -0.171881; -0.162704; -0.160855; -0.143013
39.2; 572173; 472581; -0.159252; -0.157196; -0.146977; -0.144857; -0.124922
39.4; 594997; 478953; -0.141821; -0.139688; -0.128565; -0.12638; -0.104886
39.6; 622219; 481282; -0.121546; -0.119622; -0.107676; -0.105759; -0.0832049
39.8; 647750; 474095; -0.0998667; -0.0976116; -0.0859472; -0.0836485; -0.0611129
40; 662862; 462727; -0.0779108; -0.0759188; -0.0646967; -0.0624902; -0.0409463
40.2; 660494; 456024; -0.0578599; -0.0557887; -0.0459663; -0.0438904; -0.0246077
40.4; 647967; 449326; -0.0406828; -0.0388519; -0.0309863; -0.0290556; -0.0132371
40.6; 638230; 438067; -0.0272237; -0.0256373; -0.0201167; -0.018576; -0.00691293
40.8; 631345; 425752; -0.0175072; -0.0161556; -0.0133159; -0.0119858; -0.00490429
41; 621774; 421609; -0.0112658; -0.0101664; -0.00995484; -0.00898747; -0.00646333
41.2; 610219; 422462; -0.00852229; -0.0077737; -0.0101558; -0.0093553; -0.0113131
41.4; 589677; 416936; -0.00976643; -0.00911947; -0.0140652; -0.0134964; -0.0197403
41.6; 558862; 408208; -0.0150796; -0.0147069; -0.0220397; -0.0216977; -0.0321205
41.8; 525068; 399128; -0.0248075; -0.0245981; -0.0342393; -0.0341056; -0.0484867
42; 498749; 396387; -0.038608; -0.0386291; -0.0502296; -0.0503449; -0.0682113
42.2; 486564; 395297; -0.0558438; -0.0560231; -0.0691921; -0.0694303; -0.0900015
42.4; 484538; 395625; -0.0754143; -0.0758022; -0.089815; -0.0902638; -0.112434
42.6; 483907; 394948; -0.0961137; -0.0967056; -0.110883; -0.111535; -0.134197
42.8; 481826; 394354; -0.117036; -0.11741; -0.131499; -0.131837; -0.154017
43; 476770; 397322; -0.136755; -0.137097; -0.14997; -0.150334; -0.170549
43.2; 468717; 399189; -0.154609; -0.154985; -0.165771; -0.166134; -0.183047
43.4; 459721; 409407; -0.17067; -0.170615; -0.179356; -0.179234; -0.192333
43.6; 454585; 426178; -0.184277; -0.184046; -0.190314; -0.190052; -0.198994
43.8; 463654; 432749; -0.194814; -0.194465; -0.198145; -0.197705; -0.202279
44; 483482; 438015; -0.201159; -0.200364; -0.201517; -0.200645; -0.200619
44.2; 506853; 450999; -0.201894; -0.201188; -0.19921; -0.198407; -0.193401
44.4; 526787; 461262; -0.197856; -0.196535; -0.192289; -0.19088; -0.181443
44.6; 540008; 462127; -0.189662; -0.188136; -0.181576; -0.179967; -0.16655
44.8; 548150; 458323; -0.178907; -0.177164; -0.168766; -0.166954; -0.150321
45; 558825; 463261; -0.165705; -0.163733; -0.154028; -0.151998; -0.132989
45.2; 579834; 470290; -0.149584; -0.147515; -0.136757; -0.13464; -0.113829
45.4; 607007; 474479; -0.13054; -0.128501; -0.116912; -0.114821; -0.0926745
45.6; 631971; 471534; -0.109268; -0.10728; -0.095296; -0.093244; -0.070513
45.8; 649669; 462337; -0.0873769; -0.0851208; -0.0736685; -0.0713918; -0.0492136
46; 656079; 456154; -0.0662754; -0.0641496; -0.053623; -0.0514916; -0.0309941
46.2; 648659; 447099; -0.0477118; -0.0456744; -0.0369105; -0.0348874; -0.0173915
46.4; 638173; 437414; -0.0325427; -0.0308137; -0.024242; -0.022553; -0.00899363
46.6; 629889; 425395; -0.0211861; -0.0197316; -0.0157553; -0.0143115; -0.00528935
46.8; 621530; 417211; -0.013465; -0.0122655; -0.0109403; -0.00982194; -0.00536323
47; 611746; 417580; -0.00923754; -0.00833053; -0.00963938; -0.00874389; -0.00882674
47.2; 595988; 415537; -0.00869117; -0.0080436; -0.0118831; -0.0112221; -0.0156644
47.4; 570065; 406775; -0.0122322; -0.0116813; -0.0180254; -0.017605; -0.026244
47.6; 535381; 398306; -0.0199964; -0.0197245; -0.0283949; -0.0281854; -0.0409158
47.8; 504735; 392626; -0.0320275; -0.0320079; -0.0427993; -0.0427949; -0.0592578
48; 488452; 390714; -0.0479431; -0.0480303; -0.0606016; -0.0608131; -0.0803421
48.2; 482972; 389420; -0.0666644; -0.0669502; -0.080703; -0.0810493; -0.102686
48.4; 482761; 391973; -0.0870298; -0.0875848; -0.101757; -0.102353; -0.124961
48.6; 480337; 390939; -0.10801; -0.10854; -0.122695; -0.123306; -0.14584
48.8; 476938; 393730; -0.128428; -0.128809; -0.142336; -0.142688; -0.163984
49; 472281; 393151; -0.147146; -0.147433; -0.15927; -0.159583; -0.178083
49.2; 463164; 399275; -0.163938; -0.16405; -0.173724; -0.173777; -0.188587
49.4; 452874; 416321; -0.178514; -0.178497; -0.185725; -0.185648; -0.196375
49.6; 454830; 427984; -0.190563; -0.190292; -0.195103; -0.194772; -0.201295
49.8; 470607; 430704; -0.199007; -0.198395; -0.200662; -0.199974; -0.201945
50; 491251; 440625; -0.202293; -0.201577; -0.200891; -0.200087; -0.197168
50.2; 512498; 454185; -0.200253; -0.199265; -0.19587; -0.194782; -0.187128
50.4; 532142; 461827; -0.193592; -0.192406; -0.186535; -0.185227; -0.173294
50.6; 541682; 454612; -0.183957; -0.182249; -0.174605; -0.172838; -0.157459
50.8; 547692; 456094; -0.171729; -0.169864; -0.160649; -0.15872; -0.140622
51; 563544; 462794; -0.156845; -0.154834; -0.144483; -0.142414; -0.122326
51.2; 589762; 468698; -0.139065; -0.136943; -0.125742; -0.123575; -0.101954
51.4; 615319; 470602; -0.118553; -0.116683; -0.104672; -0.102715; -0.0800803
51.6; 636044; 463956; -0.0969081; -0.0946682; -0.0829684; -0.0807168; -0.0581387
51.8; 647861; 455778; -0.0752428; -0.0730908; -0.0620035; -0.0598472; -0.0383827
52; 644461; 446513; -0.0554653; -0.0533776; -0.0437401; -0.0416546; -0.0226552
52.2; 633799; 439117; -0.0386963; -0.0368274; -0.0292124; -0.0273589; -0.0119331
52.4; 624744; 428028; -0.0255949; -0.0241185; -0.0188471; -0.017429; -0.0062796
52.6; 616293; 417595; -0.0163341; -0.0149766; -0.0125381; -0.0112422; -0.00481714
52.8; 609297; 412087; -0.0105008; -0.00951563; -0.00964702; -0.00871307; -0.00682979
53; 596808; 411481; -0.00836232; -0.00766994; -0.0103279; -0.00970131; -0.0122123
53.2; 574296; 407642; -0.0102067; -0.0095899; -0.0148873; -0.0143145; -0.0211509
53.4; 543488; 400120; -0.0161514; -0.0158329; -0.0234412; -0.0231522; -0.0340744
53.6; 510913; 393112; -0.0264444; -0.0262626; -0.0361524; -0.0360728; -0.050916
53.8; 488174; 390035; -0.0406941; -0.0407482; -0.0525667; -0.0526961; -0.0709476
54; 479564; 388709; -0.0582608; -0.0584788; -0.0717744; -0.0720455; -0.0928567
54.2; 478065; 388791; -0.0780271; -0.0784117; -0.0925041; -0.0930027; -0.11532
54.4; 478640; 387558; -0.0987778; -0.0994016; -0.113601; -0.114229; -0.136941
54.6; 475916; 389386; -0.11968; -0.12005; -0.134044; -0.134433; -0.156474
54.8; 469820; 390763; -0.139199; -0.139598; -0.152233; -0.152592; -0.172492
55; 463952; 391086; -0.156925; -0.157142; -0.167776; -0.167976; -0.184456
55.2; 454225; 405905; -0.172579; -0.17258; -0.180893; -0.180853; -0.193351
55.4; 449115; 422327; -0.185842; -0.185697; -0.191543; -0.191304; -0.199647
55.6; 460217; 425973; -0.195986; -0.195498; -0.198916; -0.198378; -0.202368
55.8; 481418; 432333; -0.201531; -0.200841; -0.201475; -0.200711; -0.199978
56; 503376; 444445; -0.201778; -0.200814; -0.198565; -0.197697; -0.191995
56.2; 520890; 458377; -0.196947; -0.195758; -0.191048; -0.189661; -0.179584
56.4; 533210; 453416; -0.188455; -0.186983; -0.180037; -0.178486; -0.16449
56.6; 539854; 448785; -0.177349; -0.175827; -0.167065; -0.165199; -0.14814
56.8; 548663; 455209; -0.163875; -0.161837; -0.151963; -0.149874; -0.130512
57; 572275; 465809; -0.147237; -0.145157; -0.13424; -0.132129; -0.111015
57.2; 600942; 469803; -0.127755; -0.125685; -0.113985; -0.111918; -0.0895675
57.4; 624484; 463935; -0.106249; -0.10428; -0.0922845; -0.0901703; -0.0674044
57.6; 638990; 451196; -0.0843804; -0.0822081; -0.0707906; -0.0685242; -0.0464654
57.8; 639737; 444362; -0.0635712; -0.0615555; -0.0510864; -0.0491292; -0.0288738
58; 632046; 439838; -0.045427; -0.0434849; -0.0348688; -0.0330289; -0.0159227
58.2; 623907; 429059; -0.0307767; -0.0290342; -0.0227795; -0.0210732; -0.00799741
58.4; 613237; 416339; -0.0197976; -0.0184028; -0.0146556; -0.0132823; -0.00467166
58.6; 606631; 409890; -0.0124983; -0.0113458; -0.0102929; -0.00920988; -0.00522215
58.8; 598626; 409828; -0.00875344; -0.00790745; -0.0094718; -0.00868626; -0.0092621
59; 580860; 405480; -0.00882595; -0.00817306; -0.0123618; -0.0117808; -0.0168036
59.2; 554040; 398692; -0.0129871; -0.0125296; -0.0192388; -0.0188123; -0.0281231
59.4; 520884; 390980; -0.0214332; -0.0212019; -0.0301655; -0.0300381; -0.0433073
59.6; 494744; 386081; -0.0340216; -0.0339929; -0.045035; -0.0450732; -0.061967
59.8; 482452; 384891; -0.0502713; -0.0504133; -0.0631432; -0.063337; -0.0831481
60; 478008; 383992; -0.0692096; -0.0695153; -0.083325; -0.0837307; -0.105493
60.2; 475239; 386711; -0.0897102; -0.0901413; -0.104489; -0.104935; -0.127668
60.4; 473467; 387276; -0.110659; -0.111084; -0.125369; -0.125803; -0.148404
60.6; 471566; 384538; -0.130876; -0.131304; -0.144658; -0.145083; -0.166175
60.8; 467805; 384042; -0.149424; -0.149716; -0.161314; -0.16161; -0.179738
61; 458055; 394998; -0.165993; -0.166155; -0.175468; -0.175535; -0.189804
61.2; 448266; 414124; -0.180433; -0.180323; -0.187263; -0.187123; -0.197295
61.4; 453465; 421709; -0.19212; -0.191742; -0.196275; -0.195833; -0.201763
61.6; 471856; 423401; -0.199823; -0.19924; -0.20109; -0.200401; -0.201727
61.8; 493652; 436157; -0.202304; -0.201437; -0.200516; -0.199578; -0.196093
62; 514277; 448935; -0.199432; -0.198436; -0.194759; -0.193589; -0.185447
62.2; 527539; 450948; -0.192507; -0.19103; -0.185141; -0.183614; -0.17135
62.4; 534321; 445865; -0.182532; -0.180826; -0.172979; -0.171171; -0.15545
62.6; 542941; 449124; -0.170079; -0.168186; -0.158846; -0.156868; -0.138533
62.8; 563236; 459772; -0.154826; -0.1528; -0.142315; -0.140223; -0.119877
63; 588727; 462733; -0.136638; -0.13453; -0.123177; -0.121019; -0.0991477
63.2; 612047; 460544; -0.115821; -0.1139; -0.101816; -0.0998742; -0.077052
63.4; 630382; 454822; -0.0940008; -0.0917697; -0.0800607; -0.077804; -0.0552048
63.6; 637485; 447556; -0.0724522; -0.0703278; -0.0593514; -0.0572014; -0.0359426
63.8; 632065; 440979; -0.0529423; -0.0509516; -0.041466; -0.0394706; -0.0208422
64; 621905; 429774; -0.0366423; -0.0348249; -0.0274841; -0.0256916; -0.0107519
64.2; 614497; 416946; -0.0240605; -0.0225389; -0.0176362; -0.0162054; -0.00561879
64.4; 607778; 408078; -0.0152435; -0.013942; -0.0117912; -0.0105036; -0.00455238
64.6; 600032; 408568; -0.00995797; -0.00896627; -0.00941994; -0.00850369; -0.00712947
64.8; 587076; 406157; -0.00836025; -0.0076444; -0.0107052; -0.0100016; -0.0130944
65; 564026; 397926; -0.0106984; -0.0101273; -0.0157605; -0.015259; -0.0227093
65.2; 532732; 389809; -0.0172441; -0.0169203; -0.0249076; -0.0246827; -0.0362541
65.4; 501978; 385364; -0.0279789; -0.0278881; -0.038057; -0.0380347; -0.0534391
65.6; 483000; 384331; -0.0426871; -0.0427401; -0.0548178; -0.0549439; -0.0736111
65.8; 476684; 381424; -0.0605679; -0.0608179; -0.0742244; -0.0745472; -0.095594
66; 474620; 379547; -0.0806013; -0.0809769; -0.0951757; -0.0956028; -0.118054
66.2; 473507; 383265; -0.101528; -0.101959; -0.11636; -0.1168; -0.139602
66.4; 470970; 384702; -0.122236; -0.122667; -0.136557; -0.136969; -0.158909
66.6; 467981; 381981; -0.141583; -0.141897; -0.154395; -0.154701; -0.174291
66.8; 461413; 384965; -0.158979; -0.159172; -0.169526; -0.16966; -0.185659
67; 450055; 403596; -0.174284; -0.174471; -0.182235; -0.182393; -0.194239
67.2; 446461; 417635; -0.187374; -0.187152; -0.192728; -0.192432; -0.200243
67.4; 459404; 420094; -0.197023; -0.196566; -0.199611; -0.199066; -0.202479
67.6; 480113; 425081; -0.201992; -0.201186; -0.201547; -0.200664; -0.199331
67.8; 502503; 440241; -0.201316; -0.200409; -0.197787; -0.196892; -0.190629
68; 521342; 452399; -0.195861; -0.194718; -0.189666; -0.188301; -0.177725
68.2; 528991; 446112; -0.187144; -0.185476; -0.178456; -0.176762; -0.162438
68.4; 535050; 441476; -0.175756; -0.173979; -0.16519; -0.16335; -0.146044
68.6; 550536; 450279; -0.161811; -0.159832; -0.149819; -0.147777; -0.128247
68.8; 574301; 459036; -0.144898; -0.142821; -0.131821; -0.129694; -0.108433
69; 598001; 460613; -0.1251; -0.123171; -0.111306; -0.1093; -0.0868254
69.2; 619792; 453730; -0.103628; -0.101445; -0.0895678; -0.087371; -0.0645531
69.4; 632555; 446732; -0.081579; -0.0796084; -0.0680027; -0.0659941; -0.0438864
69.6; 632113; 441537; -0.0610305; -0.0590823; -0.0487057; -0.0467935; -0.0267547
69.8; 621707; 431632; -0.0433223; -0.0413661; -0.0330461; -0.0311324; -0.0144526
70; 611213; 421016; -0.0291285; -0.0274533; -0.0214502; -0.0199136; -0.00736832
70.2; 605038; 409823; -0.0186843; -0.0174148; -0.0140001; -0.012726; -0.00479739
70.4; 598659; 403457; -0.0119371; -0.0107933; -0.0101746; -0.00907574; -0.00577594
70.6; 589117; 404867; -0.00863235; -0.00781392; -0.00966992; -0.00902315; -0.0101337
70.8; 571960; 402628; -0.00910534; -0.00852191; -0.0130112; -0.0123917; -0.0179265
71; 544952; 390840; -0.0137393; -0.0133023; -0.0202391; -0.0199002; -0.0296312
71.2; 511758; 382846; -0.0226841; -0.0224373; -0.031716; -0.0315688; -0.0453308
71.4; 485088; 381627; -0.0357484; -0.0357982; -0.04708; -0.0471555; -0.0645261
71.6; 474466; 380886; -0.0525015; -0.0526512; -0.0655996; -0.0658478; -0.0860484
71.8; 473086; 379005; -0.071804; -0.0721138; -0.0860759; -0.0864844; -0.1085
72; 472769; 379252; -0.0923496; -0.0929984; -0.107142; -0.107851; -0.130526
72.2; 471202; 380355; -0.11335; -0.113794; -0.127946; -0.128418; -0.150821
72.4; 467743; 382130; -0.13336; -0.133759; -0.146927; -0.147281; -0.16802
72.6; 461650; 381056; -0.151591; -0.15194; -0.163092; -0.163631; -0.181175
72.8; 453113; 391277; -0.167961; -0.168017; -0.17719; -0.177056; -0.190956
73; 444721; 408766; -0.182055; -0.181972; -0.188519; -0.188557; -0.198192
73.2; 451533; 415445; -0.193312; -0.192959; -0.197198; -0.196656; -0.202101
73.4; 470403; 419994; -0.200489; -0.199727; -0.201292; -0.200576; -0.201274
73.6; 494784; 432553; -0.202115; -0.201435; -0.200012; -0.199065; -0.19492
73.8; 513405; 444015; -0.198821; -0.197626; -0.193677; -0.192523; -0.183772
74; 523235; 443874; -0.191326; -0.189854; -0.183693; -0.182107; -0.16938
74.2; 529649; 439815; -0.181016; -0.17929; -0.171229; -0.169412; -0.153321
74.4; 541096; 443900; -0.168246; -0.166325; -0.156798; -0.154812; -0.136135
74.6; 562158; 452430; -0.152597; -0.150559; -0.139911; -0.137822; -0.117198
74.8; 586170; 459360; -0.134043; -0.131964; -0.120479; -0.118353; -0.0963005
75; 607285; 455841; -0.113043; -0.111134; -0.0990339; -0.0970775; -0.0742313
75.2; 624910; 447458; -0.0912241; -0.0890056; -0.0773654; -0.0751168; -0.0526349
75.4; 630779; 441163; -0.0698168; -0.067694; -0.0568657; -0.0547346; -0.0337122
75.6; 623070; 433845; -0.0507238; -0.0487181; -0.0395054; -0.0375093; -0.0192951
75.8; 613340; 423372; -0.0347913; -0.033132; -0.0259776; -0.0242992; -0.00986046
76; 605930; 412442; -0.0227595; -0.0212737; -0.0167209; -0.0153034; -0.00529267
76.2; 599689; 403991; -0.0143599; -0.0131269; -0.0112913; -0.0100997; -0.00475513
76.4; 591519; 401390; -0.00955878; -0.00854121; -0.00940317; -0.00843997; -0.00766978
76.6; 579274; 401012; -0.00829709; -0.00772053; -0.010964; -0.0104703; -0.0140554
76.8; 555374; 392588; -0.0112064; -0.0106706; -0.016612; -0.0161029; -0.0240662
77; 523189; 385320; -0.0182653; -0.0179794; -0.0262217; -0.0260391; -0.0380717
77.2; 493108; 381751; -0.0296371; -0.0295298; -0.0399887; -0.039961; -0.0558018
77.4; 477208; 378095; -0.0448128; -0.0449906; -0.0571865; -0.0574219; -0.0764275
77.6; 472760; 376775; -0.0631328; -0.063344; -0.0769637; -0.0772488; -0.0986027
77.8; 471678; 377557; -0.083253; -0.0836763; -0.0979173; -0.0983993; -0.120991
78; 471548; 379293; -0.104183; -0.104616; -0.119006; -0.119428; -0.142198
78.2; 467279; 380471; -0.124734; -0.125164; -0.138911; -0.139335; -0.161054
78.4; 463576; 377793; -0.143771; -0.144237; -0.156339; -0.156809; -0.175961
78.6; 458975; 381586; -0.161103; -0.161159; -0.171365; -0.171379; -0.186962
78.8; 446184; 400930; -0.176115; -0.176199; -0.183788; -0.183821; -0.195278
79; 444477; 413173; -0.188785; -0.188496; -0.193819; -0.193468; -0.200802
79.2; 459387; 415178; -0.19785; -0.197373; -0.200082; -0.199486; -0.202335
79.4; 482443; 423312; -0.202096; -0.201375; -0.201258; -0.200447; -0.198438
79.6; 504172; 438808; -0.200907; -0.199895; -0.197051; -0.195979; -0.189209
79.8; 520025; 446053; -0.194924; -0.193823; -0.188381; -0.187127; -0.175987
80; 526352; 438830; -0.185892; -0.184227; -0.176932; -0.175207; -0.160432
80.2; 531459; 435938; -0.174191; -0.172376; -0.163374; -0.161494; -0.143778
80.4; 547210; 449014; -0.159849; -0.157877; -0.147644; -0.145611; -0.12574
80.6; 571699; 458521; -0.142567; -0.140426; -0.129323; -0.127149; -0.10564
80.8; 596026; 456528; -0.122413; -0.120469; -0.108534; -0.106522; -0.0838964
81; 617586; 447271; -0.100727; -0.0986187; -0.0867141; -0.0845699; -0.0618109
81.2; 628281; 439281; -0.0789243; -0.0767529; -0.0654877; -0.0632992; -0.0415052
81.4; 624629; 436520; -0.0586703; -0.0566216; -0.0466194; -0.0445769; -0.0250088
81.6; 614257; 428439; -0.0413428; -0.0394762; -0.0314019; -0.0295465; -0.0133546
81.8; 604872; 414575; -0.0276151; -0.0260971; -0.0202863; -0.0188172; -0.00673114
82; 599163; 404705; -0.0177292; -0.0163436; -0.0132929; -0.0119616; -0.00447752
82.2; 593536; 399799; -0.0113266; -0.0103027; -0.00982833; -0.00887601; -0.00594696
82.4; 581375; 401138; -0.00844768; -0.00773386; -0.00992115; -0.00914276; -0.0108192
82.6; 561959; 397504; -0.00954459; -0.00891461; -0.0137122; -0.0131729; -0.0191881
82.8; 533188; 386359; -0.014661; -0.014337; -0.0214968; -0.0212222; -0.0314301
83; 502374; 381294; -0.0241466; -0.0239295; -0.0334722; -0.0333473; -0.0475749
83.2; 480737; 378062; -0.0376715; -0.0377059; -0.0492148; -0.0493311; -0.0670744
83.4; 471713; 376867; -0.0547673; -0.0549341; -0.0680582; -0.0682878; -0.0887904
83.6; 469406; 376469; -0.0742839; -0.0746213; -0.0886731; -0.0891029; -0.1113
83.8; 469229; 378075; -0.0950763; -0.0955342; -0.109925; -0.110394; -0.13322
84; 467168; 380973; -0.115976; -0.116398; -0.130522; -0.130942; -0.153268
84.2; 464167; 380721; -0.135815; -0.136184; -0.149173; -0.149519; -0.169956
84.4; 458862; 379864; -0.15379; -0.154023; -0.165091; -0.165295; -0.182497
84.6; 448588; 392729; -0.169775; -0.169884; -0.178591; -0.178639; -0.191903
84.8; 441561; 409026; -0.183611; -0.183399; -0.189825; -0.189552; -0.198762
85; 450075; 414605; -0.194331; -0.194002; -0.197827; -0.197426; -0.202273
85.2; 471013; 416820; -0.200872; -0.200382; -0.201387; -0.200752; -0.200823
85.4; 492579; 432751; -0.202218; -0.201151; -0.199601; -0.198486; -0.193751
85.6; 510360; 449708; -0.197981; -0.197009; -0.192635; -0.191408; -0.182128
85.8; 521313; 443370; -0.19017; -0.188655; -0.182193; -0.18062; -0.16737
86; 527299; 435150; -0.179498; -0.177734; -0.169437; -0.167617; -0.151106
86.2; 537695; 442408; -0.166304; -0.164413; -0.154657; -0.15271; -0.133704
86.4; 556746; 453030; -0.150385; -0.148304; -0.137555; -0.135428; -0.11459
86.6; 582034; 457955; -0.131464; -0.129443; -0.117814; -0.115745; -0.0935109
86.8; 605355; 452141; -0.11032; -0.108357; -0.0962731; -0.0942729; -0.0714028
87; 621087; 444358; -0.0884625; -0.0862439; -0.0746496; -0.0724051; -0.0499918
87.2; 623341; 438905; -0.0672481; -0.0651507; -0.0544557; -0.0523644; -0.0315985
87.4; 616722; 429476; -0.0484865; -0.0464684; -0.0375012; -0.0355151; -0.0176889
87.6; 607820; 419406; -0.0330767; -0.0313263; -0.0244938; -0.0228721; -0.00887628
87.8; 597317; 407805; -0.0213901; -0.0200405; -0.015693; -0.014389; -0.00486352
88; 591885; 401661; -0.0135787; -0.0123276; -0.0108293; -0.00964385; -0.00481202
88.2; 585541; 400982; -0.00920493; -0.00834256; -0.0093671; -0.00859873; -0.00828716
88.4; 569784; 396928; -0.0086184; -0.00787366; -0.0116221; -0.0109196; -0.0151
88.6; 544662; 390912; -0.0119576; -0.0114878; -0.0176524; -0.017253; -0.0256665
88.8; 513653; 383692; -0.0195744; -0.019286; -0.0278351; -0.0276297; -0.0401533
89; 486940; 379751; -0.0313425; -0.0312853; -0.0419668; -0.0419758; -0.0582523
89.2; 472282; 377210; -0.0469522; -0.0470595; -0.0595334; -0.0597198; -0.0790958
89.4; 467371; 374684; -0.0654978; -0.0657823; -0.0794774; -0.0798457; -0.101409
89.6; 467810; 375931; -0.0858684; -0.0862642; -0.1006; -0.101036; -0.123729
89.8; 466800; 378431; -0.106844; -0.107322; -0.12161; -0.122124; -0.144799
90; 464090; 379484; -0.127344; -0.12777; -0.141369; -0.141758; -0.163226
90.2; 460951; 376499; -0.146238; -0.146508; -0.15851; -0.158766; -0.177509
90.4; 453120; 383743; -0.163117; -0.16323; -0.17302; -0.173091; -0.188094
90.6; 442378; 402445; -0.177899; -0.177853; -0.185229; -0.185134; -0.196084
90.8; 444223; 412368; -0.190134; -0.189825; -0.194824; -0.194471; -0.201243
91; 460732; 412853; -0.198669; -0.198148; -0.200532; -0.199901; -0.202163
91.2; 483418; 422868; -0.20223; -0.201506; -0.201018; -0.200156; -0.197526
91.4; 501486; 439010; -0.200423; -0.199493; -0.196158; -0.195198; -0.18774
91.6; 516247; 446616; -0.194015; -0.192874; -0.187221; -0.185758; -0.174166
91.8; 525885; 436709; -0.184629; -0.182937; -0.175383; -0.17368; -0.158467
92; 531507; 437081; -0.172504; -0.170673; -0.161496; -0.159595; -0.141577
92.2; 546515; 448133; -0.157708; -0.155721; -0.145362; -0.143308; -0.123192
92.4; 569554; 454154; -0.140009; -0.137917; -0.126669; -0.124521; -0.10283
92.6; 594140; 452461; -0.119729; -0.117563; -0.105783; -0.103591; -0.080951
92.8; 614602; 446157; -0.0979465; -0.0957556; -0.0839669; -0.0817436; -0.0590647
93; 624161; 439727; -0.0762486; -0.0741207; -0.0629489; -0.0608029; -0.039201
93.2; 620107; 433224; -0.0563319; -0.0542771; -0.0445034; -0.0424515; -0.0232655
93.4; 611592; 423589; -0.0394804; -0.0376131; -0.0298537; -0.0280021; -0.0123216
93.6; 602915; 410774; -0.0261967; -0.0246314; -0.019257; -0.0177362; -0.00630423
93.8; 595883; 402770; -0.0166092; -0.0152913; -0.0125891; -0.0113303; -0.00448841
94; 589993; 400618; -0.0106077; -0.00960075; -0.00953649; -0.00858251; -0.00634468
94.2; 577827; 399212; -0.00823385; -0.00753721; -0.0100693; -0.00934985; -0.0116168
94.4; 555981; 391911; -0.00988921; -0.00928172; -0.0143969; -0.0139071; -0.020479
94.6; 525424; 385007; -0.0156056; -0.01531; -0.0227891; -0.0225494; -0.033316
94.8; 495381; 380253; -0.0256916; -0.0255238; -0.035344; -0.0352368; -0.0499699
95; 476470; 376829; -0.0397012; -0.0397657; -0.0514824; -0.0516568; -0.0697747
95.2; 469599; 373933; -0.0571559; -0.0573451; -0.0706181; -0.070854; -0.0916056
95.4; 468678; 373248; -0.0768354; -0.077208; -0.0913068; -0.0917625; -0.114073
95.6; 468447; 375681; -0.0976614; -0.0980751; -0.112503; -0.112944; -0.135777
95.8; 464935; 379716; -0.118437; -0.118907; -0.13291; -0.133357; -0.155529
96; 461070; 376894; -0.138143; -0.138463; -0.151298; -0.151611; -0.171756
96.2; 456226; 376358; -0.155893; -0.156126; -0.166915; -0.1671; -0.183846
96.4; 446289; 392648; -0.171651; -0.171749; -0.180131; -0.180176; -0.192899
96.6; 440683; 408465; -0.1852; -0.184926; -0.191061; -0.190742; -0.199416
96.8; 451405; 411940; -0.195454; -0.195039; -0.198584; -0.198082; -0.202364
97; 472733; 415370; -0.20136; -0.200629; -0.201472; -0.200652; -0.200178
97.2; 495186; 432115; -0.201774; -0.200887; -0.198827; -0.197843; -0.192484
97.4; 511105; 444150; -0.197202; -0.196138; -0.191495; -0.190187; -0.18036
97.6; 518057; 438250; -0.189014; -0.187504; -0.180768; -0.179137; -0.165424
97.8; 524783; 433056; -0.178096; -0.176376; -0.167818; -0.166003; -0.149096
98; 538965; 440814; -0.164643; -0.162672; -0.152809; -0.150798; -0.131509
98.2; 560828; 451793; -0.148194; -0.146117; -0.135232; -0.133121; -0.11205
98.4; 584770; 453964; -0.128847; -0.126857; -0.11513; -0.113095; -0.090755
98.6; 605658; 447481; -0.107499; -0.105494; -0.0934972; -0.0914193; -0.0686157
98.8; 619494; 440063; -0.0856128; -0.0834791; -0.0719477; -0.0697317; -0.0475075
99; 621638; 433944; -0.0646288; -0.062724; -0.052095; -0.0500563; -0.0295876
99.2; 611746; 428425; -0.0464095; -0.0444659; -0.0356117; -0.0338728; -0.01637
99.4; 601523; 416209; -0.0315019; -0.0297776; -0.0233002; -0.0215904; -0.00817096
99.6; 596142; 404628; -0.0202891; -0.0189463; -0.0149936; -0.0136465; -0.00473489
99.8; 589422; 397648; -0.0128295; -0.0115691; -0.0104797; -0.00931663; -0.00515388
100; 581030; 397469; -0.00874778; -0.00796588; -0.009367; -0.00860676; -0.00897149
100.2; 566126; 394384; -0.00861519; -0.00792772; -0.0119789; -0.0113946; -0.0161572
100.4; 540628; 386826; -0.0124728; -0.012016; -0.0185039; -0.018135; -0.027104
100.6; 509183; 380474; -0.0206476; -0.0204049; -0.0292427; -0.0290395; -0.0420707
100.8; 482481; 374826; -0.0330779; -0.033031; -0.0439434; -0.0439913; -0.0606627
101; 468517; 374410; -0.0491848; -0.0493503; -0.0619673; -0.0622146; -0.0818879
101.2; 464961; 374305; -0.0680653; -0.0683479; -0.0821952; -0.0825304; -0.104325
101.4; 466406; 373871; -0.088523; -0.088946; -0.103296; -0.103782; -0.126538
101.6; 466893; 374905; -0.109444; -0.109871; -0.124189; -0.124617; -0.147265
101.8; 464449; 375298; -0.129662; -0.130095; -0.143539; -0.143926; -0.165147
102; 459798; 373762; -0.148299; -0.148545; -0.160314; -0.160567; -0.178926
102.2; 450278; 383200; -0.164955; -0.165083; -0.174601; -0.174645; -0.189213
102.4; 441421; 401619; -0.179566; -0.179432; -0.186569; -0.18644; -0.196922
102.6; 445354; 408721; -0.191418; -0.191101; -0.195816; -0.195399; -0.201685
102.8; 463794; 411052; -0.199445; -0.198857; -0.200921; -0.20027; -0.201955
103; 485505; 422377; -0.202384; -0.201488; -0.200729; -0.199856; -0.19664
103.2; 505535; 440439; -0.199716; -0.19885; -0.195197; -0.194177; -0.186238
103.4; 518547; 442060; -0.192951; -0.191577; -0.185789; -0.18426; -0.172228
103.6; 524117; 431871; -0.183135; -0.181455; -0.173694; -0.171923; -0.156369
103.8; 530618; 434287; -0.170805; -0.169004; -0.15962; -0.157749; -0.139435
104; 548569; 446754; -0.15581; -0.153749; -0.143306; -0.141224; -0.120897
104.2; 573588; 452706; -0.137752; -0.135686; -0.12431; -0.122196; -0.100325
104.4; 596795; 450254; -0.117159; -0.115109; -0.103187; -0.101053; -0.0783023
104.6; 614306; 442525; -0.0952529; -0.0931299; -0.0813165; -0.0790966; -0.0564218
104.8; 622157; 436823; -0.0735966; -0.0715827; -0.0604026; -0.0583828; -0.0369153
105; 616440; 430698; -0.0539795; -0.0519777; -0.042307; -0.0404385; -0.0215185
105.2; 604832; 419995; -0.0374441; -0.0356927; -0.0280806; -0.0263978; -0.0111161
105.4; 596595; 407622; -0.0246718; -0.0232158; -0.0180935; -0.0166463; -0.00573144
105.6; 590684; 398351; -0.0157038; -0.0144182; -0.0120078; -0.0108611; -0.00454843
105.8; 583145; 397933; -0.0101693; -0.00920236; -0.00946536; -0.00853184; -0.00685741
106; 572059; 398283; -0.00825926; -0.00763352; -0.010434; -0.00975931; -0.0125196
106.2; 550402; 389258; -0.0103869; -0.00978201; -0.0151675; -0.0147603; -0.0217913
106.4; 521442; 379850; -0.0165457; -0.0162706; -0.0240412; -0.0237644; -0.0350134
106.6; 492215; 376547; -0.0270676; -0.0269347; -0.0369881; -0.0369175; -0.0520747
106.8; 472159; 375926; -0.0415864; -0.0416334; -0.0535817; -0.0537884; -0.0722688
107; 466699; 372810; -0.059386; -0.0596609; -0.0730483; -0.0733353; -0.0943601
107.2; 466255; 371721; -0.0794184; -0.0797779; -0.0940025; -0.0944142; -0.116902
107.4; 464695; 374713; -0.100226; -0.100913; -0.115203; -0.115666; -0.138517
107.6; 463668; 376285; -0.121109; -0.12147; -0.135414; -0.135861; -0.157835
107.8; 460551; 374737; -0.140449; -0.140781; -0.153352; -0.153649; -0.173375
108; 454606; 376392; -0.157913; -0.158103; -0.168617; -0.168734; -0.184982
108.2; 442889; 393199; -0.17343; -0.173363; -0.181579; -0.18153; -0.193808
108.4; 439152; 407711; -0.186518; -0.18639; -0.192124; -0.191908; -0.2001
108.6; 453729; 407785; -0.196485; -0.195988; -0.199267; -0.198753; -0.202518
108.8; 474067; 415307; -0.201806; -0.201088; -0.20155; -0.200726; -0.199662
109; 493787; 434107; -0.201655; -0.200669; -0.198256; -0.197309; -0.191291
109.2; 510115; 442358; -0.196417; -0.195375; -0.190345; -0.189106; -0.178676
109.4; 520593; 434678; -0.187805; -0.186245; -0.179225; -0.177622; -0.163407
109.6; 525062; 430346; -0.176496; -0.174739; -0.165974; -0.164161; -0.146893
109.8; 536545; 441724; -0.162621; -0.160684; -0.150655; -0.148669; -0.12916
110; 560172; 449821; -0.145899; -0.143782; -0.132846; -0.130704; -0.109509
110.2; 585625; 450197; -0.126304; -0.12437; -0.112544; -0.110534; -0.0880972
110.4; 605708; 444963; -0.104943; -0.102827; -0.0908937; -0.08878; -0.0659668
110.6; 619412; 439854; -0.0830317; -0.080867; -0.0694123; -0.0672146; -0.0450868
110.8; 619672; 432060; -0.0623105; -0.0603124; -0.0499182; -0.0478488; -0.0276594
111; 608431; 424191; -0.0443542; -0.0423979; -0.0338146; -0.0320594; -0.0149902
111.2; 599137; 413428; -0.0298157; -0.0281587; -0.0220021; -0.0202915; -0.00742107
111.4; 592838; 401550; -0.0191032; -0.0176748; -0.0140682; -0.0128449; -0.00447826
111.6; 585340; 394718; -0.0119936; -0.0108752; -0.0100391; -0.00894504; -0.00533023
111.8; 577647; 394975; -0.0085433; -0.00771578; -0.00946942; -0.00873595; -0.00963871
112; 562350; 392975; -0.00888375; -0.00824428; -0.0125727; -0.0120479; -0.0173257
112.2; 536346; 385186; -0.0133079; -0.0129082; -0.0196834; -0.0193382; -0.028832
112.4; 504383; 377328; -0.0220185; -0.0218778; -0.0308875; -0.0308337; -0.0442728
112.6; 478069; 372547; -0.0347315; -0.0350172; -0.0458549; -0.0462368; -0.0631826
112.8; 467294; 372708; -0.0512649; -0.0514826; -0.0642203; -0.0645576; -0.0845016
113; 463988; 371177; -0.0703459; -0.0706658; -0.0845904; -0.0849639; -0.106917
113.2; 462678; 370907; -0.0908279; -0.0914707; -0.105668; -0.106355; -0.129118
113.4; 464156; 372708; -0.111878; -0.112375; -0.126606; -0.127113; -0.149702
113.6; 461719; 372592; -0.132083; -0.132507; -0.145812; -0.146214; -0.167234
113.8; 457769; 370870; -0.15059; -0.150769; -0.162302; -0.162553; -0.180469
114; 448076; 382047; -0.166851; -0.167272; -0.176183; -0.176455; -0.190365
114.2; 438072; 400416; -0.181218; -0.181138; -0.187861; -0.187778; -0.197661
114.4; 444226; 408030; -0.1926; -0.192346; -0.196621; -0.196229; -0.20186
114.6; 461785; 409808; -0.200056; -0.19948; -0.201057; -0.200523; -0.201444
114.8; 482951; 421261; -0.202295; -0.201486; -0.200332; -0.199331; -0.195478
115; 502178; 434063; -0.19932; -0.198242; -0.19433; -0.193237; -0.184662
115.2; 513989; 436646; -0.191968; -0.190792; -0.184505; -0.183088; -0.170448
115.4; 519714; 431398; -0.181863; -0.180122; -0.172156; -0.170329; -0.154363
115.6; 529652; 436060; -0.169059; -0.167141; -0.157675; -0.155732; -0.137157
115.8; 549789; 443855; -0.153488; -0.151454; -0.14087; -0.138796; -0.118273
116; 573393; 447559; -0.135118; -0.133007; -0.121603; -0.119451; -0.0974801
116.2; 594513; 444435; -0.114205; -0.112449; -0.100262; -0.0983495; -0.0754859
116.4; 610342; 439444; -0.0925823; -0.0903529; -0.0786643; -0.0764204; -0.0538431
116.6; 616513; 432827; -0.0711627; -0.0691302; -0.0580686; -0.0560895; -0.0348107
116.8; 610020; 425911; -0.0517987; -0.0499143; -0.0403803; -0.0385052; -0.0199031
117; 600322; 416321; -0.0356797; -0.0338554; -0.0265704; -0.0248427; -0.00999424
117.2; 592668; 403119; -0.0231338; -0.0218072; -0.0169392; -0.0155076; -0.00512377
117.4; 586750; 393480; -0.0145915; -0.0131983; -0.0112759; -0.0100256; -0.00436214
117.6; 580815; 392659; -0.00944481; -0.00861331; -0.00918073; -0.0083587; -0.00732169
117.8; 569341; 391416; -0.00826729; -0.0075406; -0.0108222; -0.01018; -0.0136556
118; 546457; 384130; -0.0110119; -0.0104453; -0.0162405; -0.0157855; -0.0235079
118.2; 515265; 380901; -0.0178326; -0.0175954; -0.0256422; -0.0254398; -0.0371836
118.4; 487555; 375948; -0.0288911; -0.0287546; -0.0390338; -0.0389784; -0.0544973
118.6; 471149; 371278; -0.0437124; -0.0438479; -0.05589; -0.0561288; -0.0748464
118.8; 463982; 368884; -0.0617247; -0.0619392; -0.07548; -0.0757352; -0.0969579
119; 464757; 370217; -0.081758; -0.08217; -0.0964016; -0.096914; -0.119486
119.2; 464274; 372057; -0.102708; -0.103176; -0.117614; -0.118089; -0.140995
119.4; 462510; 373226; -0.123418; -0.12386; -0.137737; -0.138149; -0.160099
119.6; 460755; 370335; -0.142716; -0.143024; -0.155414; -0.155719; -0.175138
119.8; 452304; 374989; -0.159991; -0.160249; -0.17038; -0.170576; -0.186293
120; 441207; 394270; -0.175274; -0.17524; -0.183061; -0.183018; -0.1947
