0.004; 941.251; 3024.09; 1.35956e-06; 1.75338e-06; 8.28015e-07; 9.38906e-07; -3.52875e-07
0.2; 59110.1; 130150; -0.000865417; -0.00183906; -0.00122183; -0.00250458; -0.00179151
0.4; 290700; 529853; -0.01153; -0.0110819; -0.0152509; -0.0146369; -0.0201127
0.6; 484794; 623748; -0.0307803; -0.0313116; -0.040289; -0.0408108; -0.0549613
0.8; 461582; 470141; -0.0560646; -0.0568881; -0.0712701; -0.0742662; -0.0976605
1; 486947; 389049; -0.0797876; -0.0809166; -0.101133; -0.10193; -0.134724
1.2; 557888; 380789; -0.0971706; -0.0976841; -0.118117; -0.119228; -0.152735
1.4; 540777; 390451; -0.1127; -0.114951; -0.131647; -0.132245; -0.160891
1.6; 474405; 425546; -0.133979; -0.134059; -0.147962; -0.148597; -0.171117
1.8; 453564; 458758; -0.158063; -0.158288; -0.168851; -0.168645; -0.185358
2; 461193; 486516; -0.18169; -0.181497; -0.188905; -0.188922; -0.199621
2.2; 502419; 506491; -0.196174; -0.196347; -0.199493; -0.199192; -0.203011
2.4; 553587; 489699; -0.198553; -0.197933; -0.19599; -0.195342; -0.190212
2.6; 574622; 558636; -0.189354; -0.189359; -0.182923; -0.181368; -0.169554
2.8; 582978; 603044; -0.178269; -0.176102; -0.168511; -0.166631; -0.151212
3; 598700; 542729; -0.167482; -0.165762; -0.156425; -0.154488; -0.136621
3.2; 648556; 469122; -0.158323; -0.156137; -0.14481; -0.142642; -0.121021
3.4; 716917; 480305; -0.145881; -0.143458; -0.129074; -0.12668; -0.0995797
3.6; 761300; 576880; -0.12614; -0.123994; -0.107389; -0.104719; -0.0739071
3.8; 806172; 662417; -0.0987054; -0.095992; -0.0797935; -0.0772014; -0.0467411
4; 845857; 668607; -0.069184; -0.0664989; -0.0522856; -0.0496135; -0.022519
4.2; 852332; 600957; -0.0433875; -0.041042; -0.0299538; -0.0275536; -0.00605388
4.4; 817951; 519363; -0.0250579; -0.0229981; -0.0159819; -0.0140881; 0.000347399
4.6; 762595; 473584; -0.0150707; -0.0134134; -0.0110118; -0.00945213; -0.00291666
4.8; 715502; 467607; -0.0123617; -0.0112845; -0.0132221; -0.0121851; -0.0131583
5; 675169; 472773; -0.0148382; -0.0142667; -0.0200054; -0.0195681; -0.0271508
5.2; 644371; 480740; -0.0209747; -0.0207291; -0.029836; -0.0297571; -0.0430622
5.4; 618726; 481601; -0.0302049; -0.0302893; -0.0423055; -0.0424865; -0.0608818
5.6; 590208; 473423; -0.043286; -0.0435023; -0.0582378; -0.0585545; -0.081608
5.8; 556664; 453682; -0.0611211; -0.0614616; -0.0784636; -0.078938; -0.105999
6; 520901; 432767; -0.0837601; -0.0842335; -0.102721; -0.103274; -0.132998
6.2; 496102; 425506; -0.109563; -0.110165; -0.128855; -0.129454; -0.159618
6.4; 499792; 417203; -0.135155; -0.135645; -0.15251; -0.153004; -0.180034
6.6; 519307; 412987; -0.156949; -0.157238; -0.169902; -0.170157; -0.190045
6.8; 518478; 459782; -0.173817; -0.17374; -0.18155; -0.181385; -0.19294
7; 509626; 537739; -0.184689; -0.184374; -0.18848; -0.188082; -0.193398
7.2; 520656; 539119; -0.190591; -0.190058; -0.19151; -0.190851; -0.191517
7.4; 559061; 476196; -0.192202; -0.191127; -0.189429; -0.188227; -0.183273
7.6; 593496; 456056; -0.188874; -0.187608; -0.18128; -0.179838; -0.167294
7.8; 613960; 523752; -0.180697; -0.178808; -0.168791; -0.166716; -0.147474
8; 644277; 604198; -0.167112; -0.164811; -0.152614; -0.150231; -0.1269
8.2; 691649; 611199; -0.149637; -0.147287; -0.133668; -0.131267; -0.1054
8.4; 738967; 552906; -0.129567; -0.127153; -0.112503; -0.110043; -0.0822907
8.6; 766554; 522870; -0.106728; -0.104453; -0.0891017; -0.0868285; -0.0582085
8.8; 775623; 532981; -0.0823479; -0.0797937; -0.0652063; -0.0626444; -0.0349437
9; 774767; 557251; -0.0579819; -0.055663; -0.0427055; -0.0404128; -0.0158324
9.2; 766832; 563825; -0.036743; -0.0345027; -0.0247778; -0.0226027; -0.00345008
9.4; 747060; 540553; -0.0210674; -0.0192249; -0.0135902; -0.0118396; 0.000198969
9.6; 710971; 495413; -0.0122875; -0.0109079; -0.00996656; -0.0087168; -0.00479835
9.8; 674098; 458281; -0.0103883; -0.00954015; -0.0133288; -0.0125989; -0.0167926
10; 636860; 434642; -0.0144291; -0.0142441; -0.0222414; -0.022006; -0.0336404
10.2; 594885; 425530; -0.0237279; -0.0236445; -0.0353661; -0.0354615; -0.0532402
10.4; 557924; 432193; -0.0370691; -0.0373906; -0.0517219; -0.05218; -0.0746884
10.6; 530061; 439130; -0.0543877; -0.0548479; -0.0711344; -0.0717067; -0.0976168
10.8; 511657; 434263; -0.0753128; -0.0758226; -0.0933015; -0.0939479; -0.121956
11; 499646; 427322; -0.0989233; -0.0995309; -0.117364; -0.118066; -0.146827
11.2; 493838; 422029; -0.123633; -0.124241; -0.14149; -0.142047; -0.169778
11.4; 503242; 411192; -0.146652; -0.147095; -0.161945; -0.162365; -0.186042
11.6; 515828; 414535; -0.165844; -0.165993; -0.176721; -0.176831; -0.193432
11.8; 510735; 467031; -0.180298; -0.180311; -0.186376; -0.186192; -0.195098
12; 507128; 527320; -0.189324; -0.188706; -0.191446; -0.190816; -0.193622
12.2; 536095; 516929; -0.192741; -0.192189; -0.191547; -0.19074; -0.18803
12.4; 575404; 463324; -0.191254; -0.19; -0.185705; -0.184444; -0.175115
12.6; 604580; 465786; -0.184642; -0.183009; -0.174548; -0.172723; -0.156232
12.8; 617556; 530248; -0.173337; -0.171523; -0.159747; -0.15771; -0.135612
13; 638290; 587336; -0.158092; -0.155648; -0.142517; -0.140053; -0.11498
13.2; 680994; 570526; -0.139356; -0.13692; -0.122667; -0.120188; -0.0932274
13.4; 724638; 524802; -0.11782; -0.115572; -0.100425; -0.098056; -0.069754
13.6; 749737; 515480; -0.0940048; -0.0915008; -0.076514; -0.074038; -0.0457802
13.8; 757559; 531637; -0.0691612; -0.0666846; -0.052838; -0.0503725; -0.024006
14; 750151; 544113; -0.0460128; -0.0437668; -0.0322644; -0.0301288; -0.00798729
14.2; 730466; 530701; -0.0273956; -0.0253793; -0.0176493; -0.015712; -4.08481e-05
14.4; 696038; 493934; -0.0152969; -0.0136748; -0.0104856; -0.00901107; -0.0011372
14.6; 653267; 453387; -0.0101275; -0.00912894; -0.0107223; -0.00978982; -0.0103786
14.8; 620265; 425570; -0.0116209; -0.011104; -0.0172093; -0.0168838; -0.0252426
15; 589928; 413883; -0.0185967; -0.0184724; -0.0285719; -0.0284925; -0.043616
15.2; 560697; 418037; -0.0301208; -0.030373; -0.0434377; -0.0438261; -0.0642178
15.4; 535453; 424539; -0.0458; -0.0461647; -0.0615685; -0.0621169; -0.0864181
15.6; 512537; 426600; -0.0651798; -0.0656442; -0.0826005; -0.0832532; -0.110289
15.8; 494349; 419048; -0.0875518; -0.0883629; -0.105984; -0.106731; -0.135282
16; 486954; 414260; -0.11211; -0.112735; -0.130451; -0.131164; -0.159733
16.2; 490066; 405464; -0.136139; -0.136688; -0.152993; -0.153465; -0.179627
16.4; 503794; 399557; -0.15718; -0.157577; -0.170405; -0.170728; -0.191067
16.6; 506395; 428180; -0.174133; -0.174277; -0.182463; -0.182591; -0.195146
16.8; 501168; 497931; -0.185912; -0.185406; -0.189889; -0.189235; -0.194987
17; 517884; 519380; -0.191771; -0.191424; -0.192156; -0.191704; -0.191489
17.2; 552829; 468368; -0.192724; -0.19172; -0.189239; -0.188048; -0.181842
17.4; 584261; 443170; -0.188345; -0.18701; -0.180269; -0.178746; -0.165319
17.6; 597428; 493035; -0.179272; -0.177554; -0.167058; -0.165275; -0.14543
17.8; 610400; 564396; -0.165753; -0.163669; -0.151103; -0.148808; -0.125077
18; 645942; 572290; -0.148597; -0.146168; -0.132476; -0.129984; -0.103966
18.2; 694291; 525841; -0.128429; -0.12611; -0.111332; -0.108898; -0.0811525
18.4; 725036; 500967; -0.105483; -0.103123; -0.08781; -0.0855363; -0.0569322
18.6; 738680; 511932; -0.0807875; -0.0782451; -0.0636855; -0.0611333; -0.0334904
18.8; 738051; 532529; -0.056432; -0.0539932; -0.041232; -0.0388249; -0.0143239
19; 721292; 530948; -0.0354677; -0.0332618; -0.023657; -0.0215153; -0.00251112
19.2; 692863; 500449; -0.0201991; -0.0184552; -0.0129576; -0.0113223; 0.000438976
19.4; 653785; 454726; -0.0118237; -0.0106442; -0.00986936; -0.00876529; -0.00531534
19.6; 617339; 426445; -0.0103648; -0.00946127; -0.0136546; -0.0129362; -0.0178019
19.8; 589615; 411935; -0.0147021; -0.0143048; -0.0227068; -0.0224563; -0.034613
20; 561446; 410280; -0.0240357; -0.0240874; -0.035839; -0.0359908; -0.0539889
20.2; 534393; 417986; -0.0377768; -0.0380297; -0.0524265; -0.0528299; -0.075358
20.4; 512017; 419233; -0.0554473; -0.0559529; -0.072127; -0.0727881; -0.0985472
20.6; 494093; 412654; -0.0766534; -0.0772346; -0.0946448; -0.0953159; -0.123247
20.8; 482787; 407427; -0.100327; -0.101152; -0.118776; -0.119771; -0.148456
21; 482050; 401940; -0.124988; -0.12556; -0.142868; -0.143384; -0.171187
21.2; 494189; 392227; -0.147543; -0.148021; -0.162739; -0.16317; -0.18671
21.4; 504080; 401667; -0.166454; -0.166686; -0.177159; -0.177355; -0.193698
21.6; 496991; 456459; -0.180894; -0.180741; -0.186857; -0.186535; -0.195344
21.8; 499392; 509416; -0.18978; -0.189218; -0.191799; -0.191198; -0.193817
22; 529881; 486642; -0.193151; -0.192569; -0.191686; -0.19078; -0.187561
22.2; 566952; 438653; -0.191232; -0.189948; -0.185312; -0.183961; -0.173995
22.4; 587958; 452500; -0.184087; -0.182522; -0.17375; -0.171969; -0.155034
22.6; 597905; 521481; -0.172626; -0.170501; -0.158917; -0.156726; -0.134589
22.8; 619096; 568112; -0.157069; -0.154696; -0.14155; -0.139122; -0.114132
23; 660881; 534712; -0.138424; -0.136069; -0.121722; -0.119297; -0.0922605
23.2; 701820; 492357; -0.116914; -0.114658; -0.0993986; -0.0970782; -0.0686259
23.4; 723877; 493669; -0.0928593; -0.0903807; -0.0753227; -0.0728409; -0.0444585
23.6; 730497; 513933; -0.0678676; -0.0654305; -0.0515626; -0.0491445; -0.0227689
23.8; 718769; 524672; -0.0446853; -0.0425434; -0.0310473; -0.0289978; -0.00698723
24; 696213; 505160; -0.0263739; -0.0244054; -0.0167898; -0.0149404; 0.000535131
24.2; 662995; 460838; -0.0146745; -0.0131267; -0.0100779; -0.00867497; -0.00115393
24.4; 621193; 425380; -0.00994658; -0.00901124; -0.0106974; -0.00994676; -0.010766
24.6; 589509; 406409; -0.0118004; -0.0112317; -0.017603; -0.0171822; -0.0259131
24.8; 566158; 404324; -0.018849; -0.0189636; -0.0289126; -0.029211; -0.0444284
25; 541971; 406827; -0.0306974; -0.0308821; -0.044137; -0.0444436; -0.0650212
25.2; 518230; 408538; -0.0464991; -0.0469153; -0.0623495; -0.0629059; -0.0873127
25.4; 496754; 408862; -0.0659499; -0.0665603; -0.083428; -0.0842342; -0.111305
25.6; 481520; 399988; -0.0885221; -0.0891919; -0.106922; -0.107695; -0.136317
25.8; 475274; 397436; -0.112916; -0.113625; -0.131302; -0.132072; -0.160681
26; 481626; 389008; -0.136939; -0.137453; -0.153714; -0.154225; -0.180313
26.2; 494880; 382092; -0.157784; -0.158317; -0.170911; -0.171292; -0.191415
26.4; 498630; 418141; -0.174583; -0.174979; -0.182605; -0.183209; -0.19522
26.6; 491217; 486025; -0.186346; -0.185931; -0.190201; -0.189504; -0.194967
26.8; 503600; 500036; -0.192129; -0.191612; -0.192237; -0.191798; -0.191262
27; 542887; 444479; -0.192624; -0.191798; -0.189044; -0.187848; -0.181321
27.2; 572896; 423437; -0.187955; -0.186605; -0.179591; -0.178309; -0.164525
27.4; 581633; 474631; -0.178723; -0.176803; -0.166468; -0.164372; -0.144488
27.6; 593543; 546840; -0.164931; -0.163066; -0.150218; -0.148166; -0.124271
27.8; 630828; 549859; -0.147993; -0.145441; -0.131754; -0.129211; -0.103078
28; 679338; 499656; -0.127689; -0.125485; -0.110424; -0.108217; -0.0801441
28.2; 707039; 475798; -0.104662; -0.102271; -0.0870033; -0.0845239; -0.055875
28.4; 716351; 495533; -0.0797298; -0.077212; -0.0625672; -0.0602241; -0.0325172
28.6; 711677; 517319; -0.0552836; -0.0528991; -0.0402274; -0.0378524; -0.0135129
28.8; 691877; 509147; -0.0344123; -0.0322483; -0.0227792; -0.020683; -0.0019443
29; 664145; 472961; -0.0194772; -0.0177732; -0.0124303; -0.010846; 0.00061838
29.2; 624928; 430595; -0.0115122; -0.0102196; -0.00970603; -0.00857587; -0.00546178
29.4; 591038; 407455; -0.0101936; -0.00942147; -0.0136795; -0.0130196; -0.0181106
29.6; 570256; 400449; -0.0147844; -0.0144095; -0.0228712; -0.0227089; -0.0350061
29.8; 546711; 399184; -0.0242849; -0.0244371; -0.0361015; -0.0365792; -0.0546487
30; 521474; 403180; -0.0382512; -0.0386108; -0.0530272; -0.0535129; -0.0761803
30.2; 498952; 400424; -0.0561282; -0.0565831; -0.0728595; -0.0735767; -0.099485
30.4; 482712; 398551; -0.0774059; -0.078031; -0.0955737; -0.0961518; -0.12434
30.6; 472180; 397000; -0.101178; -0.101889; -0.119673; -0.120653; -0.149522
30.8; 473211; 390438; -0.125676; -0.126407; -0.143608; -0.144218; -0.172033
31; 484754; 380203; -0.148331; -0.148711; -0.163446; -0.163824; -0.187327
31.2; 493365; 387618; -0.167061; -0.167435; -0.177697; -0.177986; -0.194159
31.4; 492744; 448361; -0.181467; -0.181193; -0.187314; -0.1869; -0.195583
31.6; 493473; 497309; -0.189889; -0.189531; -0.191844; -0.191404; -0.193831
31.8; 518994; 465112; -0.193208; -0.1924; -0.191532; -0.190619; -0.187225
32; 557795; 418224; -0.190797; -0.189869; -0.184788; -0.183665; -0.173383
32.2; 574780; 439287; -0.183752; -0.182246; -0.173269; -0.17151; -0.154288
32.4; 576409; 514274; -0.172285; -0.170076; -0.158467; -0.156243; -0.133983
32.6; 600170; 557995; -0.156508; -0.154189; -0.140958; -0.138583; -0.113528
32.8; 648984; 513279; -0.137846; -0.135402; -0.121079; -0.118571; -0.0914354
33; 688340; 469651; -0.115973; -0.113875; -0.0984249; -0.0962354; -0.0676496
33.2; 704718; 479559; -0.0918174; -0.0893761; -0.0742841; -0.0718774; -0.0435116
33.4; 707753; 506389; -0.0668656; -0.064412; -0.0506566; -0.0481827; -0.0219677
33.6; 695057; 516834; -0.0439844; -0.041672; -0.0303758; -0.028333; -0.00649242
33.8; 670611; 485084; -0.0258607; -0.0239904; -0.0164888; -0.0145614; 0.000697273
34; 636332; 439642; -0.0143322; -0.0129712; -0.00990989; -0.00861952; -0.00123456
34.2; 597645; 409651; -0.00994832; -0.00883658; -0.010838; -0.00990547; -0.0110229
34.4; 571164; 399528; -0.0117421; -0.0113298; -0.017721; -0.0173996; -0.0263103
34.6; 550977; 394588; -0.0191428; -0.0190883; -0.0293078; -0.0294576; -0.0449082
34.8; 528515; 395661; -0.0311788; -0.031296; -0.0446724; -0.0449844; -0.0657244
35; 507940; 397991; -0.0471443; -0.0476113; -0.0631369; -0.0636331; -0.0882697
35.2; 489742; 396956; -0.0668622; -0.0673799; -0.084437; -0.0850951; -0.112351
35.4; 474600; 393512; -0.0893865; -0.0901984; -0.107845; -0.108753; -0.137439
35.6; 468466; 389235; -0.11375; -0.114658; -0.132178; -0.133067; -0.161652
35.8; 476267; 377174; -0.137698; -0.138133; -0.154382; -0.154805; -0.180781
36; 489256; 373626; -0.158358; -0.158817; -0.171288; -0.171675; -0.19154
36.2; 488994; 410596; -0.175126; -0.175196; -0.183214; -0.183163; -0.19532
36.4; 484437; 473340; -0.186647; -0.186355; -0.190361; -0.189966; -0.195221
36.6; 498240; 482100; -0.192535; -0.191939; -0.192682; -0.191908; -0.191411
36.8; 537854; 435001; -0.192822; -0.191876; -0.188966; -0.187927; -0.181119
37; 569043; 416754; -0.187802; -0.186433; -0.179441; -0.177854; -0.163968
37.2; 575571; 466343; -0.17838; -0.176331; -0.16597; -0.163865; -0.143815
37.4; 584769; 534983; -0.164591; -0.162322; -0.14972; -0.147453; -0.123522
37.6; 618107; 533626; -0.147358; -0.144924; -0.131102; -0.128583; -0.102325
37.8; 663423; 478844; -0.12706; -0.124869; -0.109811; -0.107446; -0.0793461
38; 692489; 465760; -0.103885; -0.101584; -0.0861683; -0.0838409; -0.0550885
38.2; 700384; 488965; -0.0789034; -0.0764101; -0.0618784; -0.0593598; -0.0317948
38.4; 694853; 506572; -0.0544657; -0.0522358; -0.0395569; -0.0372251; -0.0130218
38.6; 675772; 496604; -0.0338325; -0.0316225; -0.022307; -0.0202217; -0.00169761
38.8; 647645; 452145; -0.0189206; -0.0174046; -0.0120802; -0.0105615; 0.000720009
39; 607834; 417195; -0.0112568; -0.00990384; -0.00960452; -0.00838898; -0.0055016
39.2; 574706; 398549; -0.0101237; -0.00944417; -0.0136974; -0.0131831; -0.0183972
39.4; 554711; 391558; -0.0150411; -0.0147429; -0.0232418; -0.0230889; -0.0354865
39.6; 533300; 396961; -0.024848; -0.0248772; -0.036851; -0.0369813; -0.0553241
39.8; 511344; 394494; -0.0388942; -0.0392357; -0.0537329; -0.0542309; -0.0770387
40; 491400; 392525; -0.0568309; -0.0573203; -0.0737292; -0.0743443; -0.100486
40.2; 475148; 391810; -0.0780926; -0.0787048; -0.0962765; -0.0969758; -0.125251
40.4; 465812; 388915; -0.101824; -0.102554; -0.120464; -0.121243; -0.150262
40.6; 466352; 382765; -0.12632; -0.126945; -0.144166; -0.144745; -0.1725
40.8; 480633; 370515; -0.148821; -0.149299; -0.163805; -0.164221; -0.187422
41; 488851; 383615; -0.167571; -0.167817; -0.178003; -0.17817; -0.194065
41.2; 485231; 442868; -0.18187; -0.181707; -0.187584; -0.187211; -0.195616
41.4; 485970; 487260; -0.190391; -0.189852; -0.192231; -0.191629; -0.19393
41.6; 516548; 452828; -0.193288; -0.192487; -0.191567; -0.190629; -0.187189
41.8; 552774; 406168; -0.190738; -0.189627; -0.184638; -0.183416; -0.173076
42; 570436; 431373; -0.183427; -0.181814; -0.172918; -0.17103; -0.153812
42.2; 572464; 509287; -0.171799; -0.169616; -0.157961; -0.155698; -0.133397
42.4; 594435; 544277; -0.156132; -0.153755; -0.140468; -0.138026; -0.112755
42.6; 640637; 494309; -0.137323; -0.134951; -0.120438; -0.118004; -0.0906335
42.8; 680190; 457758; -0.115419; -0.113243; -0.0978045; -0.0955037; -0.0668104
43; 691495; 475440; -0.0911251; -0.0886623; -0.0735584; -0.0711805; -0.0427491
43.2; 692057; 499140; -0.0659283; -0.0636942; -0.0498619; -0.0474612; -0.0213207
43.4; 681998; 501226; -0.0432197; -0.0408943; -0.0298519; -0.0275417; -0.00597979
43.6; 658461; 469039; -0.0253567; -0.023454; -0.0159981; -0.0143295; 0.000781429
43.8; 622766; 428747; -0.0142568; -0.0126302; -0.0100253; -0.00846814; -0.00152324
44; 586182; 403283; -0.00982211; -0.00904149; -0.0109294; -0.0102847; -0.0115769
44.2; 560774; 389980; -0.0120016; -0.0114071; -0.0180968; -0.0176722; -0.026847
44.4; 543341; 390082; -0.0193322; -0.019356; -0.0296645; -0.0298147; -0.0454938
44.6; 521941; 387428; -0.0313957; -0.0316368; -0.0450353; -0.0453594; -0.066249
44.8; 500059; 387958; -0.0473767; -0.0480357; -0.0635231; -0.0640973; -0.08884
45; 480042; 390141; -0.067267; -0.0678175; -0.0849187; -0.0856271; -0.113035
45.2; 466963; 386051; -0.0899939; -0.0907104; -0.108505; -0.10934; -0.13816
45.4; 462231; 381182; -0.114464; -0.115226; -0.132927; -0.133664; -0.162373
45.6; 471658; 371670; -0.138367; -0.138835; -0.155006; -0.155496; -0.181413
45.8; 487662; 366078; -0.158934; -0.159433; -0.17179; -0.172185; -0.191896
46; 488348; 407090; -0.175407; -0.175908; -0.183325; -0.183735; -0.195442
46.2; 477693; 467807; -0.187023; -0.186469; -0.190624; -0.189924; -0.195095
46.4; 493864; 474300; -0.192444; -0.192045; -0.192505; -0.191931; -0.191199
46.6; 532733; 421113; -0.192756; -0.191674; -0.188765; -0.187718; -0.180774
46.8; 563453; 408485; -0.187436; -0.186316; -0.179082; -0.177519; -0.16348
47; 569779; 463510; -0.178105; -0.176035; -0.165566; -0.163453; -0.143181
47.2; 576043; 528724; -0.164227; -0.162015; -0.149304; -0.146979; -0.122925
47.4; 611137; 522263; -0.146942; -0.144518; -0.130589; -0.128085; -0.101621
47.6; 657417; 464316; -0.126451; -0.124375; -0.109125; -0.106879; -0.0785844
47.8; 682128; 458370; -0.103197; -0.100748; -0.0854456; -0.0830706; -0.0543584
48; 688909; 479811; -0.0780439; -0.0756265; -0.0610815; -0.0586393; -0.0311074
48.2; 681876; 502112; -0.0536989; -0.0513511; -0.0388101; -0.0364804; -0.0124164
48.4; 663399; 483220; -0.033162; -0.0310883; -0.0216636; -0.0198078; -0.00129026
48.6; 632801; 439591; -0.0186785; -0.0170433; -0.0119051; -0.0103234; 0.000759555
48.8; 593059; 407045; -0.0110897; -0.0100422; -0.00962739; -0.008564; -0.00579368
49; 561511; 391431; -0.0104015; -0.00960144; -0.0140935; -0.0134762; -0.0189095
49.2; 543383; 390468; -0.0152983; -0.015069; -0.0237046; -0.0235565; -0.0362813
49.4; 529407; 387502; -0.0251405; -0.0252355; -0.0371061; -0.0376959; -0.0560524
49.6; 507369; 383861; -0.0392282; -0.0395165; -0.0542525; -0.0545894; -0.07769
49.8; 485953; 385082; -0.0571204; -0.0577151; -0.0741363; -0.0748045; -0.101107
50; 470623; 384031; -0.0786014; -0.0791256; -0.0967897; -0.0974956; -0.125821
50.2; 459343; 381203; -0.102433; -0.10312; -0.121103; -0.121799; -0.15089
50.4; 462080; 373439; -0.12701; -0.127653; -0.144827; -0.145387; -0.173094
50.6; 477769; 362931; -0.1495; -0.149913; -0.164357; -0.164785; -0.187835
50.8; 485834; 377759; -0.168093; -0.168379; -0.178427; -0.178609; -0.194313
51; 478874; 436011; -0.182138; -0.181815; -0.187747; -0.187317; -0.195676
51.2; 482923; 476267; -0.190211; -0.189865; -0.192042; -0.191545; -0.193742
51.4; 513622; 440072; -0.19317; -0.192334; -0.191362; -0.190343; -0.186735
51.6; 549975; 399277; -0.190533; -0.18951; -0.184345; -0.183109; -0.172576
51.8; 564232; 428917; -0.183376; -0.181547; -0.17266; -0.170739; -0.153363
52; 567717; 505160; -0.171586; -0.169425; -0.157673; -0.155397; -0.132909
52.2; 590056; 530918; -0.155684; -0.153434; -0.13997; -0.13759; -0.112163
52.4; 634439; 485018; -0.136797; -0.134382; -0.119857; -0.117337; -0.0898705
52.6; 667285; 451943; -0.114659; -0.112469; -0.096962; -0.0947785; -0.065976
52.8; 679684; 464492; -0.0901859; -0.0878165; -0.0727285; -0.0703096; -0.0419705
53; 680104; 490107; -0.0651512; -0.0628097; -0.049022; -0.0467406; -0.0206385
53.2; 669063; 493660; -0.0424533; -0.0403318; -0.0291298; -0.0270548; -0.00549435
53.4; 644628; 455475; -0.0249265; -0.023048; -0.0156705; -0.0139314; 0.00106232
53.6; 608066; 415600; -0.0139874; -0.0125016; -0.00978271; -0.0083938; -0.00143765
53.8; 572568; 399038; -0.00986848; -0.00895084; -0.011042; -0.0102167; -0.0116441
54; 549538; 387967; -0.0120465; -0.0115992; -0.0182707; -0.0179625; -0.0272785
54.2; 535224; 382218; -0.0195951; -0.0195214; -0.0301154; -0.0301332; -0.046156
54.4; 515425; 382355; -0.0316828; -0.0318947; -0.0455021; -0.045842; -0.0670429
54.6; 492323; 378347; -0.0478536; -0.0482853; -0.064015; -0.0646183; -0.0895931
54.8; 476008; 380935; -0.0677621; -0.0683329; -0.0855283; -0.0861626; -0.113714
55; 463477; 380433; -0.0906266; -0.0912977; -0.109144; -0.109917; -0.138764
55.2; 456403; 376912; -0.115238; -0.115894; -0.133625; -0.134259; -0.162896
55.4; 465631; 366258; -0.139013; -0.139569; -0.155566; -0.156071; -0.181779
55.6; 484741; 362102; -0.159515; -0.159813; -0.172215; -0.172458; -0.192026
55.8; 485809; 398440; -0.175836; -0.176013; -0.183708; -0.183724; -0.195489
56; 477735; 461760; -0.187104; -0.186517; -0.190645; -0.19; -0.195137
56.2; 494528; 463733; -0.192284; -0.192058; -0.192411; -0.191862; -0.191109
56.4; 534469; 409700; -0.192626; -0.191594; -0.188584; -0.187508; -0.18047
56.6; 560347; 403868; -0.187397; -0.186095; -0.178865; -0.177269; -0.163093
56.8; 563572; 465970; -0.177813; -0.175885; -0.165256; -0.163167; -0.142779
57; 573541; 527170; -0.163867; -0.161604; -0.14887; -0.146524; -0.122311
57.2; 608221; 504569; -0.146374; -0.143976; -0.129947; -0.127489; -0.100929
57.4; 652765; 453635; -0.12596; -0.123484; -0.108468; -0.106106; -0.0777881
57.6; 673887; 452496; -0.102457; -0.0999879; -0.0847248; -0.0823166; -0.053616
57.8; 679824; 480275; -0.0773288; -0.0748811; -0.0604278; -0.0579761; -0.0305914
58; 675580; 494577; -0.0531916; -0.0507844; -0.0383833; -0.0360019; -0.0121072
58.2; 658233; 471721; -0.0328688; -0.0308413; -0.0215582; -0.0195771; -0.00127049
58.4; 626882; 428543; -0.0185806; -0.0167983; -0.0118087; -0.0101843; 0.000819326
58.6; 589434; 403355; -0.0108855; -0.00995058; -0.00940651; -0.00851525; -0.00567057
58.8; 557331; 391568; -0.010239; -0.00943816; -0.0139419; -0.0133746; -0.0188112
59; 538216; 384762; -0.0151737; -0.0149121; -0.0236324; -0.0235147; -0.0363382
59.2; 521737; 379478; -0.0252089; -0.0252742; -0.0374891; -0.0376878; -0.0564622
59.4; 498749; 374919; -0.0394927; -0.0398939; -0.0546057; -0.0551641; -0.0784133
59.6; 479710; 379149; -0.057704; -0.0582434; -0.0748525; -0.0754711; -0.10203
59.8; 469447; 379922; -0.0792359; -0.0798253; -0.0975462; -0.0982431; -0.126753
60; 459594; 377974; -0.103124; -0.103788; -0.121772; -0.122478; -0.151549
60.2; 459817; 370169; -0.127575; -0.128215; -0.145308; -0.145864; -0.173439
60.4; 476711; 359422; -0.149901; -0.15033; -0.164653; -0.16504; -0.187885
60.6; 483379; 375572; -0.168373; -0.168649; -0.178597; -0.178766; -0.194299
60.8; 476308; 433129; -0.182379; -0.182244; -0.187945; -0.187622; -0.195789
61; 479256; 469443; -0.190649; -0.190199; -0.192378; -0.191816; -0.193889
61.2; 510086; 437164; -0.19337; -0.192646; -0.191487; -0.190503; -0.186718
61.4; 545170; 397717; -0.190632; -0.189397; -0.184253; -0.182973; -0.172266
61.6; 560892; 425116; -0.182774; -0.181525; -0.172139; -0.170449; -0.152786
61.8; 565405; 500618; -0.171143; -0.16892; -0.157121; -0.154848; -0.132245
62; 585038; 523652; -0.15532; -0.152966; -0.139479; -0.137064; -0.111467
62.2; 625918; 475804; -0.136378; -0.134005; -0.119344; -0.116906; -0.0892596
62.4; 661695; 446061; -0.114355; -0.11186; -0.0965443; -0.0942202; -0.0654178
62.6; 674546; 468754; -0.0897029; -0.0872529; -0.0722463; -0.0697735; -0.0414648
62.8; 673993; 490675; -0.0646426; -0.0622316; -0.0486568; -0.04623; -0.0203283
63; 661555; 486128; -0.0420511; -0.0398594; -0.028885; -0.0267134; -0.00539929
63.2; 635943; 447876; -0.0246022; -0.0227267; -0.0154099; -0.0137954; 0.00103603
63.4; 601822; 414745; -0.0137948; -0.0123109; -0.00980506; -0.00831408; -0.00163479
63.6; 565451; 394311; -0.00974765; -0.00898043; -0.0109998; -0.0104976; -0.0120426
63.8; 540984; 386152; -0.0122584; -0.0116584; -0.0186153; -0.018106; -0.0276857
64; 525524; 380020; -0.0198236; -0.019798; -0.0303602; -0.030473; -0.046497
64.2; 509508; 378454; -0.0320299; -0.0322655; -0.045834; -0.0462187; -0.0673948
64.4; 490633; 376272; -0.0482375; -0.0487273; -0.0644443; -0.0650376; -0.0900274
64.6; 471541; 379520; -0.0682354; -0.068795; -0.0860343; -0.0866956; -0.114346
64.8; 457227; 378256; -0.0911105; -0.0918246; -0.109722; -0.110513; -0.1395
65; 452450; 373409; -0.115728; -0.116371; -0.134173; -0.134807; -0.163553
65.2; 464755; 363155; -0.139431; -0.140002; -0.155945; -0.156472; -0.182133
65.4; 481743; 358476; -0.15993; -0.160349; -0.172518; -0.172868; -0.192197
65.6; 481422; 400471; -0.176274; -0.176423; -0.183996; -0.184001; -0.195528
65.8; 473315; 459441; -0.187401; -0.186908; -0.190839; -0.190255; -0.195155
66; 490041; 456203; -0.192615; -0.192191; -0.192574; -0.191925; -0.191005
66.2; 530126; 406748; -0.192663; -0.191559; -0.188493; -0.187386; -0.180179
66.4; 555973; 401739; -0.18728; -0.185824; -0.178606; -0.176988; -0.16268
66.6; 558065; 464221; -0.17739; -0.175716; -0.164881; -0.162902; -0.142443
66.8; 569314; 523814; -0.163465; -0.161318; -0.148518; -0.146138; -0.121901
67; 605198; 498228; -0.145963; -0.143633; -0.129515; -0.127051; -0.100386
67.2; 647193; 448147; -0.12541; -0.123079; -0.107964; -0.10549; -0.0770727
67.4; 668281; 451208; -0.101835; -0.0995301; -0.0840439; -0.0817746; -0.0528787
67.6; 671735; 477532; -0.0766972; -0.0743074; -0.0597692; -0.0573456; -0.0298605
67.8; 664572; 488849; -0.0525793; -0.0502568; -0.037668; -0.0356215; -0.0115557
68; 643136; 464957; -0.0322941; -0.0302555; -0.0210226; -0.0191024; -0.000899377
68.2; 615412; 425251; -0.0180836; -0.0163859; -0.0114886; -0.0098741; 0.000900612
68.4; 580035; 398616; -0.0107542; -0.0096644; -0.00935684; -0.00848063; -0.00590571
68.6; 549356; 388227; -0.0102023; -0.00943015; -0.0140665; -0.0134124; -0.019078
68.8; 531174; 381313; -0.0154328; -0.0151546; -0.0238175; -0.0238741; -0.0366081
69; 514395; 375485; -0.0255532; -0.0257557; -0.0378093; -0.0381002; -0.0567743
69.2; 494076; 373403; -0.0400062; -0.04039; -0.0550962; -0.0556678; -0.0788943
69.4; 472983; 379214; -0.0581362; -0.0586767; -0.0753304; -0.0759453; -0.102562
69.6; 460799; 378981; -0.079619; -0.0802608; -0.0980288; -0.0987303; -0.127382
69.8; 455010; 370667; -0.103283; -0.104438; -0.122043; -0.123188; -0.152217
70; 456415; 362276; -0.127999; -0.128606; -0.145561; -0.146454; -0.17389
70.2; 470365; 355586; -0.150359; -0.150771; -0.165073; -0.165356; -0.188111
70.4; 476871; 373074; -0.168728; -0.1693; -0.17878; -0.179294; -0.194418
70.6; 475950; 431550; -0.18266; -0.182824; -0.188253; -0.187818; -0.19576
70.8; 474021; 462524; -0.191005; -0.190385; -0.192482; -0.191997; -0.193784
71; 505041; 430300; -0.193208; -0.192719; -0.19131; -0.190364; -0.18637
71.2; 544820; 390860; -0.190391; -0.189056; -0.183875; -0.18253; -0.171659
71.4; 556422; 420900; -0.182532; -0.181062; -0.171798; -0.169918; -0.152205
71.6; 557180; 497532; -0.170735; -0.168587; -0.156699; -0.154483; -0.131825
71.8; 581346; 515450; -0.155003; -0.152586; -0.139129; -0.136668; -0.111077
72; 625084; 466857; -0.135974; -0.133611; -0.118892; -0.116465; -0.0887084
72.2; 658577; 444193; -0.1137; -0.111532; -0.0959151; -0.0937626; -0.0648092
72.4; 667296; 461232; -0.0891245; -0.0865959; -0.0716324; -0.0690963; -0.0407378
72.6; 667382; 484778; -0.0639401; -0.0615819; -0.047967; -0.0455982; -0.0196972
72.8; 654693; 476058; -0.0414026; -0.0391532; -0.0281974; -0.0261797; -0.00492354
73; 630494; 439859; -0.0240261; -0.0223033; -0.0151661; -0.0133621; 0.00113335
73.2; 592516; 406119; -0.013538; -0.0120543; -0.00962433; -0.00828745; -0.00181052
73.4; 559988; 388760; -0.00984304; -0.00888733; -0.0112598; -0.0104981; -0.0123548
73.6; 540247; 381986; -0.0123637; -0.0119408; -0.0188127; -0.0184994; -0.028164
73.8; 524671; 380521; -0.0202268; -0.0201265; -0.0308342; -0.0308666; -0.0470081
74; 504733; 372972; -0.0324898; -0.0328068; -0.0462888; -0.0467929; -0.0679301
74.2; 484069; 373042; -0.0487943; -0.0492481; -0.0650203; -0.065562; -0.090597
74.4; 467988; 376224; -0.0687504; -0.0692873; -0.086552; -0.08721; -0.114876
74.6; 453814; 375184; -0.0916562; -0.0923244; -0.110272; -0.111024; -0.140041
74.8; 449427; 368068; -0.116257; -0.116918; -0.134703; -0.135318; -0.164055
75; 461380; 357094; -0.139966; -0.14051; -0.156433; -0.156934; -0.182537
75.2; 480387; 358663; -0.160337; -0.160776; -0.172813; -0.173181; -0.192323
75.4; 479345; 398334; -0.176527; -0.17681; -0.184132; -0.184255; -0.195524
75.6; 470434; 456327; -0.187629; -0.187012; -0.190931; -0.190282; -0.19503
75.8; 489660; 452918; -0.192637; -0.192268; -0.192512; -0.191849; -0.190764
76; 525255; 402835; -0.192481; -0.191459; -0.188271; -0.187087; -0.179724
76.2; 550493; 397584; -0.186869; -0.185636; -0.178093; -0.176676; -0.162073
76.4; 554592; 459901; -0.177123; -0.175236; -0.164373; -0.16245; -0.141803
76.6; 561591; 518399; -0.163135; -0.160924; -0.148016; -0.145731; -0.121308
76.8; 595468; 497279; -0.145606; -0.143236; -0.129056; -0.126635; -0.0998115
77; 640121; 446672; -0.12484; -0.122727; -0.107329; -0.105177; -0.0766156
77.2; 662318; 447281; -0.101282; -0.0987927; -0.0835416; -0.0810248; -0.0522516
77.4; 664169; 476069; -0.0759492; -0.073655; -0.0590649; -0.0567675; -0.0293192
77.6; 654101; 485706; -0.0519321; -0.0495474; -0.0372008; -0.0348333; -0.0110288
77.8; 636748; 460192; -0.0316361; -0.029827; -0.0204838; -0.0186632; -0.000487
78; 607144; 419323; -0.0178206; -0.0161051; -0.0112756; -0.00967032; 0.00100821
78.2; 566920; 395154; -0.0107001; -0.0094789; -0.00948178; -0.00839434; -0.00611841
78.4; 540771; 386184; -0.0101727; -0.0095953; -0.0142629; -0.0137758; -0.0197344
78.6; 528143; 376346; -0.0156239; -0.0154146; -0.0242168; -0.0243695; -0.0374315
78.8; 512756; 371214; -0.0259692; -0.0260483; -0.0383548; -0.0386284; -0.0575879
79; 490717; 373526; -0.0404435; -0.040767; -0.0556093; -0.0561249; -0.0795325
79.2; 473143; 376656; -0.0586979; -0.0592593; -0.0758901; -0.0764815; -0.103061
79.4; 459997; 373709; -0.0803278; -0.0809424; -0.0986159; -0.0993706; -0.127854
79.6; 449161; 371531; -0.104257; -0.104912; -0.122892; -0.123594; -0.15267
79.8; 451752; 365616; -0.128651; -0.129295; -0.146344; -0.146887; -0.174385
80; 471519; 354296; -0.150844; -0.151267; -0.165442; -0.165837; -0.188449
80.2; 480170; 369512; -0.169187; -0.169434; -0.179185; -0.179327; -0.194504
80.4; 470546; 428681; -0.182919; -0.182739; -0.188253; -0.187893; -0.1957
80.6; 474430; 463577; -0.190933; -0.190337; -0.192435; -0.191805; -0.193591
80.8; 506764; 422682; -0.193274; -0.192652; -0.19121; -0.190326; -0.186187
81; 542674; 388004; -0.190364; -0.189138; -0.183789; -0.182513; -0.171503
81.2; 555448; 423776; -0.182329; -0.180946; -0.171493; -0.169735; -0.151831
81.4; 557183; 496432; -0.170303; -0.168368; -0.156311; -0.154044; -0.131242
81.6; 577233; 509862; -0.154482; -0.152105; -0.138544; -0.136133; -0.11041
81.8; 620416; 458409; -0.135417; -0.133049; -0.118294; -0.115877; -0.0880564
82; 655766; 438386; -0.113113; -0.110913; -0.0953927; -0.093065; -0.0641636
82.2; 664668; 462223; -0.0885347; -0.0860632; -0.0710641; -0.0685886; -0.0402674
82.4; 662020; 485175; -0.0634212; -0.0611327; -0.0474066; -0.0452612; -0.0193107
82.6; 650130; 473020; -0.0410138; -0.0388117; -0.0279728; -0.0257682; -0.00467125
82.8; 626041; 433740; -0.0238294; -0.0219173; -0.0148892; -0.0131545; 0.00128427
83; 588858; 403672; -0.0132207; -0.01189; -0.00939403; -0.00815601; -0.0017042
83.2; 553250; 389642; -0.0096396; -0.00881053; -0.011192; -0.0104215; -0.0124052
83.4; 532618; 380329; -0.0124749; -0.0119526; -0.0189711; -0.0185909; -0.0283603
83.6; 519167; 373115; -0.0204176; -0.0204078; -0.0310838; -0.0312273; -0.0474463
83.8; 501282; 369976; -0.0329167; -0.0331251; -0.0468531; -0.0471834; -0.0685863
84; 481865; 373964; -0.0492731; -0.0497633; -0.0655489; -0.0661866; -0.0913174
84.2; 464662; 376210; -0.0692813; -0.0698365; -0.0871572; -0.087793; -0.115555
84.4; 452523; 371259; -0.0921444; -0.0928512; -0.110757; -0.111586; -0.140608
84.6; 449966; 366157; -0.116543; -0.117457; -0.134978; -0.135855; -0.164454
84.8; 460873; 355257; -0.140357; -0.140832; -0.156771; -0.157253; -0.182796
85; 476394; 355144; -0.160613; -0.1612; -0.173102; -0.173516; -0.1926
85.2; 477769; 397008; -0.176848; -0.177111; -0.184258; -0.184581; -0.195619
85.4; 470391; 455866; -0.187804; -0.187309; -0.191085; -0.190386; -0.194985
85.6; 487446; 449711; -0.192827; -0.19227; -0.192479; -0.19189; -0.190615
85.8; 525947; 400269; -0.192446; -0.191394; -0.188132; -0.18693; -0.179407
86; 550697; 395124; -0.186758; -0.18541; -0.17788; -0.176339; -0.161639
86.2; 550724; 458284; -0.176782; -0.17491; -0.163993; -0.162022; -0.141258
86.4; 559640; 515834; -0.162765; -0.160503; -0.147572; -0.145298; -0.120799
86.6; 595590; 494219; -0.145152; -0.142754; -0.128571; -0.126123; -0.0992899
86.8; 638702; 443178; -0.124499; -0.122049; -0.106891; -0.104564; -0.0760275
87; 660179; 444239; -0.100628; -0.0984266; -0.0829268; -0.0806513; -0.051797
87.2; 662962; 471769; -0.0755154; -0.0730591; -0.0586578; -0.0562178; -0.0288885
87.4; 651282; 484169; -0.0514888; -0.0491351; -0.0368233; -0.0345199; -0.0108014
87.6; 631429; 458979; -0.0313908; -0.0294485; -0.0202344; -0.0184958; -0.000451767
87.8; 602558; 413616; -0.0175837; -0.0159772; -0.0112487; -0.00957893; 0.000886374
88; 564959; 391470; -0.0106081; -0.00952003; -0.00931443; -0.00868969; -0.0063641
88.2; 537804; 384602; -0.0102954; -0.00962069; -0.0144926; -0.0138168; -0.0199464
88.4; 526348; 377567; -0.0157341; -0.0155228; -0.024314; -0.0245417; -0.0376134
88.6; 511979; 369847; -0.0261447; -0.026253; -0.0386424; -0.0387739; -0.0578462
88.8; 490262; 368532; -0.0407459; -0.0411301; -0.0559884; -0.05649; -0.0799611
89; 468773; 373163; -0.0591558; -0.0596297; -0.076319; -0.0770043; -0.103634
89.2; 456412; 374632; -0.0807537; -0.0814039; -0.0991714; -0.0998305; -0.128484
89.4; 449890; 368559; -0.104749; -0.105426; -0.123408; -0.124151; -0.15326
89.6; 452575; 360450; -0.129148; -0.129737; -0.146747; -0.147324; -0.174723
89.8; 468913; 352038; -0.151209; -0.151732; -0.165761; -0.166142; -0.188596
90; 476245; 371596; -0.169479; -0.169736; -0.179366; -0.17955; -0.194553
90.2; 472072; 427787; -0.183139; -0.1829; -0.18841; -0.188016; -0.195757
90.4; 474120; 458105; -0.190881; -0.190523; -0.192393; -0.191888; -0.193553
90.6; 505637; 423053; -0.193226; -0.192631; -0.191083; -0.1902; -0.18594
90.8; 539544; 389500; -0.190172; -0.188923; -0.183484; -0.182164; -0.170972
91; 552138; 424221; -0.182298; -0.180623; -0.171255; -0.169411; -0.151377
91.2; 553981; 495138; -0.170048; -0.168268; -0.156005; -0.153849; -0.130893
91.4; 575236; 512296; -0.154191; -0.151902; -0.13828; -0.13585; -0.110062
91.6; 618271; 458003; -0.13496; -0.132669; -0.1179; -0.115432; -0.0876364
91.8; 651731; 435931; -0.112651; -0.110117; -0.0948854; -0.0923559; -0.0635639
92; 659249; 457559; -0.0877323; -0.085309; -0.0702491; -0.0679756; -0.0396775
92.2; 658334; 485286; -0.0627626; -0.0603835; -0.0468961; -0.0445515; -0.0188588
92.4; 644612; 472003; -0.0405733; -0.038311; -0.0275353; -0.0255219; -0.00454774
92.6; 618580; 431244; -0.0236101; -0.0218761; -0.0148161; -0.0131544; 0.00118544
92.8; 580644; 399796; -0.0134609; -0.0118859; -0.00972701; -0.00824721; -0.00206401
93; 550478; 387941; -0.00971227; -0.00904344; -0.0112948; -0.0108327; -0.0128424
93.2; 531816; 379694; -0.0125384; -0.0121123; -0.0191729; -0.0188361; -0.0287674
93.4; 513046; 372892; -0.0204623; -0.0204478; -0.0311393; -0.0314514; -0.0477682
93.6; 497754; 369406; -0.0328797; -0.0332679; -0.0467558; -0.0475261; -0.0688337
93.8; 479358; 367835; -0.0494842; -0.0498694; -0.0658657; -0.0662981; -0.0916165
94; 462509; 372500; -0.0696319; -0.0702729; -0.0875024; -0.0883532; -0.11613
94.2; 449744; 370103; -0.0927566; -0.0934394; -0.111483; -0.11214; -0.141294
94.4; 447604; 365201; -0.117387; -0.118059; -0.13577; -0.136466; -0.165111
94.6; 461322; 353400; -0.140913; -0.141493; -0.157223; -0.157729; -0.183045
94.8; 476020; 354870; -0.161151; -0.161513; -0.17342; -0.173688; -0.192517
95; 475256; 396894; -0.177225; -0.177206; -0.184645; -0.184503; -0.195637
95.2; 467759; 452689; -0.187709; -0.187624; -0.191035; -0.190665; -0.195117
95.4; 488146; 445080; -0.192921; -0.192324; -0.192575; -0.191826; -0.190528
95.6; 522655; 393677; -0.192432; -0.191416; -0.188072; -0.186788; -0.179158
95.8; 546938; 398414; -0.186686; -0.185293; -0.177634; -0.176239; -0.161336
96; 551863; 464578; -0.176541; -0.174695; -0.163721; -0.16173; -0.140891
96.2; 559137; 511144; -0.162345; -0.16019; -0.147188; -0.144852; -0.120294
96.4; 593091; 481635; -0.144714; -0.142419; -0.127997; -0.125826; -0.0987624
96.6; 635692; 439299; -0.124027; -0.121562; -0.106477; -0.103963; -0.0754493
96.8; 655153; 445385; -0.100192; -0.0977491; -0.0823393; -0.0801331; -0.0512558
97; 657553; 473495; -0.0749321; -0.072516; -0.0581652; -0.0556995; -0.0284565
97.2; 651091; 481125; -0.050966; -0.0486423; -0.0364215; -0.0341063; -0.0105649
97.4; 631041; 449432; -0.0311086; -0.0290473; -0.0200925; -0.0181589; -0.000389456
97.6; 601202; 411573; -0.0173546; -0.0159143; -0.011065; -0.0097254; 0.000669481
97.8; 563480; 391732; -0.0107005; -0.00948952; -0.00971532; -0.00861949; -0.00672676
98; 533574; 382574; -0.0104503; -0.00975897; -0.0146817; -0.0141243; -0.020352
98.2; 520699; 375636; -0.0160317; -0.0157294; -0.0248297; -0.0246558; -0.0379972
98.4; 506466; 368146; -0.0262464; -0.0267197; -0.0387229; -0.0393288; -0.0582429
98.6; 487645; 368564; -0.0408647; -0.0415712; -0.056003; -0.057128; -0.0803822
98.8; 467298; 372122; -0.0594774; -0.0599039; -0.0767864; -0.0772678; -0.104114
99; 452756; 370254; -0.081129; -0.0817838; -0.0994916; -0.100397; -0.129034
99.2; 447174; 366341; -0.105152; -0.10596; -0.123946; -0.124679; -0.153906
99.4; 453182; 356528; -0.129639; -0.130234; -0.147267; -0.147822; -0.175248
99.6; 470756; 350688; -0.151674; -0.152122; -0.166113; -0.166524; -0.188886
99.8; 476691; 369916; -0.169863; -0.170118; -0.179685; -0.179758; -0.194607
100; 469771; 428663; -0.18346; -0.183145; -0.188569; -0.188189; -0.195732
100.2; 474788; 456373; -0.191003; -0.190668; -0.19246; -0.191937; -0.19348
100.4; 508659; 414569; -0.193157; -0.192619; -0.190982; -0.190084; -0.185724
100.6; 539106; 386517; -0.189971; -0.188657; -0.183203; -0.181814; -0.17051
100.8; 547904; 421420; -0.181994; -0.180361; -0.170985; -0.168985; -0.150926
101; 553984; 494175; -0.169849; -0.167844; -0.155554; -0.153613; -0.13051
101.2; 578103; 507121; -0.153987; -0.151639; -0.137953; -0.135607; -0.109679
101.4; 618916; 450687; -0.134752; -0.132383; -0.117478; -0.115254; -0.0872395
101.6; 650417; 430881; -0.112182; -0.109924; -0.0945096; -0.0920278; -0.0632042
101.8; 660048; 459878; -0.0872541; -0.0849318; -0.0698293; -0.0675374; -0.0392359
102; 657651; 479478; -0.062232; -0.0598474; -0.0463765; -0.0439792; -0.0182826
102.2; 642720; 466449; -0.0400962; -0.0378792; -0.027173; -0.025; -0.00410525
102.4; 615857; 425574; -0.0231931; -0.021489; -0.0143809; -0.0129155; 0.00138647
102.6; 580284; 396048; -0.0131696; -0.0116583; -0.00956802; -0.00807754; -0.00202411
102.8; 548173; 386405; -0.00971802; -0.00900407; -0.0113334; -0.0110128; -0.0131467
103; 527342; 375314; -0.0126536; -0.0123405; -0.0194586; -0.0191062; -0.0292197
103.2; 516889; 368360; -0.020812; -0.0208075; -0.0314896; -0.0319906; -0.0483549
103.4; 499382; 366531; -0.0333085; -0.0336181; -0.047435; -0.0477359; -0.0693579
103.6; 479523; 368563; -0.0498144; -0.0502709; -0.0661512; -0.0668341; -0.092115
103.8; 462205; 369976; -0.070008; -0.0705291; -0.0879367; -0.0885745; -0.116477
104; 449090; 365540; -0.0930594; -0.0937981; -0.111738; -0.112535; -0.141633
104.2; 447273; 360160; -0.117736; -0.118416; -0.136117; -0.136784; -0.165413
104.4; 460251; 350985; -0.141349; -0.14189; -0.157645; -0.158087; -0.18338
104.6; 478176; 352301; -0.161513; -0.16193; -0.173661; -0.174071; -0.192712
104.8; 476209; 393584; -0.177464; -0.177631; -0.184817; -0.184726; -0.195601
105; 467719; 450045; -0.188138; -0.187585; -0.191201; -0.190625; -0.194941
105.2; 487716; 439482; -0.192795; -0.1925; -0.19253; -0.191842; -0.190461
105.4; 525736; 389531; -0.192344; -0.191254; -0.187863; -0.186721; -0.178966
105.6; 550833; 394381; -0.186491; -0.185149; -0.177535; -0.175879; -0.161023
105.8; 551394; 459566; -0.176466; -0.174496; -0.163558; -0.161482; -0.14056
106; 561847; 512406; -0.162253; -0.159951; -0.147001; -0.144618; -0.119987
106.2; 597144; 478944; -0.144417; -0.142074; -0.127777; -0.125361; -0.0983618
106.4; 639744; 433859; -0.123562; -0.121127; -0.105908; -0.103625; -0.0750163
106.6; 657207; 441010; -0.0996905; -0.0972567; -0.0820028; -0.0795249; -0.0507875
106.8; 657222; 470924; -0.074388; -0.0720674; -0.0576508; -0.0553056; -0.0280838
107; 650201; 477235; -0.0506011; -0.0482395; -0.0360796; -0.0337658; -0.0102869
107.2; 629373; 444572; -0.0307718; -0.028801; -0.0198491; -0.0179133; -0.0002082
107.4; 599847; 408632; -0.0171835; -0.0156536; -0.0109347; -0.00951948; 0.000762973
107.6; 564506; 389857; -0.0105725; -0.00941928; -0.00965155; -0.00861008; -0.00679571
107.8; 533676; 381972; -0.0104523; -0.00978378; -0.0147744; -0.0142755; -0.0206456
108; 520607; 373439; -0.0160925; -0.0158571; -0.0250093; -0.0249126; -0.0384174
108.2; 507660; 366651; -0.0264489; -0.0267585; -0.0390589; -0.039504; -0.0587204
108.4; 489235; 363476; -0.0411012; -0.0416723; -0.0563921; -0.0572747; -0.0808134
108.6; 467597; 368794; -0.0597321; -0.0602238; -0.0771336; -0.0775961; -0.104539
108.8; 451885; 367515; -0.081445; -0.0821545; -0.0997348; -0.100907; -0.129483
109; 446243; 362542; -0.105407; -0.106535; -0.124312; -0.125103; -0.154278
109.2; 451543; 357668; -0.130163; -0.130576; -0.147639; -0.148223; -0.175575
109.4; 469027; 348463; -0.152; -0.152695; -0.166487; -0.16693; -0.189168
109.6; 478896; 368844; -0.170424; -0.170411; -0.180102; -0.180024; -0.194797
109.8; 467797; 426618; -0.183602; -0.183622; -0.188656; -0.18847; -0.195733
110; 469990; 451960; -0.191357; -0.190721; -0.192658; -0.191865; -0.193269
110.2; 505251; 414700; -0.19329; -0.19253; -0.190867; -0.190044; -0.185457
110.4; 540876; 384883; -0.189861; -0.188786; -0.183139; -0.181744; -0.170346
110.6; 547065; 420727; -0.18191; -0.180192; -0.17078; -0.168831; -0.150637
110.8; 550918; 493354; -0.169524; -0.167606; -0.155266; -0.153238; -0.130095
111; 576866; 501803; -0.153558; -0.151234; -0.137503; -0.135122; -0.109135
111.2; 617928; 447790; -0.134302; -0.131861; -0.117061; -0.114604; -0.0866258
111.4; 647491; 433129; -0.111597; -0.109487; -0.0939697; -0.0915328; -0.06267
111.6; 655391; 460896; -0.0868397; -0.0844088; -0.0693969; -0.0670764; -0.0387938
111.8; 653052; 480471; -0.0617571; -0.0595315; -0.0460161; -0.0436877; -0.0180892
112; 640425; 460337; -0.039725; -0.037575; -0.0268121; -0.0248676; -0.00401648
112.2; 612735; 420462; -0.0229542; -0.0210915; -0.014248; -0.0126142; 0.00146956
112.4; 576110; 399015; -0.0127438; -0.0115325; -0.00928072; -0.00805095; -0.0021077
112.6; 543261; 384485; -0.00971364; -0.00884505; -0.0114929; -0.0108525; -0.0132603
112.8; 524198; 374843; -0.0126799; -0.0124214; -0.0195386; -0.0192811; -0.029491
113; 514676; 367984; -0.0210382; -0.0209588; -0.0318281; -0.0321572; -0.0486951
113.2; 496830; 366225; -0.0336459; -0.033912; -0.0477962; -0.0481502; -0.0698731
113.4; 475861; 366383; -0.050137; -0.0507524; -0.0664195; -0.0675347; -0.0927648
113.6; 460217; 369362; -0.0704115; -0.0709589; -0.0882835; -0.0891899; -0.117056
113.8; 449073; 363601; -0.0934798; -0.0941667; -0.112194; -0.1129; -0.142063
114; 446206; 359805; -0.11812; -0.118858; -0.136208; -0.137486; -0.165802
114.2; 456479; 349940; -0.141713; -0.1423; -0.158008; -0.158384; -0.183623
114.4; 474727; 352190; -0.161991; -0.162188; -0.174019; -0.174307; -0.19287
114.6; 475866; 395211; -0.177896; -0.17783; -0.185132; -0.184917; -0.19576
114.8; 468850; 449168; -0.188251; -0.187827; -0.191356; -0.190756; -0.195047
115; 488857; 437057; -0.192875; -0.192287; -0.19241; -0.191747; -0.190272
115.2; 527598; 386185; -0.192131; -0.191131; -0.187681; -0.186386; -0.17857
115.4; 545694; 391518; -0.186302; -0.184955; -0.177148; -0.175712; -0.160624
115.6; 548311; 465103; -0.176129; -0.174417; -0.163305; -0.161177; -0.140165
115.8; 561063; 514484; -0.162039; -0.159675; -0.146708; -0.144303; -0.119579
116; 596296; 475208; -0.144118; -0.141766; -0.127404; -0.125012; -0.0978871
116.2; 635077; 428123; -0.123117; -0.120712; -0.105427; -0.103201; -0.0745186
116.4; 654681; 439456; -0.0990239; -0.0967727; -0.0813875; -0.0789878; -0.0502309
116.6; 655878; 473904; -0.0737923; -0.0714401; -0.0570629; -0.0547139; -0.0275332
116.8; 644865; 474400; -0.0500018; -0.0477471; -0.0355037; -0.0333493; -0.00990261
117; 624127; 440946; -0.0304279; -0.0285131; -0.0195782; -0.0177083; -8.58838e-05
117.2; 592875; 406010; -0.0170807; -0.0154032; -0.0109052; -0.00936807; 0.000727842
117.4; 556964; 389549; -0.010425; -0.00942406; -0.00958785; -0.00872672; -0.00696539
117.6; 532827; 380308; -0.0105809; -0.00991185; -0.0149889; -0.0144514; -0.0209475
117.8; 520971; 368099; -0.0162947; -0.0161916; -0.0252364; -0.0253565; -0.0388873
118; 508937; 363632; -0.0269233; -0.0270099; -0.0396249; -0.0397545; -0.0591685
118.2; 486606; 363877; -0.0415935; -0.0420071; -0.0569771; -0.0576001; -0.0813003
118.4; 465855; 371248; -0.0601015; -0.0607352; -0.0775247; -0.0781831; -0.105149
118.6; 453380; 364911; -0.0819786; -0.0825697; -0.100447; -0.101174; -0.129982
118.8; 445134; 360495; -0.106093; -0.106728; -0.124803; -0.125458; -0.154675
119; 450439; 356617; -0.130428; -0.131132; -0.147989; -0.148597; -0.17587
119.2; 469586; 347079; -0.152498; -0.15295; -0.166765; -0.167239; -0.189322
119.4; 477984; 367253; -0.170413; -0.170996; -0.180067; -0.180466; -0.194902
119.6; 469226; 423913; -0.184059; -0.183565; -0.188984; -0.188441; -0.195757
119.8; 472599; 451864; -0.191254; -0.191052; -0.192585; -0.1921; -0.193347
120; 505353; 411867; -0.193286; -0.192547; -0.190868; -0.189905; -0.185275
