0.004; 1153.62; 3132.56; 2.14041e-06; 2.52763e-06; 2.0206e-06; 2.34942e-06; 2.07501e-06
0.2; 72234.3; 132591; 0.000487269; -0.000590408; 0.00040702; -0.000748835; 0.00050352
0.4; 352094; 520669; -0.00304821; -0.00278337; -0.00401139; -0.00348387; -0.00441517
0.6; 587614; 605519; -0.0102414; -0.0104298; -0.0124491; -0.0126114; -0.0149163
0.8; 611299; 464549; -0.0210184; -0.0211748; -0.0251023; -0.0254371; -0.0303349
1; 657485; 436719; -0.0321388; -0.0320043; -0.0385; -0.0385372; -0.0476675
1.2; 700386; 502629; -0.0418332; -0.0416577; -0.0503478; -0.0499432; -0.0628132
1.4; 686187; 492190; -0.0504542; -0.0500063; -0.0596724; -0.0596738; -0.0741706
1.6; 641339; 469937; -0.0588918; -0.0592996; -0.0686252; -0.068509; -0.0833376
1.8; 613329; 492736; -0.0700869; -0.0694897; -0.0787341; -0.0783317; -0.0920605
2; 596568; 502021; -0.0835489; -0.0832857; -0.0915282; -0.091038; -0.10316
2.2; 570129; 494388; -0.0998368; -0.0995972; -0.107164; -0.107106; -0.11795
2.4; 536773; 501333; -0.117059; -0.116932; -0.124634; -0.124579; -0.135571
2.6; 519291; 514408; -0.133255; -0.133177; -0.141451; -0.141334; -0.153308
2.8; 525311; 504090; -0.146787; -0.146528; -0.15512; -0.154974; -0.167444
3; 536752; 494969; -0.157208; -0.156953; -0.165083; -0.164867; -0.176816
3.2; 540100; 508885; -0.166208; -0.165737; -0.173108; -0.172614; -0.183243
3.4; 534573; 517132; -0.175072; -0.174372; -0.180606; -0.179996; -0.188577
3.6; 528827; 512727; -0.184376; -0.183745; -0.188558; -0.187919; -0.194123
3.8; 519658; 517741; -0.193753; -0.193047; -0.196655; -0.195985; -0.199961
4; 514143; 523398; -0.201525; -0.200927; -0.203391; -0.202856; -0.204926
4.2; 523126; 519751; -0.206187; -0.205475; -0.206966; -0.20625; -0.206554
4.4; 539064; 512707; -0.206706; -0.20587; -0.206084; -0.205234; -0.203451
4.6; 548207; 526421; -0.204215; -0.203143; -0.202376; -0.201331; -0.197828
4.8; 554324; 540024; -0.199925; -0.198685; -0.197176; -0.195938; -0.191245
5; 567084; 526111; -0.194953; -0.193561; -0.191365; -0.190008; -0.184049
5.2; 580150; 520373; -0.189464; -0.188101; -0.185108; -0.183644; -0.176353
5.4; 591685; 521277; -0.18305; -0.181579; -0.177706; -0.17626; -0.167292
5.6; 606231; 518967; -0.174812; -0.173346; -0.168459; -0.167019; -0.156284
5.8; 621798; 524650; -0.164169; -0.162602; -0.156905; -0.155325; -0.143106
6; 633865; 530697; -0.151118; -0.149509; -0.143165; -0.141534; -0.128253
6.2; 644695; 528982; -0.136631; -0.134918; -0.128269; -0.12659; -0.11287
6.4; 654559; 522674; -0.121757; -0.119951; -0.11333; -0.111541; -0.0978832
6.6; 664511; 516171; -0.107399; -0.105575; -0.0991463; -0.0973218; -0.0840122
6.8; 676696; 509564; -0.0939314; -0.0921287; -0.0859614; -0.0841795; -0.0713265
7; 693098; 508318; -0.0811418; -0.0794704; -0.0735414; -0.071846; -0.0594119
7.2; 709523; 507414; -0.0687552; -0.0671274; -0.0615687; -0.0598895; -0.0479942
7.4; 722058; 505809; -0.0564514; -0.054905; -0.049711; -0.0482151; -0.036959
7.6; 728689; 503881; -0.0443863; -0.0429218; -0.038374; -0.0368351; -0.0267066
7.8; 727291; 498985; -0.0331841; -0.0316804; -0.028005; -0.0264954; -0.017831
8; 719321; 495314; -0.0235125; -0.0220632; -0.019406; -0.0179412; -0.0110868
8.2; 709400; 492569; -0.0159882; -0.0146252; -0.013062; -0.011671; -0.00674672
8.4; 701559; 488117; -0.0108946; -0.00960377; -0.00913087; -0.00785033; -0.00477774
8.6; 695724; 485761; -0.00799227; -0.00688291; -0.00739156; -0.00625209; -0.00488861
8.8; 690278; 483250; -0.00698505; -0.00599854; -0.00746443; -0.00648468; -0.0067176
9; 683081; 481175; -0.0074983; -0.00666966; -0.00908028; -0.00826184; -0.0101418
9.2; 670065; 478067; -0.00947833; -0.00876763; -0.0122106; -0.0115006; -0.0151663
9.4; 651586; 472952; -0.0131252; -0.0124964; -0.0170377; -0.0164081; -0.0220043
9.6; 632059; 469554; -0.0186978; -0.0181292; -0.0237538; -0.0232015; -0.0307055
9.8; 615650; 467869; -0.0263767; -0.0258365; -0.0324673; -0.0319427; -0.0411632
10; 603940; 466859; -0.036049; -0.0356176; -0.0429887; -0.042564; -0.0531186
10.2; 596050; 468795; -0.0474009; -0.0470555; -0.0549807; -0.0546572; -0.0661565
10.4; 588630; 469753; -0.0598952; -0.0596498; -0.0679499; -0.0677257; -0.0798683
10.6; 578536; 469406; -0.0730447; -0.0728885; -0.0814541; -0.0813116; -0.0939295
10.8; 564393; 467793; -0.0865109; -0.0863882; -0.0951754; -0.0950724; -0.108073
11; 547838; 465794; -0.100135; -0.100009; -0.108946; -0.108836; -0.12211
11.2; 532540; 464499; -0.113863; -0.113715; -0.122656; -0.122517; -0.135825
11.4; 520592; 464975; -0.127624; -0.12744; -0.136175; -0.136001; -0.148979
11.6; 512783; 467530; -0.141262; -0.141029; -0.149335; -0.149109; -0.16135
11.8; 509731; 471927; -0.154424; -0.154167; -0.161796; -0.161547; -0.172627
12; 507714; 475161; -0.166637; -0.166333; -0.173163; -0.172866; -0.182548
12.2; 506861; 478502; -0.177445; -0.177096; -0.183036; -0.182694; -0.190841
12.4; 506186; 480649; -0.186489; -0.186075; -0.191108; -0.190696; -0.197282
12.6; 506001; 480146; -0.193643; -0.193144; -0.197253; -0.196755; -0.201772
12.8; 508440; 479833; -0.19896; -0.198332; -0.201492; -0.200866; -0.20424
13; 512140; 480657; -0.202507; -0.201757; -0.203893; -0.203135; -0.20475
13.2; 518208; 483389; -0.20434; -0.203454; -0.204492; -0.203601; -0.203305
13.4; 526895; 487195; -0.204353; -0.203357; -0.203218; -0.202212; -0.199869
13.6; 537478; 491439; -0.20241; -0.20131; -0.199985; -0.198873; -0.194453
13.8; 547543; 494176; -0.198373; -0.197179; -0.194728; -0.19352; -0.187131
14; 555954; 495459; -0.19225; -0.190958; -0.187526; -0.18622; -0.178115
14.2; 563098; 495152; -0.184156; -0.182764; -0.178529; -0.177125; -0.167625
14.4; 571049; 493009; -0.174389; -0.172907; -0.168027; -0.166532; -0.155921
14.6; 581418; 490075; -0.163331; -0.16176; -0.15635; -0.154767; -0.143239
14.8; 593891; 487826; -0.151289; -0.14965; -0.143782; -0.142131; -0.129809
15; 607677; 487300; -0.138509; -0.136829; -0.130562; -0.128874; -0.115855
15.2; 620992; 487281; -0.125126; -0.123506; -0.116874; -0.115234; -0.10168
15.4; 632842; 486187; -0.111364; -0.109716; -0.102973; -0.101316; -0.0875341
15.6; 644015; 483372; -0.0973383; -0.0956978; -0.089045; -0.0873852; -0.0737369
15.8; 653786; 479487; -0.0833173; -0.0816989; -0.0753467; -0.0737228; -0.0605988
16; 662441; 475169; -0.0696501; -0.0680484; -0.0622171; -0.060613; -0.0483814
16.2; 670240; 471200; -0.0567152; -0.0551608; -0.0499775; -0.0484103; -0.037305
16.4; 676375; 467992; -0.0449003; -0.0433801; -0.0389468; -0.0374154; -0.0275819
16.6; 680145; 466201; -0.0344605; -0.0330094; -0.0293445; -0.0278864; -0.0193777
16.8; 680859; 464835; -0.0255615; -0.0241881; -0.0213447; -0.0199501; -0.0128412
17; 678607; 463393; -0.0182552; -0.0169839; -0.0150048; -0.0137251; -0.00810925
17.2; 673107; 461744; -0.0125684; -0.0114129; -0.0103949; -0.00923168; -0.00528375
17.4; 664447; 459164; -0.00857134; -0.00753636; -0.00757628; -0.00654223; -0.00444115
17.6; 653356; 454898; -0.00638641; -0.0054802; -0.00663666; -0.00573252; -0.00559286
17.8; 641085; 450328; -0.00617433; -0.00535096; -0.00766996; -0.00684766; -0.00869033
18; 628351; 446524; -0.00805149; -0.0072515; -0.0107342; -0.00994029; -0.0136913
18.2; 615580; 444926; -0.0119538; -0.011297; -0.0157523; -0.0151071; -0.0206033
18.4; 603836; 445052; -0.0178617; -0.0173094; -0.0227067; -0.0221635; -0.0292909
18.6; 593187; 444515; -0.025604; -0.0251386; -0.0313991; -0.030947; -0.0395558
18.8; 582769; 443672; -0.0349266; -0.0345551; -0.0415627; -0.0412116; -0.0511281
19; 571917; 444535; -0.0455755; -0.0452864; -0.0529461; -0.0526719; -0.0637302
19.2; 560750; 444656; -0.0573266; -0.057102; -0.0653014; -0.0650943; -0.077103
19.4; 549212; 443989; -0.0699806; -0.0698191; -0.0784148; -0.0782789; -0.0910099
19.6; 537318; 442341; -0.0833783; -0.0832363; -0.0921105; -0.0919928; -0.105208
19.8; 525777; 441527; -0.0973008; -0.0971765; -0.106153; -0.106045; -0.119444
20; 515143; 443189; -0.111498; -0.111391; -0.120278; -0.120177; -0.133442
20.2; 506104; 445494; -0.125665; -0.125536; -0.134173; -0.134056; -0.146881
20.4; 498879; 448223; -0.139426; -0.139276; -0.147485; -0.147338; -0.15943
20.6; 493170; 451155; -0.152457; -0.152261; -0.159896; -0.159708; -0.170808
20.8; 488624; 453998; -0.16444; -0.164195; -0.171127; -0.170889; -0.180791
21; 486528; 456181; -0.175141; -0.174827; -0.180965; -0.180652; -0.189195
21.2; 486341; 457547; -0.184409; -0.184018; -0.189271; -0.188881; -0.195913
21.4; 487433; 459049; -0.192116; -0.191634; -0.195929; -0.195449; -0.200834
21.6; 490323; 461048; -0.198124; -0.197544; -0.200817; -0.200233; -0.20385
21.8; 494975; 463073; -0.202302; -0.201603; -0.203812; -0.203104; -0.204857
22; 500872; 465524; -0.204533; -0.203722; -0.204823; -0.204004; -0.203832
22.2; 507764; 468074; -0.204721; -0.203794; -0.203778; -0.202838; -0.200724
22.4; 515640; 470296; -0.202829; -0.201787; -0.200653; -0.199595; -0.195535
22.6; 523536; 472332; -0.198882; -0.197721; -0.195504; -0.194328; -0.188375
22.8; 531409; 474029; -0.193011; -0.191743; -0.188518; -0.187235; -0.179535
23; 539427; 475264; -0.185365; -0.183991; -0.179894; -0.178505; -0.169285
23.2; 548088; 475387; -0.176134; -0.174672; -0.169849; -0.168372; -0.157887
23.4; 557989; 473564; -0.165518; -0.163986; -0.158565; -0.157019; -0.145494
23.6; 569602; 471397; -0.153735; -0.152146; -0.146243; -0.144641; -0.132275
23.8; 582042; 469834; -0.140992; -0.139368; -0.133072; -0.131445; -0.118404
24; 593551; 468102; -0.127478; -0.125928; -0.11928; -0.117698; -0.104172
24.2; 604287; 465503; -0.113574; -0.11195; -0.105232; -0.1036; -0.0898851
24.4; 615059; 462159; -0.0994554; -0.0978356; -0.0911671; -0.0895398; -0.0759154
24.6; 625221; 459700; -0.0854403; -0.0838292; -0.0774152; -0.0757912; -0.062599
24.8; 634819; 457690; -0.071851; -0.0702518; -0.0642822; -0.0626825; -0.0502402
25; 643807; 454818; -0.0589525; -0.05742; -0.0520174; -0.0504753; -0.0390308
25.2; 651391; 451538; -0.0470594; -0.0455629; -0.0408848; -0.0393786; -0.0291498
25.4; 655990; 448460; -0.0363572; -0.03493; -0.0310329; -0.0295997; -0.0207152
25.6; 656723; 446514; -0.0270497; -0.025692; -0.0226545; -0.0212938; -0.0138727
25.8; 654489; 445230; -0.0192748; -0.0180213; -0.0158842; -0.0146162; -0.0087596
26; 649654; 443146; -0.0131787; -0.0120224; -0.0108487; -0.00969467; -0.00551008
26.2; 642005; 440507; -0.00887067; -0.00784305; -0.00768317; -0.00665571; -0.00425825
26.4; 632220; 437099; -0.00646902; -0.00555631; -0.00647728; -0.00556497; -0.00504462
26.6; 621427; 434080; -0.00603914; -0.00522583; -0.00725771; -0.00645138; -0.00784239
26.8; 610173; 431489; -0.00762621; -0.00687224; -0.0100589; -0.00926678; -0.0125639
27; 598539; 429918; -0.0111771; -0.0105229; -0.0147337; -0.0140951; -0.0191759
27.2; 587078; 428326; -0.016661; -0.0160813; -0.0213014; -0.0207567; -0.0275552
27.4; 576347; 426651; -0.0239239; -0.0234825; -0.02959; -0.0291443; -0.0375261
27.6; 566096; 425605; -0.0328832; -0.0325062; -0.0394222; -0.0390601; -0.048825
27.8; 556055; 426464; -0.0432826; -0.0429899; -0.050556; -0.0502992; -0.0612181
28; 546241; 427811; -0.0549086; -0.0546928; -0.0628008; -0.0625878; -0.0744638
28.2; 536356; 428098; -0.0675295; -0.0673688; -0.0758704; -0.0757342; -0.0883182
28.4; 525830; 428102; -0.0809064; -0.0807736; -0.0895569; -0.0894552; -0.102522
28.6; 514520; 428250; -0.094783; -0.0946798; -0.103599; -0.103505; -0.116819
28.8; 503652; 429085; -0.108894; -0.108819; -0.117692; -0.117621; -0.130883
29; 494285; 430920; -0.122999; -0.122892; -0.131578; -0.131485; -0.144411
29.2; 486542; 432947; -0.13677; -0.136647; -0.14495; -0.144825; -0.1571
29.4; 480573; 435335; -0.149915; -0.14975; -0.157501; -0.157344; -0.168674
29.6; 476295; 438417; -0.162138; -0.161917; -0.168985; -0.168769; -0.178927
29.8; 474161; 441311; -0.173168; -0.172886; -0.179158; -0.178875; -0.187672
30; 473983; 443720; -0.182815; -0.18245; -0.187845; -0.187483; -0.19477
30.2; 475179; 445500; -0.190861; -0.190425; -0.194862; -0.19442; -0.200071
30.4; 477734; 447049; -0.197174; -0.196627; -0.20007; -0.199522; -0.203443
30.6; 481826; 449031; -0.201628; -0.200972; -0.203371; -0.202705; -0.204807
30.8; 487157; 451361; -0.204155; -0.203384; -0.204697; -0.203915; -0.20413
31; 493355; 453585; -0.204694; -0.203807; -0.204005; -0.203104; -0.201385
31.2; 500443; 456033; -0.203197; -0.202187; -0.201267; -0.20024; -0.196568
31.4; 508220; 458541; -0.199682; -0.198558; -0.196528; -0.195386; -0.189785
31.6; 516044; 460657; -0.194227; -0.192993; -0.189923; -0.188671; -0.181256
31.8; 523595; 462293; -0.186945; -0.185608; -0.181621; -0.180267; -0.171251
32; 531553; 462949; -0.177985; -0.176559; -0.17181; -0.170368; -0.160029
32.2; 540811; 461489; -0.167562; -0.166061; -0.160701; -0.159185; -0.147779
32.4; 551361; 458794; -0.155916; -0.154354; -0.148506; -0.146929; -0.134674
32.6; 562856; 456667; -0.143298; -0.141692; -0.13545; -0.133841; -0.120906
32.8; 574113; 455157; -0.129896; -0.128377; -0.121744; -0.120196; -0.10673
33; 584962; 452869; -0.116105; -0.114496; -0.107766; -0.106155; -0.0924371
33.2; 595944; 450105; -0.102038; -0.100443; -0.0937116; -0.0920981; -0.0783912
33.4; 606117; 448006; -0.0880268; -0.0864247; -0.0799098; -0.0782981; -0.0649427
33.6; 615440; 445982; -0.0743478; -0.0727689; -0.0666482; -0.0650743; -0.0523955
33.8; 624423; 443090; -0.0612766; -0.0597521; -0.0541926; -0.0526552; -0.040952
34; 632086; 439590; -0.0491301; -0.0476368; -0.042791; -0.0412922; -0.0307891
34.2; 637256; 436304; -0.0381486; -0.0367304; -0.0326584; -0.0312367; -0.0220751
34.4; 638949; 434246; -0.0285609; -0.0272081; -0.0239893; -0.0226317; -0.0149215
34.6; 637371; 432887; -0.020514; -0.0192471; -0.016927; -0.0156503; -0.00948451
34.8; 633424; 431149; -0.0141244; -0.012965; -0.0115799; -0.0104221; -0.00588999
35; 627029; 428757; -0.00950531; -0.00847269; -0.00808265; -0.00705061; -0.00426794
35.2; 618240; 426180; -0.00674711; -0.00582662; -0.0065124; -0.00559754; -0.00468344
35.4; 608138; 422735; -0.00593112; -0.00512171; -0.00691311; -0.00610896; -0.00710865
35.6; 597339; 420156; -0.00710177; -0.0063674; -0.00929272; -0.00856442; -0.0114743
35.8; 586292; 417922; -0.010284; -0.0096002; -0.0136382; -0.0129652; -0.017727
36; 575180; 416501; -0.0153803; -0.0148204; -0.0198406; -0.0192918; -0.025784
36.2; 564818; 415645; -0.0223404; -0.021877; -0.0278184; -0.0273722; -0.0354631
36.4; 555374; 414256; -0.0310139; -0.0306341; -0.0373899; -0.0370277; -0.0465296
36.6; 546225; 413984; -0.0411778; -0.0408869; -0.0483186; -0.0480444; -0.0587407
36.8; 536932; 415653; -0.0526019; -0.0523669; -0.0603751; -0.060158; -0.0718506
37; 527403; 416177; -0.0650215; -0.0648784; -0.073292; -0.0731633; -0.0856149
37.2; 517511; 416279; -0.0781788; -0.0782101; -0.086804; -0.0868471; -0.099799
37.4; 507054; 416018; -0.0920646; -0.0919114; -0.100876; -0.10075; -0.11408
37.6; 496584; 416680; -0.106108; -0.106068; -0.114942; -0.114907; -0.128215
37.8; 487658; 418553; -0.120257; -0.120184; -0.128914; -0.128839; -0.141872
38; 480287; 420503; -0.134149; -0.134026; -0.14242; -0.142312; -0.154734
38.2; 474450; 423209; -0.147438; -0.147304; -0.155162; -0.15502; -0.166555
38.4; 469874; 426492; -0.159863; -0.15968; -0.166863; -0.166687; -0.177073
38.6; 466688; 429357; -0.171152; -0.170871; -0.177316; -0.177041; -0.186117
38.8; 465886; 431887; -0.181029; -0.180717; -0.186271; -0.185946; -0.193543
39; 467452; 433441; -0.189393; -0.188955; -0.193609; -0.193177; -0.199181
39.2; 469605; 435035; -0.196029; -0.19554; -0.199167; -0.198665; -0.202945
39.4; 472640; 437231; -0.200876; -0.200243; -0.202861; -0.202218; -0.204701
39.6; 477523; 439638; -0.203785; -0.203053; -0.204567; -0.203828; -0.204411
39.8; 483629; 442454; -0.204723; -0.20387; -0.204277; -0.2034; -0.202052
40; 490322; 445097; -0.203632; -0.202653; -0.20193; -0.200937; -0.197614
40.2; 497636; 447345; -0.200495; -0.199404; -0.197561; -0.196452; -0.191185
40.4; 504994; 449481; -0.195395; -0.194193; -0.191297; -0.190073; -0.182971
40.6; 511919; 451586; -0.188435; -0.18713; -0.183294; -0.18197; -0.17323
40.8; 519332; 452692; -0.179767; -0.178368; -0.173749; -0.172333; -0.162227
41; 528136; 451390; -0.169604; -0.168128; -0.16287; -0.161377; -0.150156
41.2; 537988; 448840; -0.15818; -0.156639; -0.150863; -0.149307; -0.137186
41.4; 548725; 446996; -0.145748; -0.144156; -0.137965; -0.136363; -0.123518
41.6; 559739; 445740; -0.132475; -0.130962; -0.124342; -0.122824; -0.109385
41.8; 570491; 443534; -0.11875; -0.117165; -0.110413; -0.108815; -0.0950756
42; 580892; 440825; -0.104707; -0.103127; -0.0963466; -0.0947411; -0.0809616
42.2; 590785; 438859; -0.0906502; -0.0890639; -0.0824554; -0.0808732; -0.0673791
42.4; 600147; 437278; -0.0768645; -0.0753018; -0.0690629; -0.0674984; -0.0546334
42.6; 609256; 434229; -0.0636546; -0.0621263; -0.0564349; -0.054891; -0.0429593
42.8; 616864; 430362; -0.0513209; -0.0498389; -0.0448153; -0.0433353; -0.0325539
43; 622370; 427301; -0.0401118; -0.0386909; -0.0344387; -0.0330123; -0.0235461
43.2; 624734; 425692; -0.0302457; -0.0288982; -0.0254762; -0.0241236; -0.0160852
43.4; 624207; 424243; -0.0218978; -0.0206217; -0.018096; -0.016818; -0.010304
43.6; 621212; 422521; -0.0151626; -0.0140054; -0.012393; -0.0112361; -0.00633295
43.8; 615441; 420181; -0.010195; -0.00914673; -0.00853741; -0.00749019; -0.00432773
44; 607134; 417435; -0.00706756; -0.00614079; -0.00658839; -0.00567047; -0.00436217
44.2; 597576; 414553; -0.00587479; -0.00505643; -0.00661771; -0.0058067; -0.00642217
44.4; 587340; 411665; -0.00666894; -0.00594427; -0.0086334; -0.00790325; -0.0104386
44.6; 576876; 409708; -0.00949537; -0.00879156; -0.0126246; -0.0119405; -0.0163486
44.8; 566474; 408145; -0.0142132; -0.0136563; -0.0184715; -0.0179098; -0.0240656
45; 556691; 406777; -0.0208266; -0.0203483; -0.02611; -0.0256547; -0.0334376
45.2; 547502; 405651; -0.0291599; -0.0287765; -0.0353724; -0.0350112; -0.0442488
45.4; 538332; 405244; -0.0390393; -0.0387409; -0.0460538; -0.0457644; -0.0562541
45.6; 529411; 406093; -0.0502415; -0.0500029; -0.0579066; -0.057694; -0.0692134
45.8; 520686; 406948; -0.0625022; -0.0623339; -0.0706917; -0.0705442; -0.0828748
46; 511718; 407082; -0.0755967; -0.0754832; -0.0841672; -0.0840726; -0.0969944
46.2; 501854; 407857; -0.0893041; -0.0892054; -0.0981012; -0.098022; -0.111303
46.4; 491290; 409059; -0.10336; -0.103292; -0.112211; -0.112152; -0.125501
46.6; 482010; 409970; -0.117504; -0.11744; -0.126212; -0.126148; -0.139258
46.8; 474631; 411776; -0.131449; -0.131357; -0.139813; -0.139724; -0.152281
47; 468508; 414266; -0.144873; -0.144748; -0.152712; -0.15259; -0.164309
47.2; 463657; 417542; -0.157485; -0.157305; -0.164641; -0.164463; -0.175098
47.4; 460307; 420769; -0.169004; -0.168769; -0.175351; -0.175117; -0.184462
47.6; 459069; 423105; -0.179202; -0.178887; -0.184638; -0.184322; -0.192235
47.8; 460091; 424909; -0.187869; -0.187483; -0.192304; -0.191913; -0.198242
48; 461945; 426804; -0.194869; -0.194388; -0.198227; -0.19774; -0.202371
48.2; 465028; 429044; -0.200061; -0.199473; -0.202277; -0.201676; -0.204508
48.4; 469877; 431404; -0.203344; -0.202639; -0.20436; -0.20364; -0.204584
48.6; 475414; 434248; -0.20466; -0.203838; -0.204444; -0.203606; -0.202613
48.8; 481751; 436997; -0.203959; -0.203014; -0.2025; -0.201536; -0.198588
49; 488654; 439310; -0.20123; -0.200172; -0.198538; -0.197459; -0.192566
49.2; 495462; 441521; -0.196517; -0.195345; -0.192644; -0.191452; -0.184693
49.4; 502237; 443498; -0.189917; -0.18864; -0.184969; -0.183674; -0.175228
49.6; 509722; 444887; -0.181563; -0.180189; -0.175697; -0.174304; -0.164424
49.8; 517882; 444585; -0.171659; -0.170204; -0.165039; -0.163567; -0.152517
50; 526900; 442309; -0.160449; -0.158928; -0.153221; -0.151682; -0.139688
50.2; 537099; 440255; -0.148191; -0.146615; -0.140479; -0.138888; -0.126141
50.4; 547905; 438940; -0.135065; -0.13354; -0.126976; -0.125455; -0.112085
50.6; 558186; 436770; -0.121406; -0.119853; -0.113098; -0.111513; -0.0977961
50.8; 568002; 433936; -0.107414; -0.105839; -0.0990353; -0.0974377; -0.0836209
51; 577651; 431899; -0.0933377; -0.0917579; -0.0850802; -0.0835111; -0.0699031
51.2; 587363; 430005; -0.0794678; -0.0779175; -0.0715702; -0.0700069; -0.0569702
51.4; 596705; 427540; -0.0661277; -0.0645851; -0.0587647; -0.0572157; -0.0450501
51.6; 604418; 424174; -0.0535858; -0.0521152; -0.0469165; -0.0454492; -0.0343881
51.8; 610376; 420783; -0.0421502; -0.040726; -0.0363022; -0.0348656; -0.0251126
52; 613555; 418741; -0.0320153; -0.0306583; -0.0270532; -0.0256963; -0.0173464
52.2; 613564; 417445; -0.0233578; -0.0220842; -0.019356; -0.0180813; -0.0112424
52.4; 611044; 415903; -0.0162996; -0.0151377; -0.0133225; -0.0121577; -0.00691443
52.6; 606212; 413664; -0.0109855; -0.00992272; -0.00910004; -0.00804569; -0.0045213
52.8; 598821; 410765; -0.00749732; -0.00655429; -0.00678387; -0.00584511; -0.00415657
53; 589762; 407936; -0.00592775; -0.00510012; -0.00642836; -0.0056088; -0.00583369
53.2; 579976; 405357; -0.00632419; -0.00559699; -0.00804473; -0.00733; -0.00947813
53.4; 570040; 402961; -0.00874878; -0.00805175; -0.0116622; -0.0109647; -0.0150128
53.6; 560049; 401188; -0.0130987; -0.0125247; -0.0171337; -0.0165758; -0.022385
53.8; 550614; 399805; -0.0193529; -0.0188591; -0.024445; -0.0239722; -0.0314503
54; 541661; 398969; -0.0273593; -0.0269765; -0.033411; -0.03304; -0.0420143
54.2; 532717; 398556; -0.0369717; -0.036653; -0.0438411; -0.0435455; -0.0538129
54.4; 524083; 398926; -0.0479277; -0.0476909; -0.0554837; -0.0552661; -0.0666035
54.6; 515532; 399574; -0.060003; -0.0598293; -0.0681066; -0.0679492; -0.0801412
54.8; 506732; 400032; -0.0729485; -0.0728307; -0.0814572; -0.0813614; -0.0941881
55; 497821; 400559; -0.0865431; -0.0864514; -0.0953157; -0.0952386; -0.108473
55.2; 487792; 401741; -0.10054; -0.100474; -0.109401; -0.109349; -0.122713
55.4; 478397; 402858; -0.11469; -0.114635; -0.123452; -0.123399; -0.136597
55.6; 470995; 404354; -0.128707; -0.128628; -0.137165; -0.137087; -0.149792
55.8; 464880; 406882; -0.14226; -0.14216; -0.150228; -0.150132; -0.162048
56; 460345; 410366; -0.155067; -0.154911; -0.162384; -0.162228; -0.173109
56.2; 456942; 413130; -0.166831; -0.166614; -0.173356; -0.173139; -0.182766
56.4; 454606; 415338; -0.177292; -0.177009; -0.182925; -0.182637; -0.19085
56.6; 454735; 417856; -0.186274; -0.185912; -0.190927; -0.190557; -0.197227
56.8; 457259; 420005; -0.193606; -0.193158; -0.197194; -0.196738; -0.201723
57; 460445; 422210; -0.199167; -0.198608; -0.201613; -0.201045; -0.204237
57.2; 463998; 424484; -0.202831; -0.20216; -0.204087; -0.203396; -0.204708
57.4; 469053; 427342; -0.20455; -0.203771; -0.204572; -0.203777; -0.203146
57.6; 475377; 430084; -0.204268; -0.203349; -0.203046; -0.202107; -0.199525
57.8; 481914; 432855; -0.201928; -0.200909; -0.199473; -0.198431; -0.193898
58; 488260; 435095; -0.197592; -0.196453; -0.19395; -0.192789; -0.186392
58.2; 495032; 436979; -0.191344; -0.190087; -0.186608; -0.185333; -0.177216
58.4; 502395; 438468; -0.183299; -0.181957; -0.177612; -0.176251; -0.166642
58.6; 510195; 438376; -0.173684; -0.17225; -0.167201; -0.165749; -0.154905
58.8; 518728; 436594; -0.162725; -0.161223; -0.155596; -0.154077; -0.142224
59; 528334; 434715; -0.150664; -0.149109; -0.14302; -0.141448; -0.128795
59.2; 538686; 433407; -0.137712; -0.136175; -0.129669; -0.128128; -0.11483
59.4; 548615; 431374; -0.12412; -0.12261; -0.115836; -0.114292; -0.100586
59.6; 558692; 428715; -0.110179; -0.108604; -0.101791; -0.100201; -0.0863631
59.8; 568709; 426630; -0.096061; -0.0945071; -0.0877598; -0.0862105; -0.0725137
60; 577974; 424921; -0.0821319; -0.0805757; -0.0741441; -0.0725753; -0.0593873
60.2; 586927; 422503; -0.0686633; -0.0671283; -0.0611698; -0.059634; -0.0472493
60.4; 595427; 419082; -0.0559357; -0.0544706; -0.0491037; -0.0476382; -0.0363013
60.6; 601215; 415777; -0.0442987; -0.0428573; -0.0382628; -0.0368149; -0.0267603
60.8; 604545; 413647; -0.0338879; -0.0325373; -0.0287313; -0.0273806; -0.0187072
61; 605345; 412517; -0.0249249; -0.0236315; -0.0207191; -0.0194274; -0.0122657
61.2; 603532; 410823; -0.0175253; -0.0163479; -0.0143388; -0.0131622; -0.00758704
61.4; 599424; 408096; -0.01185; -0.0107729; -0.00974855; -0.00867648; -0.00480488
61.6; 592690; 405802; -0.00797762; -0.00702267; -0.0070331; -0.00608572; -0.00402837
61.8; 584137; 403091; -0.00603179; -0.00518815; -0.00629211; -0.00545596; -0.00529516
62; 574785; 400391; -0.00605096; -0.00531845; -0.0075237; -0.00680535; -0.00855182
62.2; 565070; 398404; -0.00806389; -0.0074162; -0.0107278; -0.0100942; -0.0137237
62.4; 554852; 396073; -0.0120208; -0.0115245; -0.0158275; -0.0153451; -0.0207531
62.6; 544881; 394515; -0.0179031; -0.0175065; -0.0227884; -0.0224095; -0.0295128
62.8; 535911; 393337; -0.0255591; -0.0252793; -0.0314284; -0.0311673; -0.0398049
63; 527812; 392351; -0.0348517; -0.0346506; -0.0415779; -0.0413939; -0.0513798
63.2; 519711; 392791; -0.0455426; -0.0454229; -0.0529941; -0.0528746; -0.06399
63.4; 511291; 393595; -0.0574151; -0.0573615; -0.0655137; -0.0653142; -0.0773881
63.6; 502920; 393732; -0.0702748; -0.0701564; -0.0787129; -0.0786364; -0.0913533
63.8; 494543; 394078; -0.0837831; -0.0836834; -0.0925224; -0.0924361; -0.10562
64; 484977; 395525; -0.0977223; -0.0976683; -0.106587; -0.106537; -0.1199
64.2; 475653; 397021; -0.111883; -0.111818; -0.120677; -0.120628; -0.133883
64.4; 467881; 398380; -0.125945; -0.125884; -0.134487; -0.134419; -0.147251
64.6; 461431; 400547; -0.13962; -0.139524; -0.147706; -0.147611; -0.159714
64.8; 456646; 403757; -0.152581; -0.152439; -0.16004; -0.159903; -0.17101
65; 452799; 406629; -0.164555; -0.164357; -0.171254; -0.171048; -0.180946
65.2; 450134; 409601; -0.175297; -0.17503; -0.181115; -0.18085; -0.189356
65.4; 450208; 412082; -0.184589; -0.184245; -0.189444; -0.189092; -0.196076
65.6; 452427; 413864; -0.192252; -0.191827; -0.196058; -0.19562; -0.200945
65.8; 455143; 415821; -0.198175; -0.197649; -0.200852; -0.20032; -0.203871
66; 458513; 418499; -0.202248; -0.201602; -0.203747; -0.203081; -0.204773
66.2; 463471; 421486; -0.204367; -0.203608; -0.20464; -0.203867; -0.203632
66.4; 469524; 424387; -0.204468; -0.203591; -0.203503; -0.202605; -0.200417
66.6; 476019; 426909; -0.202536; -0.201534; -0.200331; -0.199305; -0.195166
66.8; 482578; 429089; -0.198582; -0.197473; -0.195169; -0.194039; -0.187992
67; 488901; 430994; -0.192702; -0.191476; -0.188166; -0.186918; -0.179107
67.2; 495287; 433010; -0.185006; -0.183686; -0.179483; -0.178142; -0.168779
67.4; 502520; 433727; -0.175689; -0.174279; -0.169341; -0.167913; -0.15727
67.6; 511143; 432132; -0.164979; -0.163498; -0.157964; -0.156464; -0.14478
67.8; 520815; 429800; -0.153114; -0.151574; -0.145562; -0.144006; -0.131489
68; 530964; 428463; -0.140328; -0.138768; -0.132353; -0.13079; -0.117605
68.2; 540614; 427001; -0.126806; -0.125334; -0.118561; -0.11705; -0.103384
68.4; 550264; 424497; -0.112939; -0.111376; -0.104543; -0.102978; -0.0891178
68.6; 560311; 422174; -0.098833; -0.0972873; -0.0905399; -0.0888928; -0.0751616
68.8; 569804; 420845; -0.0848765; -0.0832635; -0.0768121; -0.0751613; -0.0618543
69; 578484; 418843; -0.0713067; -0.0696961; -0.0636916; -0.0620733; -0.0495124
69.2; 586684; 415681; -0.0584265; -0.0568559; -0.0514419; -0.0498719; -0.0383222
69.4; 593613; 412208; -0.0465223; -0.045028; -0.040309; -0.0388145; -0.02849
69.6; 598012; 409501; -0.0358069; -0.0344745; -0.0304618; -0.0291288; -0.0201413
69.8; 599270; 407922; -0.0265621; -0.0252584; -0.0221607; -0.0208539; -0.0133728
70; 597685; 406715; -0.0188307; -0.0176507; -0.0154319; -0.0142599; -0.00834359
70.2; 594011; 404506; -0.0128172; -0.0117196; -0.0104926; -0.00939617; -0.00517046
70.4; 587909; 402249; -0.00858232; -0.00761664; -0.00739526; -0.00643818; -0.00399121
70.6; 579939; 399326; -0.006247; -0.0053888; -0.00625512; -0.00540948; -0.00484719
70.8; 570783; 396655; -0.0058661; -0.00512441; -0.00709271; -0.00636088; -0.00771217
71; 561263; 394765; -0.00748313; -0.0068312; -0.00990673; -0.00927034; -0.0125103
71.2; 551536; 392800; -0.0110532; -0.0105377; -0.0146319; -0.014135; -0.0191794
71.4; 541770; 390688; -0.0165593; -0.0161551; -0.0212359; -0.0208486; -0.0276159
71.6; 532462; 389492; -0.0238722; -0.0235755; -0.0295599; -0.0292807; -0.0376327
71.8; 524073; 388534; -0.0328554; -0.0326442; -0.0394274; -0.0392351; -0.0489767
72; 516194; 388388; -0.0432874; -0.0431634; -0.0505988; -0.0504942; -0.0613887
72.2; 508228; 389472; -0.0549448; -0.0548924; -0.0629004; -0.0627753; -0.0746425
72.4; 500077; 389771; -0.0676226; -0.0675423; -0.0760079; -0.0759164; -0.0885116
72.6; 492094; 389734; -0.0810315; -0.0809402; -0.0896715; -0.0896984; -0.102753
72.8; 482834; 391176; -0.0949248; -0.0948298; -0.10378; -0.103697; -0.117062
73; 473346; 392755; -0.109026; -0.108999; -0.117882; -0.117822; -0.131146
73.2; 465487; 393976; -0.123146; -0.123067; -0.131741; -0.13171; -0.144654
73.4; 459058; 396006; -0.136904; -0.13683; -0.145118; -0.145019; -0.157313
73.6; 453665; 399002; -0.150038; -0.149909; -0.157643; -0.157515; -0.168854
73.8; 449446; 402318; -0.162244; -0.16205; -0.169096; -0.16892; -0.179071
74; 446992; 405193; -0.17324; -0.173007; -0.179253; -0.178993; -0.187787
74.2; 446708; 407526; -0.182851; -0.182519; -0.187892; -0.187571; -0.194854
74.4; 448345; 409445; -0.190851; -0.190448; -0.19487; -0.194454; -0.200111
74.6; 450699; 411630; -0.197132; -0.196634; -0.200048; -0.199534; -0.203452
74.8; 454281; 414106; -0.201569; -0.200949; -0.203313; -0.202684; -0.204763
75; 459026; 416765; -0.204071; -0.203345; -0.204609; -0.203855; -0.204027
75.2; 464710; 419649; -0.204585; -0.203729; -0.203874; -0.203005; -0.201222
75.4; 470957; 422616; -0.203063; -0.20209; -0.201109; -0.200115; -0.196371
75.6; 477333; 424902; -0.199513; -0.198428; -0.196338; -0.195228; -0.189553
75.8; 483507; 426905; -0.194016; -0.192817; -0.189691; -0.188469; -0.180984
76; 489787; 428563; -0.186677; -0.185379; -0.181328; -0.180011; -0.170914
76.2; 496750; 429862; -0.177665; -0.176273; -0.17146; -0.170049; -0.159625
76.4; 504635; 428619; -0.167204; -0.165737; -0.16031; -0.158822; -0.147324
76.6; 513757; 426180; -0.155548; -0.154021; -0.148099; -0.146555; -0.134198
76.8; 524258; 424607; -0.142923; -0.141356; -0.135029; -0.133454; -0.120399
77; 534158; 423279; -0.129504; -0.128052; -0.121306; -0.11982; -0.106217
77.2; 543733; 420808; -0.115709; -0.114152; -0.107323; -0.105762; -0.0919125
77.4; 553730; 418811; -0.101627; -0.10007; -0.0932539; -0.0916814; -0.0778513
77.6; 562762; 417249; -0.087593; -0.0860495; -0.0794311; -0.077882; -0.0643979
77.8; 571302; 414815; -0.0739142; -0.072387; -0.0661724; -0.0646495; -0.0518469
78; 579522; 411885; -0.0608614; -0.0593856; -0.0537336; -0.0522484; -0.0404203
78.2; 586752; 408582; -0.0487542; -0.0473124; -0.0423715; -0.0409275; -0.0303012
78.4; 591553; 405940; -0.0378034; -0.0364347; -0.0322701; -0.0309031; -0.0216223
78.6; 593251; 404146; -0.0282492; -0.0269431; -0.0236499; -0.0223417; -0.0145413
78.8; 592528; 402799; -0.020215; -0.0190139; -0.0166039; -0.0154092; -0.00915553
79; 589833; 400912; -0.0138562; -0.0127478; -0.0112986; -0.0101927; -0.00559112
79.2; 583994; 399051; -0.00927061; -0.00828036; -0.00783805; -0.00685518; -0.00402055
79.4; 576440; 396039; -0.00655041; -0.00567108; -0.00630879; -0.0054419; -0.00447953
79.6; 567876; 393016; -0.00576299; -0.00500699; -0.00674289; -0.00599748; -0.00695551
79.8; 558418; 391089; -0.00697208; -0.00629906; -0.00916583; -0.00850751; -0.0113873
80; 548801; 389058; -0.0101397; -0.00959979; -0.0135053; -0.0129824; -0.0176962
80.2; 539535; 387038; -0.0152581; -0.0148394; -0.0197348; -0.0193348; -0.0257829
80.4; 530758; 385276; -0.0222324; -0.0219151; -0.0277365; -0.027437; -0.0355045
80.6; 522130; 384247; -0.0309121; -0.0306907; -0.03732; -0.0371168; -0.0465976
80.8; 513991; 384570; -0.0410918; -0.0409591; -0.0482639; -0.0481496; -0.0588223
81; 506440; 385299; -0.0525316; -0.0524677; -0.0603312; -0.060281; -0.0719281
81.2; 498579; 385905; -0.0649957; -0.064966; -0.0733599; -0.0731997; -0.0856969
81.4; 490321; 386126; -0.0783124; -0.0781647; -0.0868463; -0.086936; -0.0998843
81.6; 481586; 386953; -0.0920517; -0.0920138; -0.10094; -0.100832; -0.114202
81.8; 472494; 388557; -0.106164; -0.106103; -0.115019; -0.11499; -0.128348
82; 464291; 389888; -0.120292; -0.120242; -0.128968; -0.128945; -0.142006
82.2; 457661; 391871; -0.134156; -0.134102; -0.142488; -0.142381; -0.154849
82.4; 452369; 394439; -0.14748; -0.147344; -0.155199; -0.155104; -0.166644
82.6; 448218; 397575; -0.15987; -0.159729; -0.1669; -0.16674; -0.177142
82.8; 445440; 401034; -0.171148; -0.170914; -0.177339; -0.177093; -0.186178
83; 444313; 403734; -0.181036; -0.180732; -0.186281; -0.185994; -0.193595
83.2; 445497; 405297; -0.189351; -0.188978; -0.193606; -0.193197; -0.199211
83.4; 448161; 407246; -0.195989; -0.195506; -0.199126; -0.198652; -0.202931
83.6; 451341; 409848; -0.200803; -0.200228; -0.202795; -0.202192; -0.204645
83.8; 455519; 412987; -0.203733; -0.203026; -0.204508; -0.203783; -0.204332
84; 460878; 415869; -0.204658; -0.203834; -0.204191; -0.203355; -0.201951
84.2; 467232; 418456; -0.203545; -0.202604; -0.20184; -0.20087; -0.197508
84.4; 473556; 420834; -0.200403; -0.199344; -0.197466; -0.196386; -0.191082
84.6; 479505; 423015; -0.195273; -0.194102; -0.191171; -0.189981; -0.182842
84.8; 485614; 424999; -0.188278; -0.187001; -0.183129; -0.18183; -0.173046
85; 492048; 426038; -0.179574; -0.178204; -0.173538; -0.172144; -0.161976
85.2; 499440; 425269; -0.169385; -0.16794; -0.162622; -0.161156; -0.149855
85.4; 508602; 423285; -0.157956; -0.156445; -0.150601; -0.149073; -0.136855
85.6; 518663; 421931; -0.145529; -0.143964; -0.137703; -0.136125; -0.12317
85.8; 528533; 420713; -0.132248; -0.130792; -0.124077; -0.122603; -0.109047
86; 538053; 418528; -0.118519; -0.116983; -0.110181; -0.108559; -0.0947396
86.2; 547503; 416046; -0.10448; -0.10292; -0.0961222; -0.0944672; -0.0806271
86.4; 556654; 414337; -0.0903868; -0.0888506; -0.0822204; -0.0805681; -0.067024
86.6; 565690; 412394; -0.0765985; -0.075066; -0.0688069; -0.0671814; -0.0542604
86.8; 573960; 409442; -0.0633973; -0.0618984; -0.0561709; -0.0545912; -0.0425855
87; 580941; 406489; -0.0510726; -0.0496284; -0.0445687; -0.0430427; -0.0321889
87.2; 586500; 403691; -0.0398821; -0.038505; -0.0341924; -0.0327656; -0.0232121
87.4; 589158; 401455; -0.0300427; -0.0287376; -0.0252219; -0.0239486; -0.0157991
87.6; 588664; 400303; -0.0217054; -0.0204816; -0.0178752; -0.0166605; -0.0100622
87.8; 585888; 398887; -0.0149798; -0.01387; -0.0122054; -0.0110854; -0.00612722
88; 581149; 396407; -0.0100275; -0.00900958; -0.00835256; -0.00736003; -0.00414693
88.2; 574055; 393782; -0.00691236; -0.00601864; -0.0064346; -0.00554249; -0.00420402
88.4; 565486; 390839; -0.00573156; -0.00495148; -0.00646912; -0.00570423; -0.00628235
88.6; 556404; 388423; -0.00654262; -0.00587852; -0.00849214; -0.00784813; -0.0103289
88.8; 547007; 386829; -0.00935719; -0.00877448; -0.0125224; -0.011888; -0.0162702
89; 537726; 384775; -0.0140904; -0.0136524; -0.0183879; -0.0178761; -0.0240146
89.2; 528943; 383372; -0.0206955; -0.0203561; -0.0260529; -0.0256071; -0.0333973
89.4; 520799; 382611; -0.029009; -0.0287925; -0.0352982; -0.0349842; -0.0442304
89.6; 512945; 381753; -0.0388967; -0.0387413; -0.0459924; -0.0457279; -0.0562433
89.8; 505258; 382143; -0.0500856; -0.050022; -0.057844; -0.0576665; -0.0692083
90; 497348; 383349; -0.0623731; -0.0623483; -0.0706523; -0.0705211; -0.0828878
90.2; 489287; 383498; -0.0755749; -0.0754235; -0.0841415; -0.0840673; -0.097017
90.4; 481065; 383872; -0.089256; -0.0892076; -0.0980901; -0.098033; -0.111343
90.6; 472228; 385718; -0.103317; -0.103281; -0.112197; -0.112159; -0.125533
90.8; 463792; 387331; -0.117472; -0.11741; -0.126188; -0.126161; -0.139289
91; 456581; 389360; -0.131393; -0.131346; -0.139799; -0.139722; -0.152318
91.2; 450948; 391712; -0.144825; -0.144721; -0.152682; -0.152596; -0.164335
91.4; 446818; 394615; -0.157428; -0.157282; -0.164613; -0.164465; -0.175126
91.6; 443528; 397865; -0.16895; -0.168741; -0.175331; -0.175105; -0.184488
91.8; 441736; 400836; -0.179155; -0.178862; -0.184607; -0.184325; -0.192251
92; 442566; 402815; -0.18781; -0.187461; -0.192274; -0.191902; -0.198249
92.2; 445477; 404780; -0.194806; -0.194343; -0.198173; -0.197705; -0.202338
92.4; 448577; 407082; -0.19999; -0.199438; -0.202211; -0.201643; -0.204459
92.6; 452214; 409944; -0.203283; -0.202601; -0.204306; -0.203601; -0.204536
92.8; 457322; 412922; -0.204597; -0.203803; -0.204383; -0.203575; -0.202565
93; 463395; 415652; -0.203906; -0.20299; -0.202454; -0.201512; -0.198547
93.2; 469568; 417989; -0.201187; -0.200152; -0.198501; -0.197442; -0.192536
93.4; 475756; 420189; -0.196465; -0.195317; -0.192597; -0.191429; -0.184658
93.6; 481829; 422096; -0.189836; -0.188583; -0.184889; -0.183614; -0.175143
93.8; 488091; 423860; -0.181457; -0.180106; -0.175581; -0.174209; -0.164287
94; 495066; 423499; -0.171543; -0.170114; -0.164905; -0.163456; -0.152347
94.2; 503703; 421194; -0.160327; -0.15883; -0.15307; -0.151556; -0.139482
94.4; 513355; 419718; -0.148079; -0.146526; -0.140333; -0.138762; -0.125929
94.6; 523127; 418545; -0.134957; -0.13347; -0.126841; -0.125341; -0.111887
94.8; 532320; 416468; -0.1213; -0.119789; -0.112982; -0.11141; -0.0976207
95; 542066; 414392; -0.107311; -0.105761; -0.0989564; -0.0972929; -0.083443
95.2; 552222; 412615; -0.0932011; -0.0916693; -0.0849762; -0.0833347; -0.0696929
95.4; 560908; 410685; -0.0793368; -0.0777992; -0.0714398; -0.0698117; -0.0567174
95.6; 568639; 408229; -0.0659895; -0.0644855; -0.0586209; -0.0570488; -0.044812
95.8; 576415; 404896; -0.0534394; -0.0520036; -0.046766; -0.0452575; -0.0341269
96; 582192; 401785; -0.0420108; -0.0406053; -0.0361093; -0.0347123; -0.0248498
96.2; 584385; 399677; -0.0318901; -0.0305737; -0.0268846; -0.0255929; -0.0171439
96.4; 584473; 398457; -0.0232275; -0.0220077; -0.0192156; -0.0179732; -0.0110676
96.6; 582801; 396790; -0.0161861; -0.0150495; -0.0131853; -0.0120661; -0.00676598
96.8; 578721; 394426; -0.0108784; -0.00983802; -0.00898143; -0.00794655; -0.00437577
97; 572253; 392404; -0.00736829; -0.00646999; -0.0066439; -0.00574606; -0.00400739
97.2; 564187; 389494; -0.00580309; -0.0049963; -0.00628228; -0.00549668; -0.00566786
97.4; 554940; 386743; -0.00620649; -0.00552489; -0.00790971; -0.00723985; -0.00932792
97.6; 545567; 385176; -0.0086155; -0.00801417; -0.0115105; -0.0109254; -0.0149027
97.8; 536332; 382781; -0.0129586; -0.0125084; -0.0169919; -0.0165633; -0.0223119
98; 527299; 381041; -0.0192141; -0.0188545; -0.0243141; -0.0239732; -0.0314057
98.2; 519070; 380214; -0.0272035; -0.026961; -0.0332656; -0.0330399; -0.0419697
98.4; 511674; 378984; -0.0367939; -0.0366301; -0.0436789; -0.0435356; -0.0537547
98.6; 504462; 379655; -0.0477378; -0.0476529; -0.0553066; -0.0552408; -0.0665313
98.8; 496695; 380733; -0.0598117; -0.0597807; -0.0679444; -0.0679024; -0.0800664
99; 488609; 380628; -0.072835; -0.0727251; -0.0813703; -0.0812605; -0.0941118
99.2; 480397; 381651; -0.0864279; -0.0863754; -0.0952403; -0.0951618; -0.108431
99.4; 471441; 383137; -0.100459; -0.100388; -0.109315; -0.109315; -0.122695
99.6; 462909; 384229; -0.114595; -0.114561; -0.123405; -0.123333; -0.136578
99.8; 456062; 385806; -0.128608; -0.128551; -0.137091; -0.137043; -0.149784
100; 450477; 388236; -0.142169; -0.142068; -0.150152; -0.150071; -0.162016
100.2; 445358; 391595; -0.154948; -0.154849; -0.162305; -0.162162; -0.173067
100.4; 441772; 394053; -0.166706; -0.166592; -0.173242; -0.173154; -0.182759
100.6; 440940; 396284; -0.177259; -0.176945; -0.182926; -0.182582; -0.190849
100.8; 441106; 399633; -0.186199; -0.185904; -0.190871; -0.190565; -0.197226
101; 442381; 402520; -0.193594; -0.19311; -0.197189; -0.19672; -0.201738
101.2; 445339; 404737; -0.199099; -0.198624; -0.201584; -0.201068; -0.204271
101.4; 449948; 406196; -0.202822; -0.202172; -0.204072; -0.203423; -0.204718
101.6; 454736; 409367; -0.204553; -0.203771; -0.204567; -0.203755; -0.203101
101.8; 459311; 413188; -0.204238; -0.203354; -0.203008; -0.202084; -0.199461
102; 465628; 415826; -0.201898; -0.200878; -0.199432; -0.198402; -0.193839
102.2; 472300; 416907; -0.197524; -0.196423; -0.193886; -0.192761; -0.186342
102.4; 478314; 418587; -0.191278; -0.190051; -0.186558; -0.185303; -0.177189
102.6; 484191; 420255; -0.18326; -0.181921; -0.177587; -0.176224; -0.166623
102.8; 491204; 420786; -0.173641; -0.172231; -0.167168; -0.165737; -0.154883
103; 499668; 419412; -0.162694; -0.161213; -0.155563; -0.154064; -0.142186
103.2; 509135; 417205; -0.150649; -0.149103; -0.142979; -0.141418; -0.128702
103.4; 518614; 416385; -0.137681; -0.136156; -0.129601; -0.128064; -0.114681
103.6; 527891; 415130; -0.124068; -0.122592; -0.115739; -0.114228; -0.100411
103.8; 537034; 412377; -0.110117; -0.108574; -0.101694; -0.100137; -0.0862041
104; 546146; 410058; -0.0960159; -0.0944851; -0.0876986; -0.0861657; -0.0724113
104.2; 555400; 408316; -0.0820736; -0.0805426; -0.0740701; -0.0725321; -0.0592883
104.4; 563607; 405607; -0.0686036; -0.067105; -0.061095; -0.0595949; -0.0471525
104.6; 570963; 402852; -0.0559013; -0.0544531; -0.049048; -0.0475998; -0.0362052
104.8; 577719; 400005; -0.0442338; -0.0428323; -0.0381605; -0.0367564; -0.0266046
105; 581684; 397897; -0.0338123; -0.0324845; -0.0286089; -0.0272837; -0.0185083
105.2; 581796; 396238; -0.0248384; -0.0235993; -0.0205914; -0.0193568; -0.0120882
105.4; 579864; 394748; -0.017445; -0.0162777; -0.0142266; -0.0130645; -0.00741874
105.6; 576086; 392728; -0.0117492; -0.0107072; -0.00963051; -0.00859643; -0.00467148
105.8; 570224; 389794; -0.00788984; -0.00695068; -0.00693512; -0.00600734; -0.00391599
106; 562856; 387123; -0.00593368; -0.00511775; -0.00618582; -0.00538071; -0.0051867
106.2; 554041; 384916; -0.00595672; -0.00525333; -0.00741936; -0.00673335; -0.0084459
106.4; 544822; 383179; -0.00797938; -0.00736233; -0.0106328; -0.0100321; -0.0136217
106.6; 535761; 381151; -0.0119359; -0.011468; -0.0157308; -0.0152813; -0.0206495
106.8; 527030; 379115; -0.0178045; -0.0174289; -0.022678; -0.0223238; -0.0293938
107; 518685; 378065; -0.0254307; -0.0251719; -0.0312973; -0.0310581; -0.03968
107.2; 510778; 376795; -0.0347086; -0.0345244; -0.0414414; -0.041277; -0.051264
107.4; 503397; 376719; -0.0453922; -0.045299; -0.052847; -0.0527729; -0.0638856
107.6; 495966; 378337; -0.057262; -0.0572256; -0.0652988; -0.0652798; -0.0772996
107.8; 488013; 378440; -0.0701195; -0.0700512; -0.0785897; -0.078534; -0.0912663
108; 480337; 378459; -0.0836524; -0.0835636; -0.0924025; -0.0923304; -0.105527
108.2; 471802; 380401; -0.0975935; -0.0975471; -0.106463; -0.106437; -0.119809
108.4; 462813; 382144; -0.111735; -0.111695; -0.120554; -0.120511; -0.133788
108.6; 455601; 383826; -0.125776; -0.125738; -0.134331; -0.134301; -0.147149
108.8; 450502; 385838; -0.139449; -0.139367; -0.147557; -0.147474; -0.159607
109; 445337; 388271; -0.15242; -0.152309; -0.159912; -0.159794; -0.170941
109.2; 441329; 391881; -0.164422; -0.164241; -0.17115; -0.170972; -0.180908
109.4; 439375; 394840; -0.17519; -0.174945; -0.181047; -0.180792; -0.189345
109.6; 439441; 396895; -0.184495; -0.184171; -0.189374; -0.189041; -0.196048
109.8; 441263; 399485; -0.192182; -0.191777; -0.196002; -0.195588; -0.200922
110; 444174; 401702; -0.198111; -0.197605; -0.200807; -0.200285; -0.203847
110.2; 447572; 404215; -0.202175; -0.201551; -0.203684; -0.203047; -0.204744
110.4; 451868; 406957; -0.204289; -0.203548; -0.204582; -0.203817; -0.203597
110.6; 457317; 410078; -0.204408; -0.203548; -0.203459; -0.20258; -0.20041
110.8; 463737; 412443; -0.202514; -0.201532; -0.200326; -0.199321; -0.195194
111; 469781; 414934; -0.198601; -0.197509; -0.195205; -0.194088; -0.18805
111.2; 475504; 416859; -0.192737; -0.191535; -0.188207; -0.186983; -0.179156
111.4; 481702; 419015; -0.185043; -0.18374; -0.179516; -0.178192; -0.168805
111.6; 488341; 419641; -0.175715; -0.174316; -0.169356; -0.167936; -0.157257
111.8; 495705; 417577; -0.164992; -0.163525; -0.157968; -0.15648; -0.144766
112; 504489; 415280; -0.15313; -0.151602; -0.145572; -0.144027; -0.131486
112.2; 514455; 414567; -0.140357; -0.138807; -0.132383; -0.130822; -0.117618
112.4; 523958; 413372; -0.126841; -0.125402; -0.118585; -0.117114; -0.1034
112.6; 534036; 410725; -0.112983; -0.111445; -0.104629; -0.102966; -0.0891029
112.8; 543583; 408499; -0.0989272; -0.097323; -0.0905697; -0.0889388; -0.0751314
113; 552311; 407550; -0.0849481; -0.0833178; -0.0768428; -0.0751973; -0.0618237
113.2; 560441; 405713; -0.0713354; -0.0697508; -0.0636901; -0.0621015; -0.0494631
113.4; 567976; 402235; -0.0584475; -0.0568975; -0.0514372; -0.0498886; -0.0382753
113.6; 574295; 399008; -0.0465311; -0.0450483; -0.0402942; -0.0388127; -0.0284334
113.8; 579308; 396586; -0.0357902; -0.0344819; -0.0304201; -0.0291116; -0.0200609
114; 580747; 394843; -0.0265225; -0.0252605; -0.0220873; -0.0208293; -0.0132647
114.2; 578949; 393604; -0.0188061; -0.0176395; -0.0153736; -0.0142139; -0.00822055
114.4; 575221; 391876; -0.0127689; -0.0116913; -0.01041; -0.009339; -0.00503873
114.6; 569679; 389093; -0.00852851; -0.00757902; -0.00731716; -0.00637614; -0.00387046
114.8; 562211; 386498; -0.00618366; -0.00534497; -0.00617144; -0.00535156; -0.00473904
115; 553842; 384328; -0.00578508; -0.00506062; -0.0070029; -0.00628823; -0.00761345
115.2; 545113; 381786; -0.00739299; -0.00676019; -0.00980778; -0.0091948; -0.0124091
115.4; 536259; 379817; -0.0109562; -0.0104526; -0.0145298; -0.0140463; -0.019075
115.6; 527370; 378016; -0.0164369; -0.0160542; -0.0211081; -0.0207443; -0.0274899
115.8; 518898; 376959; -0.0237299; -0.0234515; -0.0294117; -0.0291527; -0.0374807
116; 510726; 375842; -0.0326903; -0.0324983; -0.0392613; -0.0390903; -0.0488188
116.2; 503039; 375415; -0.0431179; -0.0430055; -0.0504336; -0.0503412; -0.0612338
116.4; 495457; 376695; -0.0547625; -0.0547213; -0.0626833; -0.0626592; -0.0744965
116.6; 487606; 377272; -0.0674249; -0.0673764; -0.0758092; -0.0757738; -0.088361
116.8; 480126; 377297; -0.0808489; -0.0807378; -0.0895477; -0.0894566; -0.102578
117; 471828; 378605; -0.0947042; -0.0946527; -0.103569; -0.103533; -0.116898
117.2; 463059; 380252; -0.10883; -0.108796; -0.117684; -0.117653; -0.130991
117.4; 455823; 381771; -0.12293; -0.122881; -0.131566; -0.131526; -0.14451
117.6; 449880; 383731; -0.136713; -0.136639; -0.144942; -0.144865; -0.15719
117.8; 444817; 386296; -0.149852; -0.149746; -0.157487; -0.157379; -0.168754
118; 440650; 389619; -0.162079; -0.161904; -0.16897; -0.168796; -0.178996
118.2; 438226; 392841; -0.173111; -0.172882; -0.179143; -0.178906; -0.18773
118.4; 437817; 395508; -0.182728; -0.182421; -0.187798; -0.187485; -0.194794
118.6; 439309; 397631; -0.190747; -0.19036; -0.194783; -0.194384; -0.200057
118.8; 442047; 399659; -0.197037; -0.196551; -0.199967; -0.199469; -0.203402
119; 445616; 401920; -0.201491; -0.200895; -0.203254; -0.202641; -0.204734
119.2; 449603; 404831; -0.204017; -0.203299; -0.20457; -0.203833; -0.204027
119.4; 454912; 407889; -0.204549; -0.203713; -0.203867; -0.203009; -0.201256
119.6; 461332; 410275; -0.203063; -0.202107; -0.201133; -0.200154; -0.196433
119.8; 467451; 412650; -0.199548; -0.198493; -0.196394; -0.195314; -0.189654
120; 472722; 414814; -0.194085; -0.192912; -0.18978; -0.188581; -0.181109
