0.004; 1181.16; 3142.71; 2.23061e-06; 2.61528e-06; 2.15463e-06; 2.50407e-06; 2.3373e-06
0.2; 73623.7; 132694; 0.000638266; -0.000446991; 0.000590077; -0.000549478; 0.000764096
0.4; 360643; 519334; -0.00209217; -0.00171335; -0.0026694; -0.00211184; -0.00250645
0.6; 601386; 603184; -0.00770137; -0.00761032; -0.00889896; -0.00893629; -0.00974247
0.8; 636923; 464068; -0.016017; -0.0161866; -0.0182489; -0.0190019; -0.0210179
1; 694998; 448272; -0.0245375; -0.0243581; -0.0286945; -0.0285761; -0.034096
1.2; 740620; 516247; -0.0314989; -0.030998; -0.0371704; -0.0370254; -0.0456345
1.4; 719382; 508434; -0.0368667; -0.0364735; -0.0439204; -0.0433032; -0.0540709
1.6; 678657; 488459; -0.0419315; -0.0423491; -0.0493803; -0.0492562; -0.0604209
1.8; 659045; 503945; -0.0496905; -0.0488576; -0.0561874; -0.0557132; -0.0661514
2; 642216; 504709; -0.0594732; -0.0590551; -0.0656093; -0.0648722; -0.074054
2.2; 615624; 496885; -0.0721653; -0.0717886; -0.0774313; -0.0777652; -0.0854932
2.4; 585176; 507329; -0.0861842; -0.0859805; -0.0921448; -0.091808; -0.100099
2.6; 563687; 515827; -0.0997737; -0.0997119; -0.106487; -0.106331; -0.115861
2.8; 563187; 515367; -0.111883; -0.111491; -0.119256; -0.119028; -0.130022
3; 573124; 509721; -0.121737; -0.121553; -0.129646; -0.1293; -0.141218
3.2; 579716; 510720; -0.130749; -0.130295; -0.138252; -0.137948; -0.149594
3.4; 579611; 511506; -0.139964; -0.139391; -0.146698; -0.146197; -0.15667
3.6; 569275; 509686; -0.15022; -0.149732; -0.155981; -0.155432; -0.164153
3.8; 548650; 515545; -0.161578; -0.16101; -0.166337; -0.165897; -0.172859
4; 526062; 523405; -0.172785; -0.172419; -0.177066; -0.176662; -0.182539
4.2; 512299; 525737; -0.182665; -0.182221; -0.186632; -0.18625; -0.191645
4.4; 513367; 522743; -0.19; -0.189507; -0.193795; -0.19335; -0.198526
4.6; 524318; 517001; -0.194696; -0.194197; -0.198168; -0.197658; -0.202424
4.8; 536922; 511294; -0.197623; -0.196869; -0.200364; -0.199672; -0.203552
5; 542922; 509345; -0.199691; -0.198883; -0.201451; -0.200647; -0.203042
5.2; 541832; 511198; -0.20183; -0.200909; -0.20243; -0.20153; -0.202066
5.4; 538755; 516538; -0.203909; -0.202982; -0.203407; -0.202519; -0.201183
5.6; 538441; 521808; -0.205247; -0.204256; -0.203885; -0.202901; -0.200076
5.8; 543315; 525794; -0.204725; -0.203789; -0.202741; -0.201808; -0.197854
6; 553333; 525510; -0.201767; -0.200687; -0.199314; -0.198247; -0.193598
6.2; 567887; 520374; -0.196272; -0.195141; -0.193365; -0.192241; -0.186964
6.4; 581051; 513296; -0.189056; -0.187838; -0.185577; -0.184365; -0.178313
6.6; 587745; 507519; -0.181144; -0.179771; -0.17698; -0.175605; -0.168611
6.8; 589332; 506535; -0.173152; -0.171743; -0.16826; -0.16685; -0.158731
7; 591864; 510455; -0.165286; -0.163806; -0.159716; -0.158239; -0.149018
7.2; 597714; 516686; -0.157042; -0.155562; -0.150952; -0.149475; -0.139316
7.4; 607137; 519288; -0.147786; -0.146313; -0.141387; -0.139914; -0.12917
7.6; 620607; 517813; -0.137102; -0.135641; -0.130598; -0.129137; -0.118179
7.8; 636048; 512136; -0.125142; -0.123666; -0.118679; -0.1172; -0.106342
8; 647779; 503042; -0.112529; -0.111025; -0.106173; -0.104658; -0.0940811
8.2; 654375; 495909; -0.100117; -0.0985451; -0.0938585; -0.0922806; -0.0819786
8.4; 658672; 493418; -0.088488; -0.086898; -0.0823084; -0.0807102; -0.0705974
8.6; 663732; 494984; -0.0778232; -0.0762405; -0.0717263; -0.0701355; -0.0601493
8.8; 670397; 498875; -0.0678806; -0.0663554; -0.0619459; -0.0604054; -0.0505895
9; 678670; 501247; -0.0582325; -0.0567902; -0.0526052; -0.0511472; -0.0417133
9.2; 687320; 499908; -0.0486412; -0.0472616; -0.0434995; -0.042102; -0.033374
9.4; 693541; 495031; -0.0391907; -0.0378602; -0.0346929; -0.0333516; -0.0256487
9.6; 695745; 487958; -0.0303089; -0.0290084; -0.0265564; -0.0252443; -0.0187856
9.8; 694156; 481431; -0.0225799; -0.0213345; -0.0195921; -0.0183108; -0.0131246
10; 690295; 477400; -0.0164855; -0.015261; -0.0141857; -0.0129435; -0.00891768
10.2; 686326; 477357; -0.0120933; -0.0109389; -0.0104264; -0.00925299; -0.00622088
10.4; 683354; 480731; -0.00921494; -0.00813889; -0.00816748; -0.00705936; -0.00494044
10.6; 680941; 483213; -0.00749585; -0.00650425; -0.00709889; -0.00609951; -0.00493716
10.8; 677283; 482836; -0.00667252; -0.0057728; -0.00703615; -0.00612977; -0.0061024
11; 670577; 479093; -0.00672576; -0.0059201; -0.00794744; -0.00712866; -0.008431
11.2; 660685; 472739; -0.00787333; -0.00712551; -0.00997821; -0.00922358; -0.0119583
11.4; 648566; 466835; -0.0104061; -0.00970429; -0.013347; -0.0126453; -0.0167637
11.6; 636399; 464435; -0.0145176; -0.0138679; -0.0182001; -0.0175457; -0.0228792
11.8; 626530; 464992; -0.0202328; -0.0196206; -0.0245297; -0.0239164; -0.0302329
12; 619380; 467192; -0.0273239; -0.0268025; -0.0321274; -0.0316103; -0.0386805
12.2; 613111; 469980; -0.0354835; -0.0350186; -0.0407389; -0.0402768; -0.0480044
12.4; 605917; 471830; -0.0443295; -0.0439495; -0.0500219; -0.0496464; -0.0579996
12.6; 596947; 471073; -0.0536894; -0.0533581; -0.0598243; -0.0594992; -0.0685286
12.8; 586128; 468226; -0.0635199; -0.0632289; -0.0700768; -0.069793; -0.0795035
13; 574035; 464768; -0.0738916; -0.0736162; -0.0807973; -0.0805328; -0.0908409
13.2; 562505; 462161; -0.0848715; -0.0845905; -0.0919887; -0.091724; -0.102413
13.4; 553007; 461331; -0.0963996; -0.096125; -0.10356; -0.1033; -0.114069
13.6; 545401; 464184; -0.108266; -0.108003; -0.11532; -0.115068; -0.125639
13.8; 538754; 468070; -0.120164; -0.119905; -0.127006; -0.126756; -0.136947
14; 532309; 470874; -0.131758; -0.131492; -0.138327; -0.138072; -0.147788
14.2; 525687; 471486; -0.142768; -0.142493; -0.149037; -0.148774; -0.157995
14.4; 519348; 470566; -0.153067; -0.15277; -0.159009; -0.158721; -0.167426
14.6; 513755; 469399; -0.162643; -0.162304; -0.168195; -0.167867; -0.175987
14.8; 509218; 469523; -0.17152; -0.17113; -0.176585; -0.176205; -0.183585
15; 506182; 470526; -0.179683; -0.179243; -0.184139; -0.183709; -0.19014
15.2; 505425; 471973; -0.187015; -0.186518; -0.190757; -0.190271; -0.195566
15.4; 506345; 474259; -0.193308; -0.192765; -0.196271; -0.195737; -0.199771
15.6; 507923; 476529; -0.198346; -0.197742; -0.200517; -0.199924; -0.202682
15.8; 509713; 477857; -0.201956; -0.201284; -0.203365; -0.202699; -0.20424
16; 511942; 477888; -0.204092; -0.203351; -0.20477; -0.204034; -0.20443
16.2; 514769; 476937; -0.204832; -0.204011; -0.20479; -0.203973; -0.203263
16.4; 518581; 476111; -0.204274; -0.203374; -0.203493; -0.202592; -0.200746
16.6; 523925; 476249; -0.202494; -0.201509; -0.200929; -0.199942; -0.196877
16.8; 530211; 477853; -0.199515; -0.198455; -0.197132; -0.196069; -0.191713
17; 536259; 480019; -0.195315; -0.194188; -0.192129; -0.190999; -0.185359
17.2; 541841; 481929; -0.189845; -0.188656; -0.185939; -0.184746; -0.177954
17.4; 547422; 482356; -0.183111; -0.181864; -0.178603; -0.177353; -0.169606
17.6; 553119; 480383; -0.175211; -0.173914; -0.170219; -0.168916; -0.160418
17.8; 559509; 477403; -0.16632; -0.16497; -0.160929; -0.159574; -0.150476
18; 567284; 474641; -0.156642; -0.155247; -0.150905; -0.149504; -0.139887
18.2; 575915; 472960; -0.146384; -0.144949; -0.140329; -0.138888; -0.128788
18.4; 584650; 472557; -0.135685; -0.134219; -0.129346; -0.127883; -0.117343
18.6; 592969; 472748; -0.124604; -0.123182; -0.11806; -0.116631; -0.105733
18.8; 600813; 471669; -0.113287; -0.111849; -0.106641; -0.105198; -0.0941345
19; 608355; 469173; -0.101774; -0.100343; -0.0951733; -0.0937164; -0.0827117
19.2; 615926; 466399; -0.0902187; -0.0887823; -0.0837792; -0.0823381; -0.0716084
19.4; 623821; 463449; -0.0788018; -0.0773814; -0.0726482; -0.0712252; -0.060963
19.6; 631694; 460451; -0.0677522; -0.066359; -0.0619724; -0.0605596; -0.0508971
19.8; 638777; 458042; -0.0572933; -0.0559203; -0.051921; -0.0505351; -0.0415365
20; 644584; 456423; -0.0475861; -0.046243; -0.0426544; -0.041302; -0.0330073
20.2; 649047; 455642; -0.0387252; -0.0374181; -0.0342794; -0.0329554; -0.0254215
20.4; 651991; 455358; -0.0307527; -0.0294993; -0.0268499; -0.0255775; -0.0188881
20.6; 653257; 454586; -0.0237181; -0.0225149; -0.0204328; -0.0192189; -0.0134997
20.8; 652986; 452807; -0.0176748; -0.0165407; -0.0150951; -0.0139406; -0.00932233
21; 651052; 450175; -0.0127345; -0.0116719; -0.0109143; -0.00983814; -0.00641819
21.2; 647343; 447247; -0.00901144; -0.0080346; -0.00798519; -0.00699827; -0.00482941
21.4; 642183; 444704; -0.00662625; -0.00571737; -0.00639626; -0.00547359; -0.00456197
21.6; 635902; 443185; -0.00562261; -0.00479032; -0.00616107; -0.00531979; -0.00561641
21.8; 628985; 442566; -0.00600996; -0.00523741; -0.00728805; -0.00650918; -0.00796758
22; 621963; 442229; -0.00772143; -0.00702058; -0.00971138; -0.00900497; -0.0115697
22.2; 614358; 441569; -0.0106825; -0.0100783; -0.0133703; -0.0127624; -0.0164009
22.4; 605832; 440767; -0.0148742; -0.0143336; -0.0182675; -0.017726; -0.0224705
22.6; 597127; 439737; -0.0202401; -0.0197803; -0.0243461; -0.0238819; -0.0297429
22.8; 588471; 438180; -0.0267613; -0.0263652; -0.0315915; -0.0310957; -0.0380702
23; 580390; 436669; -0.0343831; -0.0340473; -0.0397986; -0.03939; -0.0472982
23.2; 572988; 435823; -0.0430604; -0.0426737; -0.0489191; -0.0485623; -0.0572433
23.4; 565613; 437027; -0.052539; -0.0522358; -0.0588156; -0.0584803; -0.067773
23.6; 557561; 439136; -0.0627687; -0.0624783; -0.0693089; -0.0690451; -0.0787699
23.8; 548973; 440105; -0.0734951; -0.0733288; -0.0802927; -0.0800675; -0.0901179
24; 539934; 439694; -0.0847085; -0.0844643; -0.0916235; -0.0913919; -0.101684
24.2; 531044; 439383; -0.0961113; -0.0958939; -0.103118; -0.102915; -0.113347
24.4; 522821; 439368; -0.107637; -0.107437; -0.11467; -0.114468; -0.12493
24.6; 515372; 440357; -0.119174; -0.11895; -0.126119; -0.125909; -0.136249
24.8; 508593; 442164; -0.130552; -0.130328; -0.137303; -0.137081; -0.147099
25; 502788; 443677; -0.141639; -0.141399; -0.148062; -0.147829; -0.15732
25.2; 497623; 445053; -0.15225; -0.151965; -0.158242; -0.157968; -0.166778
25.4; 493194; 446820; -0.162187; -0.161884; -0.167679; -0.167382; -0.175387
25.6; 489717; 448879; -0.171329; -0.170972; -0.17627; -0.175924; -0.183057
25.8; 487188; 450135; -0.179518; -0.179125; -0.183878; -0.183495; -0.189708
26; 486037; 450368; -0.186689; -0.186244; -0.190432; -0.189993; -0.195232
26.2; 486072; 450780; -0.192768; -0.19226; -0.19584; -0.195342; -0.19953
26.4; 486985; 451527; -0.197684; -0.19712; -0.200031; -0.199472; -0.202512
26.6; 488779; 452691; -0.201381; -0.200735; -0.202949; -0.202304; -0.204118
26.8; 491520; 454210; -0.203776; -0.203058; -0.204529; -0.203812; -0.204341
27; 494792; 455762; -0.204834; -0.204036; -0.204772; -0.203973; -0.203219
27.2; 498481; 457268; -0.204515; -0.203646; -0.203659; -0.202786; -0.200782
27.4; 503148; 458287; -0.202825; -0.201876; -0.201195; -0.200242; -0.197023
27.6; 508491; 458770; -0.199788; -0.198772; -0.197403; -0.196382; -0.191973
27.8; 513559; 458852; -0.195464; -0.194371; -0.192351; -0.191253; -0.185704
28; 518635; 459090; -0.189899; -0.188743; -0.18611; -0.184948; -0.178333
28.2; 524320; 459229; -0.183192; -0.181973; -0.178793; -0.177567; -0.169999
28.4; 530364; 458511; -0.17545; -0.174174; -0.170511; -0.169228; -0.160819
28.6; 536769; 457406; -0.166784; -0.165458; -0.161377; -0.160044; -0.150906
28.8; 544033; 456461; -0.157305; -0.155935; -0.151498; -0.150122; -0.140363
29; 551957; 455594; -0.147129; -0.145723; -0.140993; -0.139582; -0.129311
29.2; 559960; 454545; -0.136366; -0.134971; -0.129971; -0.128591; -0.117907
29.4; 567566; 453030; -0.125171; -0.123804; -0.118638; -0.117243; -0.106314
29.6; 574902; 450171; -0.113737; -0.112326; -0.107137; -0.105711; -0.0947002
29.8; 582539; 447293; -0.102163; -0.100752; -0.0955968; -0.0941891; -0.0832452
30; 590612; 445502; -0.0906349; -0.089226; -0.0842231; -0.0827991; -0.0721033
30.2; 598924; 443884; -0.0793268; -0.0779259; -0.0731527; -0.0717398; -0.0614325
30.4; 606866; 441861; -0.0683951; -0.0670201; -0.0625359; -0.0611576; -0.0513555
30.6; 613690; 440085; -0.0579787; -0.0566279; -0.0525129; -0.0511467; -0.0419687
30.8; 619318; 438718; -0.0482006; -0.0468886; -0.0431859; -0.0418603; -0.0333959
31; 623774; 437505; -0.0391928; -0.0379053; -0.0346894; -0.0333929; -0.0257457
31.2; 626878; 436109; -0.0310407; -0.0298124; -0.0271174; -0.0258703; -0.0191279
31.4; 628185; 434644; -0.0238803; -0.0226978; -0.0205907; -0.0193953; -0.0136588
31.6; 628051; 432643; -0.0177911; -0.0166731; -0.0151933; -0.0140617; -0.00941072
31.8; 626649; 430744; -0.0128571; -0.0118251; -0.0109938; -0.00994671; -0.00644376
32; 623748; 428833; -0.00917073; -0.00820053; -0.00806664; -0.00708952; -0.00478511
32.2; 619457; 427109; -0.00675655; -0.0058714; -0.00643122; -0.00553462; -0.00444796
32.4; 613999; 425905; -0.00566069; -0.00484813; -0.00611111; -0.00529019; -0.00542135
32.6; 607541; 424860; -0.00589343; -0.00514913; -0.00710822; -0.00636025; -0.00769447
32.8; 600671; 423875; -0.00744017; -0.00677369; -0.00940039; -0.00872812; -0.011226
33; 593281; 422800; -0.0102799; -0.00970027; -0.0129562; -0.0123739; -0.0159836
33.2; 585093; 421950; -0.0143926; -0.0138818; -0.0177711; -0.0172605; -0.0219703
33.4; 577118; 421464; -0.0197308; -0.0192929; -0.0238036; -0.0233651; -0.0291647
33.6; 569411; 420443; -0.0262438; -0.0258706; -0.0309723; -0.0305997; -0.0374328
33.8; 562140; 419243; -0.0338514; -0.0335271; -0.039186; -0.0388264; -0.0466021
34; 555370; 418876; -0.0424197; -0.0421524; -0.0482798; -0.0479265; -0.0565089
34.2; 548709; 419553; -0.0518263; -0.0516079; -0.0580975; -0.0577863; -0.0670045
34.4; 541302; 420585; -0.0620014; -0.0616952; -0.0685181; -0.0682704; -0.0779686
34.6; 533347; 421655; -0.072612; -0.0724939; -0.0794264; -0.0792523; -0.089311
34.8; 524829; 422048; -0.0838182; -0.0835661; -0.0907195; -0.0905698; -0.100876
35; 516019; 422747; -0.0952397; -0.095028; -0.102283; -0.102061; -0.112542
35.2; 507703; 423480; -0.106809; -0.106645; -0.113859; -0.113665; -0.124127
35.4; 500626; 424590; -0.118417; -0.118195; -0.125322; -0.125156; -0.135434
35.6; 494762; 425736; -0.129806; -0.129612; -0.13655; -0.136325; -0.146297
35.8; 489356; 427579; -0.14089; -0.140666; -0.147305; -0.147097; -0.156564
36; 484295; 429058; -0.151487; -0.151215; -0.157504; -0.157256; -0.166098
36.2; 479952; 430427; -0.161416; -0.161151; -0.166988; -0.166702; -0.174808
36.4; 476859; 432026; -0.170622; -0.170274; -0.175634; -0.175317; -0.182571
36.6; 474655; 433513; -0.178904; -0.178537; -0.183344; -0.182974; -0.189301
36.8; 473173; 434622; -0.186197; -0.185771; -0.189998; -0.189574; -0.194896
37; 473383; 435707; -0.192385; -0.191895; -0.195488; -0.195018; -0.199246
37.2; 474253; 436969; -0.197384; -0.196845; -0.199765; -0.199216; -0.202289
37.4; 475501; 438208; -0.20115; -0.200522; -0.202745; -0.202128; -0.203974
37.6; 477596; 439435; -0.203599; -0.202906; -0.204404; -0.203705; -0.204298
37.8; 480693; 440900; -0.204717; -0.203942; -0.204719; -0.203941; -0.203275
38; 484430; 442289; -0.204481; -0.203634; -0.203693; -0.202845; -0.200938
38.2; 488942; 443374; -0.202903; -0.201973; -0.20134; -0.200402; -0.19728
38.4; 494252; 443952; -0.199984; -0.198987; -0.197654; -0.196649; -0.192315
38.6; 499097; 444747; -0.195771; -0.194702; -0.192698; -0.191621; -0.186118
38.8; 503615; 445632; -0.190303; -0.189162; -0.186538; -0.185391; -0.178803
39; 508859; 446038; -0.183654; -0.182454; -0.179271; -0.178064; -0.170503
39.2; 514647; 445100; -0.175948; -0.174693; -0.171023; -0.16976; -0.161354
39.4; 520625; 443854; -0.167315; -0.166008; -0.161924; -0.160609; -0.151481
39.6; 527351; 442853; -0.157873; -0.156523; -0.152088; -0.15073; -0.140988
39.8; 535088; 442164; -0.147745; -0.146359; -0.141631; -0.140238; -0.129984
40; 542988; 441179; -0.137031; -0.13567; -0.130648; -0.129299; -0.118609
40.2; 550502; 439546; -0.125893; -0.124543; -0.119354; -0.117979; -0.107024
40.4; 557548; 437181; -0.114478; -0.113089; -0.107861; -0.106454; -0.0953953
40.6; 565023; 434897; -0.102903; -0.101512; -0.096307; -0.0949207; -0.0839094
40.8; 572822; 433082; -0.0913505; -0.089962; -0.0849046; -0.0835023; -0.0727332
41; 580878; 431317; -0.0800054; -0.0786213; -0.0737957; -0.0724014; -0.0620188
41.2; 588649; 429055; -0.0690322; -0.0676758; -0.0631393; -0.0617806; -0.051908
41.4; 595404; 426854; -0.058582; -0.0572493; -0.0530814; -0.0517357; -0.042485
41.6; 600942; 425722; -0.0487736; -0.0474743; -0.0437215; -0.0424101; -0.0338726
41.8; 605676; 424863; -0.0397181; -0.0384509; -0.0351694; -0.0338963; -0.0261588
42; 609119; 423679; -0.0315158; -0.0302968; -0.0275369; -0.0263044; -0.019462
42.2; 610666; 422255; -0.0242808; -0.0231125; -0.0209311; -0.0197484; -0.0138998
42.4; 610712; 420320; -0.0181111; -0.0170061; -0.015447; -0.0143323; -0.00956165
42.6; 609549; 418252; -0.0130852; -0.012068; -0.0111581; -0.0101263; -0.00650706
42.8; 606911; 416501; -0.00930795; -0.00834839; -0.0081429; -0.00717751; -0.0047652
43; 602947; 414942; -0.00680585; -0.00593003; -0.00642205; -0.00553861; -0.00434788
43.2; 598056; 413529; -0.00562264; -0.00482679; -0.00601802; -0.00521291; -0.00524275
43.4; 592248; 412400; -0.00577554; -0.00504508; -0.00693418; -0.00620173; -0.00743492
43.6; 585856; 411588; -0.0072409; -0.00658736; -0.00914653; -0.00848979; -0.010889
43.8; 579007; 410772; -0.00999196; -0.00942584; -0.0126179; -0.0120486; -0.0155665
44; 571181; 409847; -0.0140121; -0.013509; -0.0173407; -0.0168397; -0.0214619
44.2; 563348; 409309; -0.0192488; -0.0188227; -0.0232735; -0.0228488; -0.0285626
44.4; 555999; 408216; -0.0256733; -0.0253119; -0.030361; -0.0299999; -0.0367571
44.6; 549108; 407196; -0.0332074; -0.0328987; -0.0384882; -0.0381827; -0.0458738
44.8; 542623; 406692; -0.041726; -0.0414684; -0.0475123; -0.0472581; -0.0557441
45; 536387; 407564; -0.0510916; -0.0508866; -0.0573458; -0.0570339; -0.0662101
45.2; 529517; 408512; -0.0611696; -0.060991; -0.0677212; -0.0674919; -0.0771517
45.4; 522024; 409521; -0.0718743; -0.0716156; -0.0786246; -0.0784106; -0.0884548
45.6; 514231; 410136; -0.0829463; -0.0827477; -0.0899031; -0.0896856; -0.100015
45.8; 506112; 410890; -0.0943504; -0.094162; -0.101388; -0.101212; -0.11168
46; 498134; 411877; -0.105936; -0.105747; -0.112977; -0.112806; -0.123279
46.2; 491382; 412348; -0.117517; -0.117345; -0.124482; -0.124293; -0.13462
46.4; 485576; 413742; -0.128958; -0.128762; -0.135706; -0.135528; -0.145526
46.6; 480430; 415801; -0.140074; -0.139858; -0.14653; -0.146317; -0.155839
46.8; 475483; 417826; -0.150703; -0.150475; -0.156771; -0.156541; -0.165436
47; 471379; 419133; -0.160711; -0.16043; -0.166305; -0.166039; -0.174192
47.2; 468349; 420515; -0.16994; -0.169633; -0.175012; -0.174703; -0.182022
47.4; 466001; 422160; -0.178299; -0.177937; -0.182783; -0.182429; -0.188825
47.6; 464289; 423721; -0.185664; -0.185256; -0.189516; -0.189113; -0.194507
47.8; 463944; 424752; -0.191933; -0.191468; -0.195103; -0.194638; -0.198956
48; 465111; 425901; -0.197025; -0.196497; -0.199455; -0.198933; -0.202081
48.2; 466616; 427448; -0.200878; -0.200278; -0.20254; -0.201934; -0.203866
48.4; 468575; 429095; -0.203433; -0.202754; -0.204293; -0.203614; -0.204286
48.6; 471137; 430361; -0.20465; -0.203895; -0.20471; -0.20395; -0.203362
48.8; 474304; 431805; -0.204514; -0.203683; -0.203785; -0.202946; -0.201122
49; 478756; 433022; -0.203026; -0.202117; -0.201519; -0.200604; -0.197557
49.2; 483937; 433915; -0.200202; -0.199223; -0.197929; -0.196941; -0.192687
49.4; 488765; 434792; -0.196083; -0.195029; -0.193064; -0.192; -0.186573
49.6; 493166; 435721; -0.190701; -0.189581; -0.18698; -0.185852; -0.179315
49.8; 498059; 436138; -0.18414; -0.182957; -0.179791; -0.1786; -0.171081
50; 503439; 435569; -0.17651; -0.17527; -0.171612; -0.170364; -0.161986
50.2; 509160; 434267; -0.167937; -0.166646; -0.162568; -0.161268; -0.15216
50.4; 515740; 433382; -0.158548; -0.157212; -0.152779; -0.151435; -0.141707
50.6; 523113; 432822; -0.148459; -0.147088; -0.142359; -0.14098; -0.130735
50.8; 530544; 432025; -0.137779; -0.136432; -0.131404; -0.130069; -0.119382
51; 537745; 430326; -0.126665; -0.125337; -0.120127; -0.118771; -0.1078
51.2; 545023; 427802; -0.115275; -0.113898; -0.108646; -0.107251; -0.0961621
51.4; 552471; 425725; -0.103703; -0.102323; -0.0970851; -0.0957126; -0.0846546
51.6; 560009; 424184; -0.0921441; -0.0907655; -0.085672; -0.0842779; -0.0734497
51.8; 567745; 422351; -0.0807778; -0.0794113; -0.0745366; -0.0731618; -0.0627126
52; 575577; 419881; -0.0697705; -0.0684252; -0.0638416; -0.062495; -0.0525491
52.2; 582190; 417680; -0.0592764; -0.057957; -0.0537373; -0.0524026; -0.043076
52.4; 587607; 416655; -0.0494186; -0.0481296; -0.0443216; -0.0430224; -0.0344013
52.6; 592524; 416050; -0.0403084; -0.0390486; -0.0357081; -0.0344447; -0.0266148
52.8; 596257; 414790; -0.0320337; -0.0308282; -0.0279989; -0.0267787; -0.0198326
53; 597895; 413078; -0.0247312; -0.0235686; -0.0213205; -0.0201491; -0.014193
53.2; 598235; 411250; -0.0184737; -0.0173899; -0.0157499; -0.0146587; -0.00977852
53.4; 597307; 409266; -0.0133728; -0.0123474; -0.0113872; -0.0103496; -0.00663355
53.6; 594927; 407453; -0.00949201; -0.00854988; -0.00827038; -0.00732258; -0.00480655
53.8; 591448; 406072; -0.00690286; -0.00603152; -0.00646228; -0.00558392; -0.00429512
54; 586911; 404684; -0.00562892; -0.00483398; -0.00596518; -0.0051644; -0.00509543
54.2; 581430; 403488; -0.00568281; -0.00496499; -0.00678326; -0.00606385; -0.00719311
54.4; 575262; 402751; -0.00705355; -0.00640859; -0.00890271; -0.0082564; -0.0105573
54.6; 568722; 401986; -0.00970941; -0.0091472; -0.0122816; -0.0117185; -0.0151454
54.8; 561205; 401050; -0.0136327; -0.013136; -0.0169103; -0.0164159; -0.0209497
55; 553693; 399958; -0.0187796; -0.0183545; -0.0227543; -0.0223316; -0.0279613
55.2; 546851; 398773; -0.0251129; -0.0247519; -0.0297538; -0.0293955; -0.0360748
55.4; 540340; 398009; -0.0325574; -0.032259; -0.0378015; -0.0375065; -0.0451352
55.6; 534011; 397795; -0.041003; -0.0407589; -0.0467637; -0.0465218; -0.0549575
55.8; 527826; 398348; -0.0503198; -0.0501221; -0.0565294; -0.0562747; -0.06539
56; 521495; 398965; -0.0603642; -0.0601898; -0.066912; -0.0666639; -0.0763072
56.2; 514693; 399866; -0.071013; -0.0707888; -0.0777658; -0.0775627; -0.0875856
56.4; 507221; 400997; -0.0820654; -0.0818677; -0.0890178; -0.0888038; -0.099124
56.6; 499029; 402038; -0.093442; -0.0932588; -0.100477; -0.10032; -0.110782
56.8; 491220; 402831; -0.105012; -0.104834; -0.112073; -0.111895; -0.122387
57; 484479; 403521; -0.116607; -0.116439; -0.123582; -0.123407; -0.13375
57.2; 478897; 404890; -0.128068; -0.127887; -0.134837; -0.134674; -0.144696
57.4; 473711; 406772; -0.13922; -0.139013; -0.145708; -0.145494; -0.155059
57.6; 468849; 409149; -0.149891; -0.149672; -0.15599; -0.15578; -0.16472
57.8; 464859; 410629; -0.159949; -0.159679; -0.16559; -0.165326; -0.173548
58; 461699; 411804; -0.169242; -0.168945; -0.174363; -0.174065; -0.181455
58.2; 458970; 413430; -0.17767; -0.177319; -0.182206; -0.181864; -0.188337
58.4; 457244; 415027; -0.185105; -0.184709; -0.189016; -0.188619; -0.194099
58.6; 457422; 416292; -0.191458; -0.191007; -0.194685; -0.194237; -0.198637
58.8; 458309; 417676; -0.196649; -0.196132; -0.199142; -0.198628; -0.20187
59; 459311; 419190; -0.200603; -0.200017; -0.202328; -0.201735; -0.20376
59.2; 461185; 420759; -0.20326; -0.202595; -0.204183; -0.203519; -0.204283
59.4; 464076; 422282; -0.204577; -0.203839; -0.204701; -0.203955; -0.203461
59.6; 467323; 423852; -0.204542; -0.203725; -0.203874; -0.203049; -0.201312
59.8; 471105; 425133; -0.203154; -0.20226; -0.201708; -0.200808; -0.19785
60; 475993; 425917; -0.200433; -0.199465; -0.19822; -0.197244; -0.193079
60.2; 480896; 426674; -0.196411; -0.195372; -0.193449; -0.192399; -0.187053
60.4; 485176; 427808; -0.191133; -0.190021; -0.187463; -0.18634; -0.179879
60.6; 489479; 428530; -0.18466; -0.183491; -0.180352; -0.179173; -0.171706
60.8; 494661; 427948; -0.177107; -0.175875; -0.172239; -0.170998; -0.16266
61; 500629; 426826; -0.168588; -0.167308; -0.163239; -0.161949; -0.15286
61.2; 506825; 426061; -0.159253; -0.157927; -0.153501; -0.152165; -0.142452
61.4; 513181; 425524; -0.149215; -0.147851; -0.143131; -0.141758; -0.131528
61.6; 520591; 424556; -0.138576; -0.137227; -0.132212; -0.130882; -0.120205
61.8; 528518; 422799; -0.127481; -0.126165; -0.120947; -0.119601; -0.108623
62; 535435; 420424; -0.116119; -0.114749; -0.109482; -0.108095; -0.096982
62.2; 542268; 418941; -0.104555; -0.103186; -0.097968; -0.0965151; -0.0854594
62.4; 550531; 417423; -0.0929878; -0.0916139; -0.0865183; -0.0850767; -0.0742247
62.6; 558849; 415741; -0.0815981; -0.0802366; -0.0753566; -0.0739176; -0.0634319
62.8; 565583; 412946; -0.0705658; -0.0692293; -0.0646377; -0.0632224; -0.0532401
63; 572240; 411005; -0.0600299; -0.0587151; -0.0544777; -0.0531019; -0.0437257
63.2; 578822; 409907; -0.0501097; -0.0488099; -0.0449601; -0.0436717; -0.0349733
63.4; 583179; 408964; -0.0409002; -0.0396735; -0.0362668; -0.0350069; -0.0270913
63.6; 585923; 407421; -0.0325723; -0.0313652; -0.0284802; -0.0272734; -0.0202328
63.8; 588513; 405739; -0.0251733; -0.0240426; -0.0217025; -0.020568; -0.0144968
64; 589224; 404304; -0.0188522; -0.0177665; -0.0160739; -0.0149633; -0.00998355
64.2; 587820; 402919; -0.0136775; -0.0126582; -0.0116188; -0.0106081; -0.00677436
64.4; 585952; 400797; -0.00971007; -0.00877192; -0.00843181; -0.00748164; -0.00486371
64.6; 583158; 398880; -0.00702292; -0.00615785; -0.00652598; -0.0056514; -0.00426638
64.8; 578783; 397737; -0.00564974; -0.00485059; -0.00592476; -0.00512871; -0.00496394
65; 573471; 396899; -0.00558162; -0.00487141; -0.00662792; -0.00590984; -0.00694156
65.2; 567571; 395931; -0.00684585; -0.00621129; -0.00863547; -0.00799857; -0.0101946
65.4; 560996; 394810; -0.0094181; -0.00884518; -0.0119288; -0.0113603; -0.0146935
65.6; 553555; 393766; -0.0132471; -0.0127579; -0.0164714; -0.0159818; -0.0204228
65.8; 546465; 393067; -0.0183094; -0.0178888; -0.0222353; -0.0218169; -0.0273624
66; 540261; 392196; -0.0245583; -0.0242024; -0.0291569; -0.0288044; -0.035412
66.2; 533877; 391123; -0.0319232; -0.0316279; -0.0371306; -0.03684; -0.0444043
66.4; 527494; 390864; -0.0402946; -0.0400554; -0.0460235; -0.0457871; -0.0541694
66.6; 521618; 391471; -0.0495426; -0.0493485; -0.0556956; -0.0555056; -0.064548
66.8; 515408; 392377; -0.0595184; -0.059366; -0.0660459; -0.0658178; -0.0754174
67; 508457; 393150; -0.0701527; -0.069897; -0.0768493; -0.0766971; -0.0866711
67.2; 501092; 393888; -0.0811371; -0.0809921; -0.0880834; -0.0879183; -0.0982041
67.4; 493615; 394993; -0.0925369; -0.0923162; -0.0995575; -0.0993918; -0.109854
67.6; 486192; 396359; -0.104055; -0.103916; -0.111142; -0.110973; -0.121477
67.8; 479638; 397006; -0.115678; -0.115508; -0.122665; -0.122504; -0.132875
68; 473975; 397990; -0.127167; -0.126986; -0.133963; -0.133799; -0.143861
68.2; 469047; 399974; -0.138331; -0.138158; -0.144857; -0.144665; -0.15427
68.4; 464333; 402312; -0.149065; -0.148833; -0.155192; -0.154984; -0.163982
68.6; 459905; 404197; -0.159162; -0.158927; -0.164851; -0.164613; -0.17289
68.8; 456573; 405179; -0.168531; -0.168241; -0.173701; -0.173411; -0.180878
69; 454254; 406596; -0.177028; -0.176686; -0.181617; -0.181287; -0.187841
69.2; 452774; 408774; -0.184539; -0.18416; -0.18851; -0.188124; -0.19369
69.4; 452186; 410079; -0.190994; -0.190544; -0.194278; -0.193838; -0.198333
69.6; 453129; 411182; -0.196266; -0.195774; -0.198827; -0.198331; -0.201664
69.8; 454516; 412826; -0.200324; -0.199746; -0.202112; -0.201531; -0.203655
70; 456210; 414625; -0.203079; -0.202428; -0.20407; -0.203419; -0.204286
70.2; 458782; 416228; -0.204497; -0.203775; -0.204687; -0.203954; -0.203553
70.4; 461850; 417553; -0.204572; -0.203764; -0.203961; -0.203149; -0.201499
70.6; 465315; 418837; -0.203288; -0.202409; -0.2019; -0.201013; -0.198137
70.8; 469887; 420042; -0.200676; -0.19972; -0.198524; -0.197556; -0.193479
71; 474888; 420683; -0.19676; -0.195735; -0.193856; -0.192821; -0.187556
71.2; 479355; 421700; -0.191582; -0.190484; -0.187967; -0.186859; -0.180478
71.4; 483512; 422609; -0.185201; -0.184041; -0.180941; -0.179771; -0.172376
71.6; 488309; 422472; -0.177719; -0.1765; -0.17289; -0.171663; -0.163374
71.8; 494054; 421315; -0.169264; -0.167999; -0.163946; -0.162671; -0.153619
72; 500386; 420272; -0.159984; -0.158666; -0.154251; -0.152923; -0.143232
72.2; 506514; 419742; -0.149998; -0.148643; -0.143926; -0.142562; -0.132341
72.4; 513102; 419119; -0.139403; -0.138064; -0.133048; -0.13173; -0.121061
72.6; 520669; 417413; -0.12834; -0.127045; -0.121821; -0.120487; -0.109515
72.8; 528124; 414941; -0.117001; -0.11564; -0.110361; -0.108993; -0.0978677
73; 535126; 413170; -0.105438; -0.104085; -0.0987978; -0.0974488; -0.0863276
73.2; 542661; 411922; -0.0938627; -0.0925121; -0.0873521; -0.0859799; -0.0750594
73.4; 550965; 410135; -0.0824671; -0.0810973; -0.0761618; -0.0747905; -0.0642283
73.6; 558238; 407818; -0.0713719; -0.0700502; -0.0654136; -0.0639973; -0.0539468
73.8; 564233; 405786; -0.0608038; -0.059483; -0.0552081; -0.0538213; -0.0443721
74; 570246; 404486; -0.0508352; -0.0495624; -0.0456451; -0.0443724; -0.0355866
74.2; 575840; 403421; -0.0416018; -0.0403458; -0.0369202; -0.0356344; -0.027651
74.4; 578945; 402340; -0.0331928; -0.0319957; -0.0290453; -0.0278537; -0.0207181
74.6; 580874; 400506; -0.0257235; -0.0245695; -0.0222006; -0.0210366; -0.0148853
74.8; 582614; 398650; -0.0192702; -0.0181968; -0.0164197; -0.0153524; -0.0102578
75; 581976; 397322; -0.0139656; -0.0129501; -0.0118602; -0.0108301; -0.00690598
75.2; 579261; 395632; -0.0099; -0.00895769; -0.00855527; -0.00760975; -0.00488906
75.4; 576342; 393624; -0.00713113; -0.00626782; -0.0065606; -0.00569621; -0.00418992
75.6; 572594; 392041; -0.00567972; -0.00489104; -0.00588372; -0.00508658; -0.0047943
75.8; 567394; 391575; -0.00554311; -0.00482049; -0.00650435; -0.00578308; -0.00668486
76; 561620; 391060; -0.00669971; -0.00606722; -0.00841073; -0.00778119; -0.00984577
76.2; 555628; 389843; -0.0091479; -0.00858158; -0.0115965; -0.0110291; -0.0142541
76.4; 548523; 388457; -0.0128598; -0.0123654; -0.0160358; -0.0155443; -0.0199114
76.6; 541003; 387478; -0.0178186; -0.0173975; -0.021708; -0.021291; -0.0267795
76.8; 534692; 386432; -0.0239764; -0.0236229; -0.0285428; -0.0281926; -0.0347456
77; 528967; 385854; -0.0312646; -0.0309716; -0.0364385; -0.0361486; -0.0436579
77.2; 522983; 385659; -0.0395722; -0.0393255; -0.0452615; -0.0450193; -0.0533379
77.4; 516924; 386218; -0.0487603; -0.0485613; -0.0548702; -0.0546765; -0.0636492
77.6; 510566; 386890; -0.058682; -0.0585235; -0.0651454; -0.0649682; -0.0744826
77.8; 504122; 387403; -0.0692477; -0.0690294; -0.0759704; -0.0757569; -0.0857186
78; 497311; 388210; -0.080223; -0.0800533; -0.0871145; -0.0870239; -0.0972665
78.2; 489608; 389693; -0.091576; -0.0913821; -0.0986356; -0.0984442; -0.108942
78.4; 482414; 390427; -0.103108; -0.102954; -0.110212; -0.110043; -0.120585
78.6; 476184; 391238; -0.114721; -0.114567; -0.12173; -0.121599; -0.132006
78.8; 470766; 392555; -0.126229; -0.12606; -0.133068; -0.132886; -0.143002
79; 465319; 394687; -0.137456; -0.137261; -0.143995; -0.143805; -0.153449
79.2; 460140; 397067; -0.148208; -0.148009; -0.154366; -0.154181; -0.163209
79.4; 456150; 398654; -0.158368; -0.158114; -0.164088; -0.163828; -0.172162
79.6; 452998; 399882; -0.167773; -0.167502; -0.172977; -0.172721; -0.180237
79.8; 450556; 401764; -0.17635; -0.176013; -0.181002; -0.180663; -0.187309
80; 448674; 403121; -0.183952; -0.183579; -0.187988; -0.187615; -0.193286
80.2; 448372; 404387; -0.190495; -0.19006; -0.193853; -0.193425; -0.198028
80.4; 449425; 405912; -0.195875; -0.195386; -0.198506; -0.198012; -0.201459
80.6; 450690; 407893; -0.200035; -0.199474; -0.201889; -0.201327; -0.203548
80.8; 452350; 409554; -0.202898; -0.202256; -0.20395; -0.203302; -0.204258
81; 454433; 410977; -0.204422; -0.203709; -0.204667; -0.203947; -0.203632
81.2; 457117; 412693; -0.204597; -0.203801; -0.204046; -0.203244; -0.201681
81.4; 460780; 414079; -0.203416; -0.202551; -0.202092; -0.201216; -0.198436
81.6; 465482; 414967; -0.200912; -0.199966; -0.198823; -0.197868; -0.193886
81.8; 470361; 415671; -0.197104; -0.196091; -0.194265; -0.193241; -0.188075
82; 474540; 416801; -0.192032; -0.190946; -0.188476; -0.187378; -0.181083
82.2; 478625; 417874; -0.185744; -0.184597; -0.181532; -0.180374; -0.173045
82.4; 483417; 417761; -0.178348; -0.177136; -0.173555; -0.172334; -0.164097
82.6; 488927; 416737; -0.16996; -0.168703; -0.164668; -0.163401; -0.154383
82.8; 494797; 415923; -0.16074; -0.159431; -0.155028; -0.153709; -0.144043
83; 500801; 415215; -0.150802; -0.149456; -0.14475; -0.143395; -0.133199
83.2; 507761; 414312; -0.140255; -0.138913; -0.133918; -0.132598; -0.121955
83.4; 515326; 412828; -0.129217; -0.127935; -0.122714; -0.121389; -0.110433
83.6; 522320; 410658; -0.117902; -0.11655; -0.111265; -0.109914; -0.0987873
83.8; 529108; 409027; -0.106349; -0.104999; -0.0997046; -0.0983528; -0.0872149
84; 536529; 407543; -0.0947658; -0.0934257; -0.0882313; -0.0868701; -0.0759019
84.2; 544782; 405879; -0.0833504; -0.0819948; -0.0770046; -0.075656; -0.0650177
84.4; 552097; 403359; -0.0722301; -0.0709171; -0.0661891; -0.0648653; -0.0547017
84.6; 558250; 401665; -0.0616128; -0.0603091; -0.0559495; -0.0546338; -0.0450815
84.8; 563795; 400248; -0.051596; -0.0503202; -0.0463686; -0.0450864; -0.0362346
85; 569228; 399149; -0.0422882; -0.0410467; -0.0375589; -0.0363028; -0.028238
85.2; 573092; 397749; -0.0337828; -0.032608; -0.0295965; -0.0284198; -0.0212064
85.4; 575013; 396377; -0.0262456; -0.0250954; -0.0226704; -0.0215136; -0.0152731
85.6; 575989; 394619; -0.0197294; -0.0186609; -0.0168233; -0.0157411; -0.0105428
85.8; 575538; 392801; -0.0143671; -0.0133443; -0.0121718; -0.011151; -0.00708552
86; 573267; 391609; -0.0102081; -0.0092692; -0.00878295; -0.00783131; -0.00496878
86.2; 570598; 389979; -0.00732387; -0.0064616; -0.00667663; -0.00581486; -0.00418052
86.4; 567186; 388364; -0.00573876; -0.00494412; -0.00587689; -0.0050839; -0.00468682
86.6; 562344; 387260; -0.00546084; -0.00474682; -0.00638016; -0.00565994; -0.00648816
86.8; 556802; 386385; -0.0065091; -0.0058715; -0.00818181; -0.00754907; -0.00955582
87; 550778; 385654; -0.00886291; -0.00829895; -0.011271; -0.0107097; -0.01387
87.2; 543872; 384413; -0.0124987; -0.0120058; -0.0156204; -0.0151282; -0.0194038
87.4; 536598; 383311; -0.0173745; -0.0169521; -0.0211925; -0.020775; -0.0261461
87.6; 530380; 382738; -0.0234408; -0.0230837; -0.0279337; -0.0275822; -0.0340153
87.8; 524626; 381909; -0.0306265; -0.0303362; -0.0357396; -0.0354532; -0.0428603
88; 518758; 381522; -0.0388383; -0.0386035; -0.0444892; -0.0442584; -0.0525088
88.2; 512719; 382064; -0.0479558; -0.0477597; -0.0540497; -0.0538583; -0.0628067
88.4; 506943; 382388; -0.0578249; -0.0576664; -0.0642734; -0.0641214; -0.0736218
88.6; 500754; 383026; -0.0683393; -0.0681489; -0.0750646; -0.0748756; -0.0848298
88.8; 493974; 383944; -0.0793144; -0.0791207; -0.0862374; -0.0860532; -0.0963343
89; 486761; 385421; -0.0906275; -0.090461; -0.0976727; -0.0975185; -0.107981
89.2; 479733; 386425; -0.10217; -0.102003; -0.109259; -0.109089; -0.119618
89.4; 473361; 387344; -0.11377; -0.113627; -0.12079; -0.120654; -0.131067
89.6; 467771; 388407; -0.125289; -0.125123; -0.13214; -0.131976; -0.142115
89.8; 462334; 390473; -0.13653; -0.136348; -0.143111; -0.142925; -0.152631
90; 457173; 392840; -0.14733; -0.147127; -0.153539; -0.153348; -0.162461
90.2; 453531; 394490; -0.157542; -0.157305; -0.163314; -0.163075; -0.171487
90.4; 450623; 395768; -0.167027; -0.166754; -0.172287; -0.17202; -0.179624
90.6; 447752; 397440; -0.175672; -0.175353; -0.18037; -0.180053; -0.186767
90.8; 445708; 399347; -0.183365; -0.182996; -0.187449; -0.18708; -0.192824
91; 445673; 400539; -0.189994; -0.189575; -0.193406; -0.192989; -0.197671
91.2; 446563; 401895; -0.195471; -0.19499; -0.19816; -0.197678; -0.201215
91.4; 447433; 403987; -0.199728; -0.199178; -0.201653; -0.201097; -0.203427
91.6; 448998; 405658; -0.202697; -0.202068; -0.203822; -0.20319; -0.204259
91.8; 451305; 407075; -0.204333; -0.20363; -0.204652; -0.20394; -0.203738
92; 453953; 408654; -0.204623; -0.20384; -0.204141; -0.20335; -0.201891
92.2; 457341; 410128; -0.203557; -0.202702; -0.202295; -0.201431; -0.198742
92.4; 461857; 411186; -0.201161; -0.200226; -0.199134; -0.198187; -0.194299
92.6; 466598; 411969; -0.197456; -0.196453; -0.194676; -0.193662; -0.188584
92.8; 470692; 413000; -0.192484; -0.191407; -0.188984; -0.187895; -0.181685
93; 474752; 414096; -0.186286; -0.185147; -0.182122; -0.180973; -0.173716
93.2; 479513; 414204; -0.17897; -0.177771; -0.174219; -0.173011; -0.164834
93.4; 484925; 413335; -0.170662; -0.169412; -0.165406; -0.164145; -0.15518
93.6; 490473; 412411; -0.161506; -0.16021; -0.155825; -0.154519; -0.144891
93.8; 496564; 411564; -0.151626; -0.150288; -0.145598; -0.144249; -0.134083
94; 503474; 410796; -0.141123; -0.139785; -0.134806; -0.13348; -0.122859
94.2; 510777; 409368; -0.130115; -0.128839; -0.123615; -0.122305; -0.111349
94.4; 517615; 407107; -0.118818; -0.117476; -0.112183; -0.11084; -0.099707
94.6; 524611; 405529; -0.107276; -0.105933; -0.100626; -0.0992805; -0.0881253
94.8; 532290; 404344; -0.0956898; -0.0943496; -0.0891383; -0.0877801; -0.0767847
95; 539892; 402832; -0.0842579; -0.0829035; -0.0778889; -0.0765392; -0.0658569
95.2; 546370; 400262; -0.0731127; -0.0718117; -0.0670405; -0.0657314; -0.0555081
95.4; 553235; 398281; -0.062458; -0.0611501; -0.0567564; -0.0554353; -0.0458171
95.6; 559556; 396941; -0.0523684; -0.0511002; -0.0470911; -0.045824; -0.0368883
95.8; 564210; 396131; -0.0430023; -0.0417649; -0.0382239; -0.0369743; -0.0288239
96; 567995; 394813; -0.0344446; -0.033251; -0.0302112; -0.0290124; -0.0217258
96.2; 570841; 393152; -0.026806; -0.0256648; -0.0231741; -0.0220304; -0.0156937
96.4; 571343; 391660; -0.0202134; -0.0191368; -0.0172508; -0.0161617; -0.0108728
96.6; 570404; 390051; -0.0147512; -0.0137387; -0.0125016; -0.0114857; -0.00732419
96.8; 568878; 388384; -0.0104876; -0.00953778; -0.00899396; -0.00804056; -0.0050748
97; 566526; 386594; -0.00748438; -0.00662204; -0.00677016; -0.00590236; -0.00415696
97.2; 563118; 385376; -0.00579441; -0.005001; -0.00586292; -0.00507128; -0.00455917
97.4; 558556; 384465; -0.00541902; -0.00470644; -0.00627155; -0.00555647; -0.00627418
97.6; 553190; 383284; -0.00636865; -0.00572785; -0.00798399; -0.00734445; -0.00925977
97.8; 547340; 382126; -0.00862062; -0.00805696; -0.0109714; -0.0104111; -0.0134748
98; 540558; 381497; -0.012142; -0.0116533; -0.0152068; -0.0147213; -0.0189027
98.2; 533471; 380555; -0.0169049; -0.0164804; -0.0206669; -0.0202476; -0.0255268
98.4; 527394; 379379; -0.0228709; -0.0225156; -0.0273071; -0.0269567; -0.0332966
98.6; 521412; 378805; -0.0299745; -0.0296843; -0.0350346; -0.0347502; -0.0420708
98.8; 515184; 378672; -0.0381192; -0.0378809; -0.0437272; -0.0434946; -0.0516778
99; 509379; 379095; -0.0471655; -0.0469804; -0.0532283; -0.0530484; -0.0619372
99.2; 503752; 379591; -0.0569814; -0.0568315; -0.0634054; -0.0632623; -0.0727189
99.4; 497492; 380247; -0.0674593; -0.0672571; -0.0741578; -0.0739747; -0.0838997
99.6; 491036; 381070; -0.0783905; -0.078199; -0.0853038; -0.0851126; -0.0953716
99.8; 484339; 382088; -0.0896662; -0.0895129; -0.0967041; -0.0965621; -0.107005
100; 477313; 383454; -0.101207; -0.101033; -0.108288; -0.108124; -0.118648
100.2; 471075; 384148; -0.112795; -0.112662; -0.119831; -0.119695; -0.130121
100.4; 465236; 385612; -0.124337; -0.124178; -0.131208; -0.131056; -0.141229
100.6; 459915; 387432; -0.13561; -0.13544; -0.142223; -0.142053; -0.151805
100.8; 455510; 389322; -0.146458; -0.146263; -0.152715; -0.15252; -0.161706
101; 451805; 391256; -0.156725; -0.156492; -0.162539; -0.162313; -0.170794
101.2; 448386; 393097; -0.166272; -0.166008; -0.171587; -0.171318; -0.179001
101.4; 445351; 394625; -0.174989; -0.17468; -0.179737; -0.179435; -0.186228
101.6; 443882; 395881; -0.18276; -0.182396; -0.186897; -0.186532; -0.192357
101.8; 443525; 397616; -0.189476; -0.189069; -0.192945; -0.192536; -0.197303
102; 443916; 399215; -0.195061; -0.194586; -0.19781; -0.197337; -0.200969
102.2; 444907; 401091; -0.199423; -0.198885; -0.201413; -0.200868; -0.203296
102.4; 446732; 402526; -0.202503; -0.201883; -0.203694; -0.203072; -0.204245
102.6; 448829; 404188; -0.204246; -0.203554; -0.204634; -0.203933; -0.203835
102.8; 451469; 405938; -0.204641; -0.203871; -0.204229; -0.20345; -0.202096
103; 454823; 407196; -0.203682; -0.202833; -0.202486; -0.201629; -0.199043
103.2; 458948; 408260; -0.201388; -0.200469; -0.199423; -0.198492; -0.194694
103.4; 463464; 409358; -0.197799; -0.196804; -0.195076; -0.194069; -0.189077
103.6; 467673; 410251; -0.192931; -0.191866; -0.189481; -0.188405; -0.182268
103.8; 471958; 411426; -0.186837; -0.185708; -0.18272; -0.181581; -0.174392
104; 476593; 411733; -0.179608; -0.17842; -0.174902; -0.173703; -0.16559
104.2; 481419; 410833; -0.171379; -0.170138; -0.166167; -0.164915; -0.156013
104.4; 487040; 409740; -0.162282; -0.160994; -0.156639; -0.155342; -0.145769
104.6; 493629; 409089; -0.152447; -0.151118; -0.146445; -0.145105; -0.134975
104.8; 500254; 408475; -0.141997; -0.14065; -0.135694; -0.134357; -0.123762
105; 506545; 406915; -0.131012; -0.129758; -0.124519; -0.123229; -0.112271
105.2; 513522; 404995; -0.119754; -0.11841; -0.113111; -0.111775; -0.10063
105.4; 520993; 403372; -0.108219; -0.106888; -0.101598; -0.10018; -0.0890348
105.6; 528588; 402215; -0.0966536; -0.0952943; -0.090109; -0.0886823; -0.0776823
105.8; 536205; 400333; -0.0851801; -0.0838541; -0.0788393; -0.0774251; -0.0667414
106; 543567; 398267; -0.0740185; -0.0726834; -0.0679242; -0.0665777; -0.0563254
106.2; 549981; 396443; -0.0632828; -0.0619984; -0.0575524; -0.0562466; -0.0465691
106.4; 555523; 394617; -0.0531629; -0.0518819; -0.0478382; -0.0465732; -0.037566
106.6; 560646; 393399; -0.0437217; -0.0424929; -0.0388958; -0.0376484; -0.0294117
106.8; 564771; 392451; -0.0350948; -0.0339166; -0.0308014; -0.0296158; -0.0222253
107; 566974; 391303; -0.0274051; -0.0262573; -0.0237143; -0.0225661; -0.0161329
107.2; 567954; 389766; -0.0207216; -0.0196581; -0.0177077; -0.016624; -0.0112434
107.4; 567864; 387693; -0.0151758; -0.0141485; -0.0128647; -0.0118433; -0.00758804
107.6; 566205; 386058; -0.0107959; -0.00986179; -0.00924808; -0.00830291; -0.00523905
107.8; 563868; 384561; -0.00769075; -0.0068136; -0.00691655; -0.00603961; -0.00420352
108; 560728; 383285; -0.00586995; -0.00508057; -0.00587935; -0.00509015; -0.00447979
108.2; 556212; 382229; -0.0053818; -0.00466405; -0.00617264; -0.00545026; -0.00606941
108.4; 550691; 380993; -0.00622092; -0.00557575; -0.00776989; -0.00712923; -0.0089398
108.6; 544789; 379912; -0.00837197; -0.00780483; -0.0106584; -0.0100944; -0.0130568
108.8; 538202; 379309; -0.011802; -0.0113057; -0.0148029; -0.0143084; -0.0183879
109; 531223; 378268; -0.0164648; -0.0160375; -0.0201661; -0.0197443; -0.0249236
109.2; 525226; 377200; -0.0223281; -0.021971; -0.026712; -0.0263605; -0.0326175
109.4; 519528; 376569; -0.0293301; -0.0290352; -0.0343491; -0.0340596; -0.0413153
109.6; 513534; 376361; -0.0373808; -0.0371433; -0.0429563; -0.0427245; -0.0508559
109.8; 507856; 376407; -0.0463564; -0.0461683; -0.0523922; -0.0522091; -0.0610587
110; 502157; 377223; -0.0561206; -0.0559673; -0.0625221; -0.0623751; -0.0717979
110.2; 495658; 378024; -0.0665481; -0.0663675; -0.0732277; -0.0730651; -0.0829507
110.4; 489150; 378771; -0.077469; -0.0772659; -0.0843651; -0.0841627; -0.0943958
110.6; 482627; 379829; -0.0887213; -0.0885612; -0.095746; -0.0955992; -0.106026
110.8; 475754; 381132; -0.100233; -0.100071; -0.107314; -0.107159; -0.117676
111; 469288; 381955; -0.111826; -0.111688; -0.118873; -0.118734; -0.129179
111.2; 463727; 382873; -0.123365; -0.123215; -0.130264; -0.130119; -0.140333
111.4; 458624; 384763; -0.134661; -0.134487; -0.141314; -0.141136; -0.150957
111.6; 453694; 387185; -0.145553; -0.145363; -0.151851; -0.151665; -0.160916
111.8; 449799; 388667; -0.155865; -0.155696; -0.161725; -0.161563; -0.170093
112; 446908; 390044; -0.165538; -0.165256; -0.170892; -0.170613; -0.17837
112.2; 444051; 392464; -0.174322; -0.174032; -0.179118; -0.178819; -0.185674
112.4; 441656; 394582; -0.182191; -0.181829; -0.186364; -0.186021; -0.191911
112.6; 441415; 395322; -0.188981; -0.188587; -0.192514; -0.192104; -0.196958
112.8; 442296; 396505; -0.194635; -0.194165; -0.197443; -0.196984; -0.20071
113; 442969; 398485; -0.199075; -0.198543; -0.20114; -0.200599; -0.203146
113.2; 444516; 400481; -0.202263; -0.201657; -0.203536; -0.202923; -0.204221
113.4; 446890; 401596; -0.204139; -0.20345; -0.204598; -0.203906; -0.203922
113.6; 449359; 403186; -0.204663; -0.203904; -0.204318; -0.203543; -0.20229
113.8; 452249; 405197; -0.203834; -0.202992; -0.202694; -0.201845; -0.199346
114; 456618; 406509; -0.20165; -0.200736; -0.199738; -0.198816; -0.195099
114.2; 461373; 407003; -0.198149; -0.197165; -0.195484; -0.194486; -0.189581
114.4; 465196; 407768; -0.193377; -0.192315; -0.189986; -0.188912; -0.182869
114.6; 469089; 408950; -0.187365; -0.18624; -0.183305; -0.18217; -0.175069
114.8; 473795; 409313; -0.180218; -0.179037; -0.175563; -0.174371; -0.166337
115; 479155; 408560; -0.172078; -0.170839; -0.166903; -0.165653; -0.156809
115.2; 484240; 407402; -0.163074; -0.161787; -0.157458; -0.156161; -0.146631
115.4; 489991; 407013; -0.15331; -0.151986; -0.14733; -0.145996; -0.135894
115.6; 497100; 406678; -0.14291; -0.14156; -0.136627; -0.135282; -0.124714
115.8; 504202; 405170; -0.13195; -0.130688; -0.125459; -0.124173; -0.113219
116; 510594; 402976; -0.120698; -0.119364; -0.114058; -0.112729; -0.101578
116.2; 517493; 401330; -0.109168; -0.107829; -0.102544; -0.101115; -0.0899633
116.4; 525127; 400259; -0.0975821; -0.0962279; -0.091023; -0.0896035; -0.0785786
116.6; 532735; 398829; -0.0861056; -0.0847738; -0.0797394; -0.0783219; -0.0675962
116.8; 539662; 396261; -0.0749161; -0.0736024; -0.0688142; -0.0674438; -0.0571496
117; 546316; 394474; -0.0641734; -0.0628639; -0.0583874; -0.0570974; -0.0473538
117.2; 552154; 393351; -0.0539813; -0.0527176; -0.0486598; -0.0473163; -0.0382668
117.4; 557096; 391767; -0.0444795; -0.0432356; -0.0395861; -0.0383602; -0.0300263
117.6; 561087; 390527; -0.0357515; -0.0345836; -0.0314146; -0.0302227; -0.0227506
117.8; 564124; 388754; -0.0279671; -0.0268214; -0.0242192; -0.0230743; -0.0165423
118; 565204; 387675; -0.0211832; -0.0201131; -0.0180973; -0.0170324; -0.0115458
118.2; 564525; 386310; -0.015549; -0.0145142; -0.0131908; -0.0121426; -0.00780959
118.4; 563436; 383948; -0.0110905; -0.0101242; -0.00947154; -0.0085195; -0.00536374
118.6; 561821; 382258; -0.00785149; -0.00698775; -0.00702582; -0.0061398; -0.00420598
118.8; 558726; 381356; -0.00593067; -0.00513109; -0.00586941; -0.00507816; -0.00435952
119; 554362; 380271; -0.005339; -0.00461379; -0.00604732; -0.00533203; -0.0058217
119.2; 549022; 378962; -0.00606734; -0.00543243; -0.00754161; -0.0068957; -0.00857253
119.4; 542711; 378191; -0.00813244; -0.00755296; -0.0103406; -0.00976613; -0.0126047
119.6; 535705; 377510; -0.0114585; -0.0109697; -0.014392; -0.0139172; -0.0178857
119.8; 529287; 376287; -0.0160361; -0.0156011; -0.0196896; -0.019257; -0.024362
120; 523840; 375251; -0.0217953; -0.0214211; -0.0261391; -0.0257678; -0.0319665
120.2; 518198; 374439; -0.0286873; -0.028384; -0.0336665; -0.0333711; -0.0405658
120.4; 512367; 373655; -0.036648; -0.0363964; -0.0421865; -0.0419411; -0.0500176
120.6; 507008; 373975; -0.0455519; -0.0453537; -0.0515527; -0.0513595; -0.0601567
120.8; 501463; 374668; -0.0552531; -0.0550956; -0.0616226; -0.0614713; -0.0708422
121; 495056; 375844; -0.0656244; -0.0654805; -0.0722816; -0.0721492; -0.0819783
121.2; 488261; 376405; -0.0765443; -0.0763269; -0.0834259; -0.0832152; -0.0934329
121.4; 482113; 376991; -0.0877718; -0.0876124; -0.0947983; -0.0946505; -0.10508
121.6; 475533; 378582; -0.0992558; -0.0991058; -0.106351; -0.106205; -0.116739
121.8; 468879; 380196; -0.110841; -0.110699; -0.117902; -0.117764; -0.128236
122; 462765; 380806; -0.122385; -0.122234; -0.129305; -0.129155; -0.139402
122.2; 457710; 382251; -0.133703; -0.133542; -0.140372; -0.140209; -0.150048
122.4; 453217; 384518; -0.144641; -0.144445; -0.150958; -0.150768; -0.16005
122.6; 448950; 387148; -0.155025; -0.154812; -0.160918; -0.160705; -0.169302
122.8; 445260; 388555; -0.164725; -0.164468; -0.170126; -0.169869; -0.177691
123; 442760; 389793; -0.173593; -0.173294; -0.178444; -0.178149; -0.185099
123.2; 441130; 391654; -0.181523; -0.181177; -0.185775; -0.185425; -0.191426
123.4; 440306; 393457; -0.188416; -0.188018; -0.19201; -0.191613; -0.196576
123.6; 440518; 394509; -0.194179; -0.193723; -0.197063; -0.196605; -0.200446
123.8; 441645; 396176; -0.198742; -0.19822; -0.200864; -0.200339; -0.202973
124; 443139; 398226; -0.202047; -0.201445; -0.203374; -0.202767; -0.204147
124.2; 445051; 400094; -0.204032; -0.203356; -0.204551; -0.203867; -0.203971
124.4; 447453; 401523; -0.204671; -0.203916; -0.204385; -0.203623; -0.202463
124.6; 450536; 402974; -0.203946; -0.203121; -0.202878; -0.202042; -0.199648
124.8; 454807; 404230; -0.201873; -0.200966; -0.200038; -0.199121; -0.195526
125; 459413; 405294; -0.198481; -0.197504; -0.195889; -0.1949; -0.190112
125.2; 463515; 406074; -0.193815; -0.192763; -0.190489; -0.189425; -0.18348
125.4; 467333; 407184; -0.187913; -0.186799; -0.183902; -0.182778; -0.175752
125.6; 471692; 407512; -0.18087; -0.179692; -0.176251; -0.175063; -0.167083
125.8; 476743; 407304; -0.172807; -0.171577; -0.167661; -0.16642; -0.157614
126; 481979; 406066; -0.163864; -0.162585; -0.158275; -0.156986; -0.147494
126.2; 487819; 405276; -0.154154; -0.152833; -0.1482; -0.14687; -0.136806
126.4; 494564; 404719; -0.143797; -0.142445; -0.137543; -0.136192; -0.12567
126.6; 501732; 403788; -0.132866; -0.131614; -0.126395; -0.125124; -0.1142
126.8; 508268; 401470; -0.121645; -0.120312; -0.115016; -0.113688; -0.102554
127; 515127; 399586; -0.110131; -0.108803; -0.103473; -0.102117; -0.0909271
127.2; 522511; 398568; -0.0985477; -0.0972139; -0.091939; -0.0906105; -0.0795169
127.4; 529931; 397584; -0.0870701; -0.0857346; -0.0806359; -0.0792991; -0.0684925
127.6; 536525; 395027; -0.0758499; -0.0745398; -0.0696912; -0.0683696; -0.0579991
127.8; 543081; 392690; -0.0650526; -0.0637616; -0.0592367; -0.0579468; -0.048134
128; 549302; 391524; -0.0548152; -0.0535439; -0.0494191; -0.0481416; -0.0390034
128.2; 554749; 390386; -0.0452442; -0.0440166; -0.0403242; -0.0390901; -0.030699
128.4; 558796; 389112; -0.0364663; -0.0352665; -0.0320781; -0.0308764; -0.0233388
128.6; 561481; 387683; -0.0285795; -0.0274462; -0.0247878; -0.0236455; -0.0170369
128.8; 562856; 385885; -0.0217262; -0.0206329; -0.0185839; -0.0174883; -0.0119158
129; 562861; 384246; -0.015961; -0.0149456; -0.0135289; -0.0125063; -0.00804323
129.2; 561226; 382895; -0.011401; -0.0104456; -0.0097167; -0.00875798; -0.00548037
129.4; 558810; 381302; -0.00808812; -0.00721094; -0.00717624; -0.00630004; -0.00423781
129.6; 555968; 379779; -0.00607161; -0.00526914; -0.0059438; -0.00513797; -0.00430944
129.8; 552106; 378539; -0.0053709; -0.00464196; -0.00601969; -0.00529207; -0.00568297
130; 546967; 377624; -0.00598052; -0.00533364; -0.00739495; -0.00675196; -0.00834267
130.2; 541255; 376920; -0.00790401; -0.007327; -0.0100666; -0.009492; -0.0122563
130.4; 535079; 375824; -0.0111067; -0.0106055; -0.013992; -0.0134959; -0.0173917
130.6; 528324; 374384; -0.0155659; -0.0151301; -0.019158; -0.0187281; -0.023736
130.8; 522092; 373914; -0.0212322; -0.0208716; -0.0255159; -0.0251601; -0.031256
131; 516342; 373372; -0.0280577; -0.0277556; -0.0329835; -0.0326869; -0.0397937
131.2; 510797; 372210; -0.0359522; -0.0356997; -0.0414411; -0.0411943; -0.0491927
131.4; 505526; 372522; -0.0447848; -0.0445826; -0.0507447; -0.0505487; -0.0592802
131.6; 499901; 373180; -0.0544165; -0.0542543; -0.0607606; -0.0606044; -0.0699393
131.8; 493834; 374096; -0.0647155; -0.0645784; -0.0713607; -0.0712333; -0.0810388
132; 487668; 374616; -0.0755871; -0.0753665; -0.0824599; -0.0822482; -0.092455
132.2; 481399; 375555; -0.0867771; -0.0866265; -0.0938021; -0.0936593; -0.104082
132.4; 474408; 377070; -0.0982606; -0.0981159; -0.105357; -0.105217; -0.115751
132.6; 467726; 378207; -0.10987; -0.109714; -0.116937; -0.116787; -0.12728
132.8; 461916; 379321; -0.121424; -0.121287; -0.128358; -0.128219; -0.138481
133; 456999; 381032; -0.132774; -0.132615; -0.139462; -0.139307; -0.149178
133.2; 452416; 383071; -0.14375; -0.143552; -0.150102; -0.149906; -0.159247
133.4; 448002; 385103; -0.15416; -0.153972; -0.16009; -0.159912; -0.168562
133.6; 444572; 386440; -0.163927; -0.163665; -0.169381; -0.169116; -0.177025
133.8; 442104; 388154; -0.172859; -0.172574; -0.177765; -0.177488; -0.184525
134; 440305; 390271; -0.180884; -0.180541; -0.185198; -0.184849; -0.190947
134.2; 439050; 391800; -0.187883; -0.187493; -0.191537; -0.191149; -0.196207
134.4; 439416; 392711; -0.193753; -0.193304; -0.196695; -0.196245; -0.200174
134.6; 440557; 394663; -0.198417; -0.197902; -0.200598; -0.200081; -0.202808
134.8; 441817; 396920; -0.201823; -0.201229; -0.203212; -0.202617; -0.204094
135; 443658; 398565; -0.203909; -0.203246; -0.204498; -0.203823; -0.204031
135.2; 446284; 399676; -0.204657; -0.203907; -0.20444; -0.203686; -0.202636
135.4; 449229; 401189; -0.20404; -0.203217; -0.203042; -0.202208; -0.199927
135.6; 452889; 402569; -0.202079; -0.201185; -0.200312; -0.199406; -0.195913
135.8; 457705; 403444; -0.198811; -0.197838; -0.196282; -0.1953; -0.190611
136; 462136; 404528; -0.194258; -0.193213; -0.190991; -0.189936; -0.184083
136.2; 465828; 405626; -0.188468; -0.187361; -0.184515; -0.183395; -0.176458
136.4; 469839; 406298; -0.181518; -0.180347; -0.176948; -0.175767; -0.167859
136.6; 474768; 405584; -0.173522; -0.1723; -0.168419; -0.167185; -0.158444
136.8; 480485; 404736; -0.164634; -0.163358; -0.159076; -0.157789; -0.148342
137; 485800; 403839; -0.154975; -0.153662; -0.149046; -0.147723; -0.137695
137.2; 492130; 403286; -0.144678; -0.143328; -0.138447; -0.137095; -0.126604
137.4; 499278; 402095; -0.133792; -0.13254; -0.127337; -0.12607; -0.115174
137.6; 506227; 400454; -0.122605; -0.121282; -0.115986; -0.114667; -0.103543
137.8; 512959; 398594; -0.111121; -0.109798; -0.10448; -0.103096; -0.091918
138; 520519; 397214; -0.0995373; -0.0981941; -0.092957; -0.0915358; -0.0804617
138.2; 528407; 396013; -0.0880209; -0.0866934; -0.0816029; -0.080192; -0.069376
138.4; 535197; 393840; -0.0767652; -0.0754491; -0.0706072; -0.0692102; -0.0588159
138.6; 541544; 391573; -0.0659282; -0.0646269; -0.0601142; -0.0587423; -0.0489115
138.8; 547971; 390144; -0.0556303; -0.0543704; -0.0502318; -0.0488993; -0.039725
139; 553504; 388933; -0.0460198; -0.0447884; -0.0410435; -0.0398398; -0.0313731
139.2; 557384; 387712; -0.037173; -0.0359968; -0.0327513; -0.0315513; -0.0239395
139.4; 560301; 386633; -0.0292334; -0.0280898; -0.0253863; -0.0242381; -0.017548
139.6; 561873; 385013; -0.0222804; -0.0211932; -0.0190679; -0.0179899; -0.0123013
139.8; 561674; 383434; -0.016424; -0.0154021; -0.0139293; -0.0128852; -0.0083188
140; 560317; 381799; -0.0117474; -0.0107894; -0.00998649; -0.00903807; -0.0056427
140.2; 558153; 380073; -0.00831717; -0.00743267; -0.00734283; -0.00645181; -0.00428993
140.4; 555088; 378583; -0.00617873; -0.00538059; -0.00599263; -0.00519118; -0.00426466
140.6; 551295; 377410; -0.00536762; -0.00463361; -0.00596187; -0.00523443; -0.005543
140.8; 546607; 376347; -0.0058696; -0.00521761; -0.00723539; -0.00658215; -0.00809579
141; 540861; 375554; -0.00768648; -0.00711042; -0.00979254; -0.00921718; -0.0118895
141.2; 534435; 374721; -0.0107915; -0.0102827; -0.0136104; -0.0131101; -0.0169025
141.4; 527792; 373736; -0.015141; -0.0147049; -0.0186623; -0.0182317; -0.0231228
141.6; 521505; 372741; -0.0207014; -0.0203309; -0.0249127; -0.0245462; -0.0305262
141.8; 515681; 371773; -0.0274235; -0.0271189; -0.0322873; -0.0319888; -0.0389971
142; 509902; 371204; -0.0352264; -0.0349744; -0.0406764; -0.0404304; -0.0483626
142.2; 504629; 371194; -0.0439852; -0.0437794; -0.0499267; -0.0497265; -0.0584321
142.4; 499758; 371642; -0.0535566; -0.053398; -0.0598895; -0.059737; -0.0690502
142.6; 493795; 372754; -0.0638076; -0.0636725; -0.0704403; -0.0703151; -0.0801026
142.8; 487258; 373659; -0.0746512; -0.0744237; -0.081506; -0.0812887; -0.0914684
143; 480761; 374211; -0.0858155; -0.0856582; -0.0928201; -0.092673; -0.103068
143.2; 474187; 375661; -0.0972734; -0.0971393; -0.104355; -0.104225; -0.114727
143.4; 467311; 377013; -0.108881; -0.10872; -0.115947; -0.115792; -0.126284
143.6; 461333; 378087; -0.120433; -0.120298; -0.127385; -0.12725; -0.137541
143.8; 456602; 379349; -0.13181; -0.131649; -0.138537; -0.138377; -0.148315
144; 452113; 381294; -0.142817; -0.142628; -0.149218; -0.149031; -0.158447
144.2; 447820; 383754; -0.153288; -0.153089; -0.159276; -0.159077; -0.167824
144.4; 444148; 385295; -0.163115; -0.162858; -0.168614; -0.168358; -0.17634
144.6; 441527; 386621; -0.172127; -0.171848; -0.177076; -0.1768; -0.183899
144.8; 439657; 388554; -0.180244; -0.179899; -0.184597; -0.18425; -0.190415
145; 438399; 390606; -0.187321; -0.18694; -0.191026; -0.190644; -0.195781
145.2; 438574; 391659; -0.193285; -0.192842; -0.196292; -0.195848; -0.199879
145.4; 439640; 393152; -0.19806; -0.197549; -0.20032; -0.199806; -0.202663
145.6; 441376; 395063; -0.201575; -0.200991; -0.20305; -0.202461; -0.204073
145.8; 443014; 396927; -0.203777; -0.203122; -0.204446; -0.203782; -0.204117
146; 445162; 398598; -0.204645; -0.203907; -0.204503; -0.203758; -0.202823
146.2; 448168; 399934; -0.204151; -0.203336; -0.203217; -0.202391; -0.200208
146.4; 451795; 401312; -0.202305; -0.201417; -0.200594; -0.199696; -0.196292
146.6; 456269; 402353; -0.199144; -0.198177; -0.196671; -0.195694; -0.191092
146.8; 460617; 403137; -0.194688; -0.193657; -0.191478; -0.190435; -0.184666
147; 464693; 404378; -0.188995; -0.187892; -0.185097; -0.183983; -0.177132
147.2; 468860; 405084; -0.182138; -0.180977; -0.177622; -0.17645; -0.168627
147.4; 473388; 404423; -0.174241; -0.173024; -0.169188; -0.167961; -0.159297
147.6; 478539; 403363; -0.16543; -0.164165; -0.159918; -0.158642; -0.149263
147.8; 484517; 402918; -0.155833; -0.154524; -0.149933; -0.148615; -0.138632
148; 490993; 402588; -0.145577; -0.144229; -0.139361; -0.138006; -0.127532
148.2; 497753; 401141; -0.134728; -0.133472; -0.128271; -0.127006; -0.11611
148.4; 504266; 399131; -0.123556; -0.122237; -0.116943; -0.115618; -0.104495
148.6; 511089; 397648; -0.112091; -0.110767; -0.105435; -0.104077; -0.0928864
148.8; 518354; 396545; -0.10051; -0.0991791; -0.0939318; -0.0925126; -0.0814297
149; 526184; 395161; -0.0889909; -0.0876629; -0.0825624; -0.0811531; -0.0703188
149.2; 533427; 392640; -0.0777209; -0.0763962; -0.071536; -0.0701406; -0.0597104
149.4; 540130; 390580; -0.0668311; -0.065546; -0.0609886; -0.0596183; -0.0497259
149.6; 546424; 389371; -0.0564901; -0.055205; -0.0510081; -0.049729; -0.0404578
149.8; 551462; 388447; -0.0467803; -0.0455769; -0.0417835; -0.0405519; -0.0320174
150; 555407; 386934; -0.0379011; -0.0366894; -0.0334129; -0.0322093; -0.0245179
150.2; 558770; 385204; -0.0298494; -0.0287247; -0.0259556; -0.0248172; -0.0180369
150.4; 560391; 384118; -0.0228189; -0.0217233; -0.0195637; -0.0184586; -0.0127002
150.6; 560330; 382923; -0.016873; -0.0158423; -0.0143049; -0.0132829; -0.00861197
150.8; 559489; 380975; -0.0120925; -0.0111377; -0.0102757; -0.00930411; -0.00580486
151; 557076; 379236; -0.00856004; -0.00767342; -0.00750357; -0.00662441; -0.00433099
151.2; 553713; 377858; -0.00631643; -0.00550522; -0.00605527; -0.00524043; -0.00419767
151.4; 550102; 376743; -0.00538038; -0.00464359; -0.00590614; -0.00516858; -0.00536647
151.6; 545488; 375628; -0.00576106; -0.00510422; -0.00705888; -0.00640819; -0.00781615
151.8; 539959; 374517; -0.00746691; -0.0068812; -0.00951467; -0.00893073; -0.0115159
152; 533933; 373507; -0.0104624; -0.00994933; -0.0132276; -0.0127194; -0.0164262
152.2; 527445; 372688; -0.0147125; -0.0142654; -0.0181797; -0.0177384; -0.0225496
152.4; 521045; 371645; -0.0201793; -0.0198024; -0.0243392; -0.0239682; -0.0298687
152.6; 514929; 370692; -0.0268136; -0.0265032; -0.0316315; -0.0313264; -0.0382628
152.8; 509347; 370303; -0.0345317; -0.0342727; -0.0399381; -0.0396849; -0.0475511
153; 504135; 370097; -0.0432086; -0.0429988; -0.0491091; -0.0489056; -0.0575461
153.2; 499094; 370886; -0.0527074; -0.0525447; -0.0590048; -0.0588485; -0.068108
153.4; 493285; 371539; -0.0628949; -0.0627609; -0.0695; -0.0693735; -0.0791179
153.6; 486769; 372600; -0.073695; -0.0734732; -0.0805297; -0.0803205; -0.090467
153.8; 480143; 373327; -0.0848388; -0.0846797; -0.0918381; -0.0916882; -0.102075
154; 473427; 374519; -0.0962875; -0.096149; -0.103374; -0.103238; -0.113751
154.2; 466859; 375829; -0.107895; -0.107736; -0.114972; -0.114824; -0.125332
154.4; 461367; 376711; -0.119456; -0.119322; -0.126429; -0.126291; -0.136619
154.6; 456396; 377896; -0.130853; -0.130693; -0.137605; -0.137448; -0.147426
154.8; 451764; 380308; -0.141888; -0.141711; -0.148323; -0.148147; -0.15761
155; 447566; 382433; -0.152417; -0.152214; -0.158444; -0.15824; -0.167057
155.2; 443886; 384144; -0.162296; -0.162051; -0.167837; -0.167595; -0.175636
155.4; 441009; 385597; -0.171383; -0.171102; -0.176386; -0.176101; -0.18329
155.6; 439062; 387364; -0.179578; -0.179247; -0.183986; -0.183657; -0.189905
155.8; 438098; 389197; -0.186757; -0.186383; -0.190523; -0.190147; -0.195376
156; 437948; 390656; -0.192835; -0.192391; -0.195907; -0.195462; -0.199601
156.2; 439080; 392081; -0.1977; -0.19721; -0.200028; -0.199538; -0.20249
156.4; 440729; 393956; -0.201329; -0.200751; -0.202875; -0.202289; -0.204014
156.6; 442395; 395808; -0.203642; -0.202993; -0.204377; -0.203725; -0.204166
156.8; 444442; 397432; -0.204616; -0.203891; -0.204541; -0.203806; -0.202971
157; 447049; 398843; -0.204239; -0.20343; -0.203367; -0.202548; -0.200464
157.2; 450874; 400222; -0.202508; -0.201631; -0.20086; -0.199972; -0.196663
157.4; 455497; 401357; -0.199462; -0.198504; -0.197052; -0.196083; -0.191577
157.6; 459812; 402241; -0.195119; -0.194094; -0.19197; -0.190935; -0.185263
157.8; 463706; 403327; -0.189535; -0.188439; -0.185695; -0.184587; -0.177825
158; 467571; 403868; -0.182771; -0.181617; -0.178308; -0.177142; -0.169402
158.2; 472134; 403709; -0.17495; -0.173739; -0.169941; -0.16872; -0.160124
158.4; 477474; 402774; -0.166209; -0.164947; -0.160732; -0.159458; -0.150132
158.6; 483296; 402074; -0.156676; -0.155371; -0.150803; -0.149488; -0.139548
158.8; 489817; 401437; -0.146476; -0.145135; -0.140283; -0.138931; -0.12849
159; 496312; 400542; -0.135689; -0.134413; -0.129245; -0.127973; -0.117108
159.2; 502735; 398754; -0.124531; -0.12323; -0.117933; -0.116618; -0.105508
159.4; 509719; 397160; -0.113114; -0.111729; -0.106442; -0.105055; -0.0938695
159.6; 516645; 396294; -0.101538; -0.100131; -0.0949084; -0.0934843; -0.0823785
159.8; 523900; 394953; -0.0899988; -0.0886125; -0.0835056; -0.0821172; -0.0712227
160; 531184; 392436; -0.0787056; -0.0773071; -0.0724584; -0.0710498; -0.0605712
160.2; 538412; 390358; -0.0677666; -0.0664062; -0.0618475; -0.0604802; -0.0505203
160.4; 544353; 389332; -0.0573769; -0.0560399; -0.051863; -0.0505186; -0.0412095
160.6; 549366; 387929; -0.0475997; -0.0463742; -0.0425467; -0.0413257; -0.0327219
160.8; 554163; 386187; -0.038633; -0.0374172; -0.0341047; -0.0328812; -0.0251204
161; 557296; 384923; -0.0305078; -0.0293677; -0.0265559; -0.0254018; -0.0185327
161.2; 558752; 383806; -0.0233684; -0.0222727; -0.0200426; -0.0189543; -0.0130831
161.4; 559401; 382103; -0.0173079; -0.0162765; -0.0146855; -0.0136416; -0.00887475
161.6; 558546; 380163; -0.0124158; -0.0114507; -0.0105274; -0.0095654; -0.00596232
161.8; 556061; 378673; -0.00877912; -0.00788241; -0.00767083; -0.00677142; -0.0044
162; 553145; 377434; -0.00643388; -0.00562441; -0.0061146; -0.00530462; -0.00416921
162.2; 549742; 376031; -0.00541093; -0.00466883; -0.0058735; -0.00513279; -0.00523114
162.4; 545083; 375095; -0.00569663; -0.00503163; -0.00692542; -0.00626384; -0.00756476
162.6; 539712; 374152; -0.00728965; -0.00670194; -0.00926336; -0.00867853; -0.0111406
162.8; 533848; 373407; -0.0101631; -0.00964752; -0.0128596; -0.0123492; -0.0159454
163; 526952; 372274; -0.0142876; -0.0138367; -0.0176957; -0.0172512; -0.0219669
163.2; 520269; 370817; -0.0196396; -0.019263; -0.0237473; -0.023376; -0.0291927
163.4; 514642; 370003; -0.0261801; -0.0258643; -0.0309508; -0.0306419; -0.0375057
163.6; 509364; 369707; -0.0338127; -0.0335585; -0.0391762; -0.0389289; -0.046725
163.8; 504074; 369686; -0.0424289; -0.0422271; -0.0482896; -0.0480928; -0.0566659
164; 498655; 370253; -0.0518869; -0.0517241; -0.0581462; -0.0579898; -0.0671877
164.2; 493014; 371000; -0.0620245; -0.0618999; -0.0686; -0.0684834; -0.0781725
164.4; 486930; 371675; -0.0727733; -0.0725477; -0.0795904; -0.0793763; -0.0894958
164.6; 480550; 372524; -0.0838645; -0.083703; -0.0908551; -0.090703; -0.101076
164.8; 473388; 373776; -0.0952728; -0.0951396; -0.102361; -0.102233; -0.112749
165; 466883; 374856; -0.106874; -0.106708; -0.113964; -0.113807; -0.12434
165.2; 461314; 375996; -0.118445; -0.118316; -0.125437; -0.125306; -0.135661
165.4; 456313; 377648; -0.129884; -0.129728; -0.136657; -0.136504; -0.146514
165.6; 451278; 379441; -0.140986; -0.140801; -0.147442; -0.147258; -0.156762
165.8; 446815; 381810; -0.151561; -0.151379; -0.157611; -0.157436; -0.166276
166; 443619; 383513; -0.161506; -0.161253; -0.167084; -0.166832; -0.174936
166.2; 440809; 385230; -0.170645; -0.170369; -0.17569; -0.175415; -0.18267
166.4; 438320; 386699; -0.178899; -0.178576; -0.183365; -0.183042; -0.189379
166.6; 437086; 388321; -0.186167; -0.18579; -0.189997; -0.189621; -0.194958
166.8; 437451; 389582; -0.192337; -0.191905; -0.195477; -0.195039; -0.199283
167; 438149; 391463; -0.19733; -0.196838; -0.199722; -0.199231; -0.202291
167.2; 439568; 393467; -0.201078; -0.200508; -0.202691; -0.202113; -0.203943
167.4; 441704; 395036; -0.203504; -0.20286; -0.204304; -0.203654; -0.204197
167.6; 443740; 396610; -0.204587; -0.203864; -0.204577; -0.203845; -0.203115
167.8; 446024; 398302; -0.204316; -0.203516; -0.203513; -0.202702; -0.200724
168; 449571; 399535; -0.202696; -0.201822; -0.201118; -0.200234; -0.197036
168.2; 454182; 400482; -0.199759; -0.198809; -0.197422; -0.196461; -0.192071
168.4; 458568; 401487; -0.195533; -0.194513; -0.192454; -0.191422; -0.18586
168.6; 462539; 402553; -0.190054; -0.188967; -0.186273; -0.185174; -0.178503
168.8; 466708; 403542; -0.183393; -0.182241; -0.178975; -0.177814; -0.170143
169; 471218; 403110; -0.175658; -0.174451; -0.170685; -0.169468; -0.160925
169.2; 476137; 402149; -0.166986; -0.165732; -0.161538; -0.160273; -0.150988
169.4; 481803; 401504; -0.157509; -0.156208; -0.151664; -0.150353; -0.140454
169.6; 488229; 401061; -0.147356; -0.146017; -0.14119; -0.13984; -0.129441
169.8; 494835; 400032; -0.136616; -0.135328; -0.130193; -0.128911; -0.118086
170; 501848; 397919; -0.125478; -0.124189; -0.118898; -0.117587; -0.1065
170.2; 508767; 396209; -0.114057; -0.112735; -0.107393; -0.106055; -0.0948518
170.4; 515512; 395384; -0.102488; -0.101161; -0.0958419; -0.0945222; -0.0833618
170.6; 522902; 393847; -0.0909441; -0.0896233; -0.0844452; -0.0831104; -0.072181
170.8; 530384; 391821; -0.0796289; -0.0782668; -0.0733619; -0.0719945; -0.0614684
171; 536733; 390285; -0.0686843; -0.0673059; -0.0627339; -0.0613527; -0.0513519
171.2; 542497; 388469; -0.0581986; -0.0569401; -0.0526458; -0.051381; -0.0419733
171.4; 548042; 386821; -0.0484015; -0.0471747; -0.0433051; -0.0420713; -0.0333928
171.6; 553218; 385522; -0.0393568; -0.038141; -0.0347707; -0.0335508; -0.0256954
171.8; 555987; 385065; -0.0311416; -0.0300028; -0.0271329; -0.0259847; -0.0190241
172; 557386; 383268; -0.0239222; -0.0228266; -0.0205462; -0.0194462; -0.0134898
172.2; 558108; 381156; -0.0177788; -0.0167378; -0.0150859; -0.0140488; -0.00917818
172.4; 557136; 379537; -0.0127995; -0.0118272; -0.010853; -0.00986799; -0.00616693
172.6; 555366; 378213; -0.00904378; -0.00815357; -0.00786333; -0.00697682; -0.00448497
172.8; 552877; 376924; -0.00658696; -0.00575797; -0.00619396; -0.00536388; -0.00411538
173; 548808; 375402; -0.00542835; -0.00468974; -0.00581864; -0.00507667; -0.00505469
173.2; 544252; 374445; -0.00560333; -0.00492978; -0.00675961; -0.00609363; -0.00727781
173.4; 538999; 373653; -0.00708262; -0.00649018; -0.0089946; -0.00840369; -0.0107718
173.6; 533058; 372508; -0.00986827; -0.00934155; -0.0125101; -0.0119863; -0.0154992
173.8; 526384; 371260; -0.0139023; -0.0134506; -0.0172569; -0.0168122; -0.0214425
174; 520074; 370614; -0.0191552; -0.0187698; -0.0232076; -0.0228295; -0.0285601
174.2; 514696; 369635; -0.0255858; -0.025265; -0.0303021; -0.0299852; -0.0367618
174.4; 509289; 368705; -0.0331236; -0.0328607; -0.0384365; -0.0381792; -0.0458954
174.6; 503654; 368354; -0.0416504; -0.0414368; -0.0474708; -0.0472639; -0.0557754
174.8; 498420; 369530; -0.0510314; -0.0508603; -0.0572653; -0.0570992; -0.0662582
175; 492797; 370306; -0.0611121; -0.0609878; -0.0676696; -0.0675527; -0.0772141
175.2; 486699; 370728; -0.0718264; -0.0716125; -0.078632; -0.0784252; -0.0885175
175.4; 480187; 371195; -0.0828929; -0.0827369; -0.0898786; -0.0897286; -0.100095
175.6; 473674; 372689; -0.0942802; -0.0941507; -0.101365; -0.101244; -0.111751
175.8; 467278; 374173; -0.105877; -0.105713; -0.112973; -0.112813; -0.123353
176; 461377; 375140; -0.117469; -0.117337; -0.124471; -0.124338; -0.134711
176.2; 456347; 375940; -0.128922; -0.12879; -0.13571; -0.135593; -0.14562
176.4; 451748; 377853; -0.14006; -0.139887; -0.146553; -0.14638; -0.155936
176.6; 447634; 380428; -0.150689; -0.150507; -0.156795; -0.156605; -0.165537
176.8; 443606; 382857; -0.160693; -0.160446; -0.166323; -0.16609; -0.174284
177; 440532; 384048; -0.169901; -0.169632; -0.175015; -0.174736; -0.182092
177.2; 439140; 384829; -0.178222; -0.177906; -0.182742; -0.182428; -0.188852
177.4; 437633; 387152; -0.185574; -0.185186; -0.189453; -0.189067; -0.194486
177.6; 436364; 389399; -0.191833; -0.191428; -0.195027; -0.194615; -0.198932
177.8; 436761; 390544; -0.196968; -0.1965; -0.199415; -0.19895; -0.202086
178; 438649; 392179; -0.200881; -0.200304; -0.20255; -0.201964; -0.203886
178.2; 440264; 394270; -0.203446; -0.202814; -0.204312; -0.203668; -0.204312
178.4; 442588; 396356; -0.204651; -0.203928; -0.20471; -0.203983; -0.203364
178.6; 446067; 397396; -0.204445; -0.20366; -0.20371; -0.202914; -0.201039
178.8; 449557; 398372; -0.202883; -0.202005; -0.201367; -0.200474; -0.197377
179; 453113; 399873; -0.199997; -0.199059; -0.197719; -0.196769; -0.19247
179.2; 456824; 400652; -0.19587; -0.194848; -0.192851; -0.191821; -0.186355
179.4; 460690; 400999; -0.190518; -0.18944; -0.186798; -0.185708; -0.179134
179.6; 465264; 402229; -0.184009; -0.182861; -0.179647; -0.178489; -0.170906
179.8; 470183; 402598; -0.176409; -0.1752; -0.171484; -0.170265; -0.161803
180; 474968; 402073; -0.167819; -0.16657; -0.162415; -0.161155; -0.151935
180.2; 480681; 401072; -0.158388; -0.15709; -0.152576; -0.151269; -0.141419
180.4; 487152; 400392; -0.148247; -0.146908; -0.142099; -0.14075; -0.130379
180.6; 493490; 399629; -0.137515; -0.136216; -0.131101; -0.129808; -0.119
180.8; 499706; 397302; -0.126379; -0.125104; -0.119811; -0.118496; -0.107413
181; 506168; 395800; -0.115013; -0.113683; -0.108388; -0.106965; -0.0957982
181.2; 513335; 394897; -0.103477; -0.102152; -0.0968654; -0.0954636; -0.0843251
181.4; 521077; 393669; -0.0919752; -0.0906231; -0.0854755; -0.0840757; -0.0731446
181.6; 528725; 391766; -0.0806456; -0.0792519; -0.074352; -0.0729509; -0.062386
181.8; 535685; 389899; -0.0696264; -0.0682589; -0.0636412; -0.0622712; -0.0522049
182; 541501; 387785; -0.059103; -0.0577589; -0.0535069; -0.0521601; -0.042722
182.2; 546825; 386455; -0.0491582; -0.0479365; -0.0440163; -0.0427971; -0.0340413
182.4; 551517; 385426; -0.0400376; -0.0388228; -0.0354116; -0.034189; -0.0262684
182.6; 554706; 383834; -0.0317633; -0.0306186; -0.0277054; -0.0265546; -0.0195213
182.8; 556148; 382439; -0.0244881; -0.0233886; -0.0210571; -0.0199624; -0.0139216
183; 557091; 380826; -0.0182775; -0.0172457; -0.0155398; -0.0144904; -0.0095335
183.2; 556719; 379385; -0.0132148; -0.0122348; -0.0111938; -0.0102239; -0.00641286
183.4; 554825; 378166; -0.00934838; -0.00844409; -0.00810404; -0.00719155; -0.00459741
183.6; 552391; 376343; -0.00674567; -0.0059276; -0.00628133; -0.00546489; -0.00409535
183.8; 548750; 374764; -0.00546517; -0.00470854; -0.00578793; -0.00503532; -0.00491546
184; 543962; 373771; -0.00550575; -0.00483159; -0.00661007; -0.00593509; -0.00703713
184.2; 538657; 372996; -0.00688323; -0.00628499; -0.00873942; -0.00814739; -0.0104278
184.4; 532893; 372304; -0.00956471; -0.00904136; -0.0121476; -0.0116312; -0.0150486
184.6; 526244; 371281; -0.0135101; -0.0130523; -0.0168006; -0.0163472; -0.0208753
184.8; 519670; 370200; -0.018671; -0.0182847; -0.0226535; -0.0222733; -0.0278889
185; 514202; 369431; -0.0250082; -0.0246849; -0.0296566; -0.0293417; -0.0360076
185.2; 508779; 368563; -0.0324373; -0.0321761; -0.0376949; -0.0374403; -0.0450673
185.4; 503344; 368112; -0.0408704; -0.040658; -0.0466511; -0.0464443; -0.0548932
185.6; 498047; 368565; -0.0501788; -0.0500028; -0.0563852; -0.0562153; -0.0653353
185.8; 492697; 369331; -0.0602095; -0.0600771; -0.066752; -0.0666264; -0.0762666
186; 486644; 370443; -0.0708781; -0.0706804; -0.0776702; -0.0774868; -0.0875572
186.2; 480437; 371047; -0.0819479; -0.0817732; -0.0889211; -0.0887529; -0.0991015
186.4; 473678; 372352; -0.093328; -0.0931956; -0.100401; -0.100275; -0.110763
186.6; 466951; 373848; -0.104917; -0.10476; -0.111999; -0.111855; -0.122371
186.8; 461333; 374445; -0.116494; -0.116363; -0.123502; -0.123363; -0.133742
187; 456058; 376125; -0.127944; -0.127792; -0.134756; -0.134611; -0.144683
187.2; 451250; 378129; -0.139084; -0.13891; -0.145611; -0.145435; -0.155049
187.4; 446611; 380075; -0.149758; -0.149567; -0.155902; -0.155709; -0.164708
187.6; 443023; 381827; -0.159822; -0.159589; -0.165498; -0.165271; -0.173526
187.8; 440426; 383534; -0.169131; -0.168865; -0.174281; -0.174011; -0.181428
188; 438187; 385354; -0.17757; -0.177254; -0.182133; -0.181819; -0.18831
188.2; 436386; 387146; -0.185021; -0.184654; -0.188954; -0.188588; -0.194083
188.4; 436136; 388447; -0.191378; -0.190962; -0.194632; -0.194211; -0.198631
188.6; 437302; 389931; -0.19656; -0.196076; -0.19908; -0.198596; -0.201856
188.8; 438479; 392076; -0.200502; -0.199951; -0.202252; -0.201693; -0.203737
189; 440220; 393560; -0.203157; -0.202524; -0.204104; -0.203465; -0.204243
189.2; 442238; 395146; -0.204477; -0.203771; -0.204612; -0.203899; -0.203395
189.4; 444692; 396840; -0.204454; -0.203669; -0.203788; -0.202991; -0.201229
189.6; 448020; 398255; -0.203078; -0.202216; -0.201628; -0.200758; -0.197761
189.8; 452365; 399392; -0.200369; -0.199435; -0.198154; -0.197209; -0.193008
190; 456873; 400298; -0.196358; -0.195352; -0.193398; -0.19238; -0.187004
190.2; 460914; 401640; -0.191082; -0.190003; -0.187414; -0.186324; -0.179834
190.4; 464826; 402331; -0.184603; -0.183467; -0.180292; -0.179143; -0.171637
190.6; 469214; 402118; -0.17704; -0.17584; -0.17216; -0.17095; -0.162554
190.8; 474036; 401346; -0.168514; -0.167272; -0.163148; -0.161893; -0.152735
191; 479846; 400743; -0.159179; -0.157883; -0.153399; -0.152092; -0.142295
191.2; 485799; 399972; -0.149138; -0.147808; -0.14302; -0.14168; -0.131352
191.4; 492425; 399263; -0.138497; -0.137197; -0.132104; -0.130811; -0.120038
191.6; 499106; 397769; -0.127404; -0.126137; -0.120852; -0.119536; -0.108472
191.8; 505985; 396000; -0.116034; -0.114709; -0.10941; -0.10799; -0.0968202
192; 513107; 394510; -0.104463; -0.103141; -0.0978451; -0.0964399; -0.0852894
192.2; 520524; 393057; -0.0929105; -0.0915635; -0.0864; -0.0849966; -0.0740408
192.4; 527963; 391239; -0.081561; -0.080155; -0.0752439; -0.0738364; -0.0632471
192.6; 534915; 389225; -0.0705164; -0.069149; -0.0645079; -0.0631409; -0.0530388
192.8; 541535; 387649; -0.0599765; -0.0586341; -0.0543527; -0.053008; -0.0435212
193; 546904; 386480; -0.050026; -0.0487852; -0.0448709; -0.04358; -0.034796
193.2; 551246; 385125; -0.0408526; -0.0396435; -0.0361629; -0.034984; -0.0269683
193.4; 554994; 383572; -0.0324863; -0.0313562; -0.0283858; -0.0272306; -0.0201123
193.6; 557215; 382425; -0.0251007; -0.0239923; -0.0216137; -0.0204966; -0.0143664
193.8; 557402; 381072; -0.0187639; -0.0177157; -0.0159465; -0.0149132; -0.00984789
194; 556810; 379166; -0.0135731; -0.0125984; -0.0115021; -0.0105092; -0.00660518
194.2; 555233; 377541; -0.00961279; -0.00870096; -0.00829305; -0.00739046; -0.00468476
194.4; 552561; 376037; -0.00692407; -0.0060928; -0.00639458; -0.00556197; -0.00409414
194.6; 549061; 374888; -0.00554404; -0.00478931; -0.00580207; -0.00504441; -0.00481322
194.8; 544524; 373848; -0.00548481; -0.00479947; -0.00651378; -0.00583657; -0.00682354
195; 539243; 372669; -0.00673662; -0.00612914; -0.00852478; -0.00791862; -0.0100931
195.2; 533503; 371655; -0.00928586; -0.00875159; -0.0118026; -0.0112713; -0.0145839
195.4; 526854; 370861; -0.0131042; -0.0126412; -0.016331; -0.0158751; -0.020305
195.6; 520153; 370284; -0.0181561; -0.0177613; -0.0220819; -0.0216954; -0.0272218
195.8; 514454; 369072; -0.0243935; -0.0240711; -0.0289944; -0.0286758; -0.0352631
196; 509033; 368446; -0.0317499; -0.0314864; -0.0369623; -0.0367056; -0.0442586
196.2; 503764; 368132; -0.0401205; -0.0398994; -0.0458582; -0.045645; -0.0540267
196.4; 498668; 368555; -0.0493592; -0.049184; -0.055528; -0.0553588; -0.0644164
196.6; 493085; 369144; -0.059326; -0.0591947; -0.0658361; -0.0657123; -0.0753002
196.8; 486977; 369764; -0.06994; -0.0697407; -0.0767099; -0.076523; -0.0865571
197; 480553; 370749; -0.0809584; -0.0807917; -0.0879227; -0.0877584; -0.0980888
197.2; 473716; 372256; -0.0923118; -0.0921802; -0.0993821; -0.0992645; -0.109753
197.4; 467267; 373152; -0.103895; -0.103732; -0.110994; -0.110836; -0.121378
197.6; 461683; 373831; -0.115481; -0.11536; -0.122501; -0.122389; -0.132791
197.8; 456523; 375648; -0.126973; -0.126818; -0.133813; -0.133659; -0.143774
198; 451409; 377860; -0.138165; -0.137989; -0.144718; -0.144541; -0.154199
198.2; 446603; 379730; -0.148885; -0.148694; -0.155054; -0.15487; -0.163912
198.4; 443209; 381274; -0.158993; -0.15876; -0.164706; -0.164472; -0.172786
198.6; 440350; 383110; -0.168354; -0.168085; -0.173543; -0.173277; -0.18076
198.8; 437715; 384888; -0.176859; -0.17655; -0.181478; -0.181169; -0.187748
199; 436142; 386424; -0.184406; -0.184039; -0.188403; -0.188037; -0.193637
199.2; 436169; 387658; -0.190863; -0.190451; -0.194186; -0.193769; -0.198298
199.4; 436828; 389531; -0.196161; -0.195684; -0.198752; -0.198277; -0.201651
199.6; 438119; 391437; -0.200226; -0.199679; -0.20205; -0.201495; -0.203656
199.8; 440010; 393006; -0.202995; -0.202371; -0.20401; -0.203381; -0.204266
200; 441763; 394626; -0.204431; -0.203729; -0.204632; -0.203923; -0.203525
200.2; 444097; 396531; -0.204512; -0.203735; -0.203912; -0.203124; -0.201463
200.4; 447551; 397910; -0.203238; -0.202384; -0.201854; -0.200991; -0.198098
200.6; 451823; 398918; -0.200637; -0.199709; -0.198489; -0.19755; -0.193455
200.8; 456307; 399643; -0.196738; -0.195737; -0.193844; -0.192831; -0.187559
201; 460284; 400823; -0.191573; -0.190507; -0.187967; -0.18689; -0.180493
201.2; 464275; 401980; -0.18521; -0.184073; -0.180951; -0.179803; -0.172383
201.4; 468500; 401996; -0.177737; -0.176548; -0.172902; -0.171703; -0.163373
201.6; 473469; 400928; -0.169294; -0.168051; -0.163962; -0.162708; -0.153603
201.8; 478907; 400279; -0.160013; -0.158724; -0.154261; -0.152961; -0.143203
202; 485006; 399823; -0.150024; -0.148694; -0.14393; -0.142591; -0.132306
202.2; 491525; 398993; -0.13943; -0.138113; -0.133061; -0.131748; -0.121017
202.4; 498123; 397474; -0.128357; -0.127096; -0.121815; -0.120522; -0.109478
202.6; 505094; 395514; -0.117014; -0.115694; -0.110403; -0.10898; -0.0978279
202.8; 512181; 394272; -0.10547; -0.10414; -0.0988411; -0.0974418; -0.0862777
203; 519361; 393046; -0.0939044; -0.0925713; -0.0873673; -0.0860012; -0.0750055
203.2; 526808; 391497; -0.0824998; -0.0811676; -0.0761613; -0.0748178; -0.0641571
203.4; 533126; 389608; -0.0714144; -0.0701142; -0.0654026; -0.0640309; -0.0538692
203.6; 539025; 387342; -0.0608302; -0.0595466; -0.0551461; -0.0538909; -0.0442917
203.8; 544738; 385821; -0.0508368; -0.0495971; -0.045642; -0.0443363; -0.0354826
204; 550018; 385003; -0.0415753; -0.0403577; -0.0368373; -0.0356407; -0.0275442
204.2; 553265; 383967; -0.0331381; -0.0319997; -0.0289757; -0.0278295; -0.0206219
204.4; 555303; 382090; -0.0256802; -0.0245758; -0.0221498; -0.0210175; -0.0148071
204.6; 556351; 380498; -0.0192631; -0.0182084; -0.0163778; -0.0153494; -0.0101802
204.8; 555602; 378978; -0.0139801; -0.0129851; -0.0118456; -0.0108256; -0.00682462
205; 554418; 377489; -0.0098884; -0.00897762; -0.00850456; -0.00759786; -0.00478417
205.2; 552355; 376116; -0.00706776; -0.00621713; -0.00646808; -0.00562241; -0.0040525
205.4; 548641; 374398; -0.00554976; -0.00479932; -0.00574858; -0.00498453; -0.00465283
205.6; 544029; 372996; -0.00539077; -0.00470575; -0.00635561; -0.00568064; -0.00656331
205.8; 538927; 372434; -0.00655964; -0.00594197; -0.00828054; -0.00767136; -0.00974398
206; 533156; 371670; -0.00902551; -0.00848614; -0.0114837; -0.0109429; -0.0141625
206.2; 526536; 370567; -0.0127588; -0.0122938; -0.015926; -0.0154678; -0.0197999
206.4; 520194; 369550; -0.0177154; -0.0173083; -0.0215828; -0.0211853; -0.026625
206.6; 514454; 369093; -0.0238301; -0.0235034; -0.028378; -0.0280561; -0.0345607
206.8; 509102; 368114; -0.0310717; -0.0307965; -0.0362404; -0.0359695; -0.0434553
207; 503747; 367120; -0.0393447; -0.0391138; -0.0450471; -0.0448216; -0.0531548
207.2; 498520; 367930; -0.0485033; -0.048336; -0.0546403; -0.0544824; -0.0634849
207.4; 493150; 368909; -0.058433; -0.0582963; -0.0649172; -0.0647868; -0.0743382
207.6; 487142; 369522; -0.069016; -0.0688336; -0.0757643; -0.075591; -0.0855815
207.8; 480534; 370386; -0.0800323; -0.0798624; -0.0869748; -0.0868111; -0.097104
208; 473871; 371596; -0.0913759; -0.0912218; -0.0984373; -0.098293; -0.108776
208.2; 467754; 372761; -0.102912; -0.102762; -0.110007; -0.109864; -0.120399
208.4; 461930; 373983; -0.11448; -0.114356; -0.121512; -0.121387; -0.131803
208.6; 456260; 375451; -0.125977; -0.125822; -0.132832; -0.132681; -0.142826
208.8; 451260; 376884; -0.137185; -0.137033; -0.143763; -0.143616; -0.153304
209; 447115; 379046; -0.147976; -0.147776; -0.154185; -0.153987; -0.163097
209.2; 443378; 380990; -0.158152; -0.157931; -0.163909; -0.16369; -0.172074
209.4; 440131; 382627; -0.167603; -0.167342; -0.172848; -0.172586; -0.180154
209.6; 437680; 384383; -0.176195; -0.175889; -0.180872; -0.180567; -0.18724
209.8; 436566; 386151; -0.183813; -0.183455; -0.187866; -0.187509; -0.193196
210; 435942; 387480; -0.190349; -0.189941; -0.193729; -0.193314; -0.197932
210.2; 436333; 389109; -0.195738; -0.195269; -0.19839; -0.197922; -0.201393
210.4; 437852; 390800; -0.19991; -0.199369; -0.201795; -0.201246; -0.203501
210.6; 439593; 392585; -0.202802; -0.202187; -0.203882; -0.203263; -0.204249
210.8; 441109; 394415; -0.204368; -0.203672; -0.204639; -0.203935; -0.203647
211; 443587; 396051; -0.204573; -0.203805; -0.204045; -0.203267; -0.201717
211.2; 447293; 397361; -0.203419; -0.202566; -0.202109; -0.201248; -0.198475
211.4; 451543; 398550; -0.200913; -0.199998; -0.198838; -0.197911; -0.193926
211.6; 455684; 399419; -0.19712; -0.196123; -0.194293; -0.193283; -0.18812
211.8; 459483; 400569; -0.192055; -0.190993; -0.188505; -0.187432; -0.181123
212; 463630; 401582; -0.185785; -0.184658; -0.181573; -0.180435; -0.173085
212.2; 468173; 401698; -0.178411; -0.177225; -0.173613; -0.172415; -0.164145
212.4; 472491; 400921; -0.17006; -0.168822; -0.164763; -0.163514; -0.154464
212.6; 477651; 400031; -0.160855; -0.159571; -0.155141; -0.153846; -0.144147
212.8; 484214; 399590; -0.150917; -0.149594; -0.144859; -0.143524; -0.13329
213; 491495; 398825; -0.140363; -0.139041; -0.13402; -0.132701; -0.122016
213.2; 497872; 396985; -0.129308; -0.12806; -0.122782; -0.1215; -0.110476
213.4; 504024; 395366; -0.117993; -0.116669; -0.111386; -0.109963; -0.0988185
213.6; 511007; 394315; -0.10645; -0.105124; -0.0998136; -0.0984234; -0.0872482
213.8; 518710; 393151; -0.094894; -0.0935554; -0.0883553; -0.0869501; -0.0759414
214; 526077; 390923; -0.0835114; -0.0821104; -0.0771471; -0.0757394; -0.0650677
214.2; 533072; 388901; -0.0724002; -0.0710301; -0.0663312; -0.0649616; -0.0547599
214.4; 539607; 387490; -0.0617589; -0.0604094; -0.0560665; -0.0547145; -0.0451202
214.6; 545462; 386143; -0.051708; -0.0504047; -0.0464535; -0.0451502; -0.0362479
214.8; 550236; 384619; -0.0423423; -0.0411532; -0.0375822; -0.0363914; -0.0282426
215; 553858; 383187; -0.0338584; -0.0326886; -0.0296435; -0.028482; -0.0212088
215.2; 555982; 382210; -0.0262932; -0.0251914; -0.0227021; -0.0215805; -0.0152753
215.4; 556652; 380817; -0.0197869; -0.018723; -0.016848; -0.0157918; -0.0105341
215.6; 556130; 379125; -0.0143961; -0.0134082; -0.0121836; -0.011191; -0.00706714
215.8; 554807; 377318; -0.0102129; -0.00929561; -0.00876317; -0.00783807; -0.00491814
216; 552521; 375942; -0.00729099; -0.00643916; -0.00661724; -0.00577517; -0.00408504
216.2; 549029; 374532; -0.00566405; -0.00490468; -0.00579183; -0.00502226; -0.0045804
216.4; 544639; 373181; -0.00537903; -0.00468417; -0.00628077; -0.00559232; -0.00637591
216.6; 539394; 372380; -0.0064152; -0.00579482; -0.00807997; -0.00746462; -0.00944896
216.8; 533699; 371563; -0.00876074; -0.00821326; -0.0111616; -0.0106153; -0.0137489
217; 527381; 370481; -0.0123737; -0.0119053; -0.0154803; -0.0150188; -0.0192542
217.2; 520839; 369874; -0.0172151; -0.0168096; -0.0210183; -0.0206211; -0.0259566
217.4; 515118; 369151; -0.0232416; -0.0229051; -0.0277226; -0.0273929; -0.0337923
217.6; 509756; 367982; -0.0304009; -0.03013; -0.0355095; -0.0352446; -0.0426318
217.8; 503953; 367650; -0.0385978; -0.038378; -0.0442534; -0.0440396; -0.0522896
218; 498573; 367937; -0.0477043; -0.0475207; -0.0538103; -0.0536342; -0.0625931
218.2; 493419; 368393; -0.0575634; -0.0574214; -0.0640261; -0.0638916; -0.0734085
218.4; 487362; 369414; -0.0680732; -0.0678979; -0.0748075; -0.0746432; -0.0846103
218.6; 480924; 370483; -0.0790536; -0.0788611; -0.0859869; -0.0858009; -0.0960913
218.8; 474518; 371532; -0.0903532; -0.0902106; -0.0974052; -0.0972739; -0.107738
219; 468084; 372686; -0.101897; -0.101748; -0.108989; -0.108845; -0.119371
219.2; 461938; 373607; -0.113492; -0.113357; -0.120529; -0.120395; -0.130828
219.4; 456548; 375150; -0.125; -0.124856; -0.131876; -0.131735; -0.141904
219.6; 451651; 376976; -0.136249; -0.136083; -0.142861; -0.142695; -0.152443
219.8; 446878; 379003; -0.147068; -0.146877; -0.153316; -0.153131; -0.162302
220; 443088; 380932; -0.157297; -0.157078; -0.163103; -0.162883; -0.171344
