0.004; 1153.62; 3132.56; 2.14041e-06; 2.52763e-06; 2.0206e-06; 2.34942e-06; 2.07501e-06
0.2; 72234.3; 132591; 0.000487269; -0.000590408; 0.00040702; -0.000748835; 0.00050352
0.4; 352094; 520669; -0.00304821; -0.00278337; -0.00401139; -0.00348387; -0.00441517
0.6; 587614; 605519; -0.0102414; -0.0104298; -0.0124491; -0.0126114; -0.0149163
0.8; 611299; 464549; -0.0210184; -0.0211748; -0.0251023; -0.0254371; -0.0303349
1; 657485; 436719; -0.0321388; -0.0320043; -0.0385; -0.0385372; -0.0476675
1.2; 700386; 502629; -0.0418332; -0.0416577; -0.0503478; -0.0499432; -0.0628132
1.4; 686187; 492190; -0.0504542; -0.0500063; -0.0596724; -0.0596738; -0.0741706
1.6; 641339; 469937; -0.0588918; -0.0592996; -0.0686252; -0.068509; -0.0833376
1.8; 613329; 492736; -0.0700869; -0.0694897; -0.0787341; -0.0783317; -0.0920605
2; 596568; 502021; -0.0835489; -0.0832857; -0.0915282; -0.091038; -0.10316
2.2; 570129; 494388; -0.0998368; -0.0995972; -0.107164; -0.107106; -0.11795
2.4; 536773; 501333; -0.117059; -0.116932; -0.124634; -0.124579; -0.135571
2.6; 519291; 514408; -0.133255; -0.133177; -0.141451; -0.141334; -0.153308
2.8; 525311; 504090; -0.146787; -0.146528; -0.15512; -0.154974; -0.167444
3; 536752; 494969; -0.157208; -0.156953; -0.165083; -0.164867; -0.176816
3.2; 540100; 508885; -0.166208; -0.165737; -0.173108; -0.172614; -0.183243
3.4; 534573; 517132; -0.175072; -0.174372; -0.180606; -0.179996; -0.188577
3.6; 528827; 512727; -0.184376; -0.183745; -0.188558; -0.187919; -0.194123
3.8; 519658; 517741; -0.193753; -0.193047; -0.196655; -0.195985; -0.199961
4; 514143; 523398; -0.201525; -0.200927; -0.203391; -0.202856; -0.204926
4.2; 523126; 519751; -0.206187; -0.205475; -0.206966; -0.20625; -0.206554
4.4; 539064; 512707; -0.206706; -0.20587; -0.206084; -0.205234; -0.203451
4.6; 548207; 526421; -0.204215; -0.203143; -0.202376; -0.201331; -0.197828
4.8; 554324; 540024; -0.199925; -0.198685; -0.197176; -0.195938; -0.191245
5; 567084; 526111; -0.194953; -0.193561; -0.191365; -0.190008; -0.184049
5.2; 580150; 520373; -0.189464; -0.188101; -0.185108; -0.183644; -0.176353
5.4; 591685; 521277; -0.18305; -0.181579; -0.177706; -0.17626; -0.167292
5.6; 606231; 518967; -0.174812; -0.173346; -0.168459; -0.167019; -0.156284
5.8; 621798; 524650; -0.164169; -0.162602; -0.156905; -0.155325; -0.143106
6; 633865; 530697; -0.151118; -0.149509; -0.143165; -0.141534; -0.128253
6.2; 644695; 528982; -0.136631; -0.134918; -0.128269; -0.12659; -0.11287
6.4; 654559; 522674; -0.121757; -0.119951; -0.11333; -0.111541; -0.0978832
6.6; 664511; 516171; -0.107399; -0.105575; -0.0991463; -0.0973218; -0.0840122
6.8; 676696; 509564; -0.0939314; -0.0921287; -0.0859614; -0.0841795; -0.0713265
7; 693098; 508318; -0.0811418; -0.0794704; -0.0735414; -0.071846; -0.0594119
7.2; 709523; 507414; -0.0687552; -0.0671274; -0.0615687; -0.0598895; -0.0479942
7.4; 722058; 505809; -0.0564514; -0.054905; -0.049711; -0.0482151; -0.036959
7.6; 728689; 503881; -0.0443863; -0.0429218; -0.038374; -0.0368351; -0.0267066
7.8; 727291; 498985; -0.0331841; -0.0316804; -0.028005; -0.0264954; -0.017831
8; 719321; 495314; -0.0235125; -0.0220632; -0.019406; -0.0179412; -0.0110868
8.2; 709400; 492569; -0.0159882; -0.0146252; -0.013062; -0.011671; -0.00674672
8.4; 701559; 488117; -0.0108946; -0.00960377; -0.00913087; -0.00785033; -0.00477774
8.6; 695724; 485761; -0.00799227; -0.00688291; -0.00739156; -0.00625209; -0.00488861
8.8; 690278; 483250; -0.00698505; -0.00599854; -0.00746443; -0.00648468; -0.0067176
9; 683081; 481175; -0.0074983; -0.00666966; -0.00908028; -0.00826184; -0.0101418
9.2; 670065; 478067; -0.00947833; -0.00876763; -0.0122106; -0.0115006; -0.0151663
9.4; 651586; 472952; -0.0131252; -0.0124964; -0.0170377; -0.0164081; -0.0220043
9.6; 632059; 469554; -0.0186978; -0.0181292; -0.0237538; -0.0232015; -0.0307055
9.8; 615650; 467869; -0.0263767; -0.0258365; -0.0324673; -0.0319427; -0.0411632
10; 603940; 466859; -0.036049; -0.0356176; -0.0429887; -0.042564; -0.0531186
10.2; 596050; 468795; -0.0474009; -0.0470555; -0.0549807; -0.0546572; -0.0661565
10.4; 588630; 469753; -0.0598952; -0.0596498; -0.0679499; -0.0677257; -0.0798683
10.6; 578536; 469406; -0.0730447; -0.0728885; -0.0814541; -0.0813116; -0.0939295
10.8; 564393; 467793; -0.0865109; -0.0863882; -0.0951754; -0.0950724; -0.108073
11; 547838; 465794; -0.100135; -0.100009; -0.108946; -0.108836; -0.12211
11.2; 532540; 464499; -0.113863; -0.113715; -0.122656; -0.122517; -0.135825
11.4; 520592; 464975; -0.127624; -0.12744; -0.136175; -0.136001; -0.148979
11.6; 512783; 467530; -0.141262; -0.141029; -0.149335; -0.149109; -0.16135
11.8; 509731; 471927; -0.154424; -0.154167; -0.161796; -0.161547; -0.172627
12; 507714; 475161; -0.166637; -0.166333; -0.173163; -0.172866; -0.182548
12.2; 506861; 478502; -0.177445; -0.177096; -0.183036; -0.182694; -0.190841
12.4; 506186; 480649; -0.186489; -0.186075; -0.191108; -0.190696; -0.197282
12.6; 506001; 480146; -0.193643; -0.193144; -0.197253; -0.196755; -0.201772
12.8; 508440; 479833; -0.19896; -0.198332; -0.201492; -0.200866; -0.20424
13; 512140; 480657; -0.202507; -0.201757; -0.203893; -0.203135; -0.20475
13.2; 518208; 483389; -0.20434; -0.203454; -0.204492; -0.203601; -0.203305
13.4; 526895; 487195; -0.204353; -0.203357; -0.203218; -0.202212; -0.199869
13.6; 537478; 491439; -0.20241; -0.20131; -0.199985; -0.198873; -0.194453
13.8; 547543; 494176; -0.198373; -0.197179; -0.194728; -0.19352; -0.187131
14; 555954; 495459; -0.19225; -0.190958; -0.187526; -0.18622; -0.178115
14.2; 563098; 495152; -0.184156; -0.182764; -0.178529; -0.177125; -0.167625
14.4; 571049; 493009; -0.174389; -0.172907; -0.168027; -0.166532; -0.155921
14.6; 581418; 490075; -0.163331; -0.16176; -0.15635; -0.154767; -0.143239
14.8; 593891; 487826; -0.151289; -0.14965; -0.143782; -0.142131; -0.129809
15; 607677; 487300; -0.138509; -0.136829; -0.130562; -0.128874; -0.115855
15.2; 620992; 487281; -0.125126; -0.123506; -0.116874; -0.115234; -0.10168
15.4; 632842; 486187; -0.111364; -0.109716; -0.102973; -0.101316; -0.0875341
15.6; 644015; 483372; -0.0973383; -0.0956978; -0.089045; -0.0873852; -0.0737369
15.8; 653786; 479487; -0.0833173; -0.0816989; -0.0753467; -0.0737228; -0.0605988
16; 662441; 475169; -0.0696501; -0.0680484; -0.0622171; -0.060613; -0.0483814
16.2; 670240; 471200; -0.0567152; -0.0551608; -0.0499775; -0.0484103; -0.037305
16.4; 676375; 467992; -0.0449003; -0.0433801; -0.0389468; -0.0374154; -0.0275819
16.6; 680145; 466201; -0.0344605; -0.0330094; -0.0293445; -0.0278864; -0.0193777
16.8; 680859; 464835; -0.0255615; -0.0241881; -0.0213447; -0.0199501; -0.0128412
17; 678607; 463393; -0.0182552; -0.0169839; -0.0150048; -0.0137251; -0.00810925
17.2; 673107; 461744; -0.0125684; -0.0114129; -0.0103949; -0.00923168; -0.00528375
17.4; 664447; 459164; -0.00857134; -0.00753636; -0.00757628; -0.00654223; -0.00444115
17.6; 653356; 454898; -0.00638641; -0.0054802; -0.00663666; -0.00573252; -0.00559286
17.8; 641085; 450328; -0.00617433; -0.00535096; -0.00766996; -0.00684766; -0.00869033
18; 628351; 446524; -0.00805149; -0.0072515; -0.0107342; -0.00994029; -0.0136913
18.2; 615580; 444926; -0.0119538; -0.011297; -0.0157523; -0.0151071; -0.0206033
18.4; 603836; 445052; -0.0178617; -0.0173094; -0.0227067; -0.0221635; -0.0292909
18.6; 593187; 444515; -0.025604; -0.0251386; -0.0313991; -0.030947; -0.0395558
18.8; 582769; 443672; -0.0349266; -0.0345551; -0.0415627; -0.0412116; -0.0511281
19; 571917; 444535; -0.0455755; -0.0452864; -0.0529461; -0.0526719; -0.0637302
19.2; 560750; 444656; -0.0573266; -0.057102; -0.0653014; -0.0650943; -0.077103
19.4; 549212; 443989; -0.0699806; -0.0698191; -0.0784148; -0.0782789; -0.0910099
19.6; 537318; 442341; -0.0833783; -0.0832363; -0.0921105; -0.0919928; -0.105208
19.8; 525777; 441527; -0.0973008; -0.0971765; -0.106153; -0.106045; -0.119444
20; 515143; 443189; -0.111498; -0.111391; -0.120278; -0.120177; -0.133442
20.2; 506104; 445494; -0.125665; -0.125536; -0.134173; -0.134056; -0.146881
20.4; 498879; 448223; -0.139426; -0.139276; -0.147485; -0.147338; -0.15943
20.6; 493170; 451155; -0.152457; -0.152261; -0.159896; -0.159708; -0.170808
20.8; 488624; 453998; -0.16444; -0.164195; -0.171127; -0.170889; -0.180791
21; 486528; 456181; -0.175141; -0.174827; -0.180965; -0.180652; -0.189195
21.2; 486341; 457547; -0.184409; -0.184018; -0.189271; -0.188881; -0.195913
21.4; 487433; 459049; -0.192116; -0.191634; -0.195929; -0.195449; -0.200834
21.6; 490323; 461048; -0.198124; -0.197544; -0.200817; -0.200233; -0.20385
21.8; 494975; 463073; -0.202302; -0.201603; -0.203812; -0.203104; -0.204857
22; 500872; 465524; -0.204533; -0.203722; -0.204823; -0.204004; -0.203832
22.2; 507764; 468074; -0.204721; -0.203794; -0.203778; -0.202838; -0.200724
22.4; 515640; 470296; -0.202829; -0.201787; -0.200653; -0.199595; -0.195535
22.6; 523536; 472332; -0.198882; -0.197721; -0.195504; -0.194328; -0.188375
22.8; 531409; 474029; -0.193011; -0.191743; -0.188518; -0.187235; -0.179535
23; 539427; 475264; -0.185365; -0.183991; -0.179894; -0.178505; -0.169285
23.2; 548088; 475387; -0.176134; -0.174672; -0.169849; -0.168372; -0.157887
23.4; 557989; 473564; -0.165518; -0.163986; -0.158565; -0.157019; -0.145494
23.6; 569602; 471397; -0.153735; -0.152146; -0.146243; -0.144641; -0.132275
23.8; 582042; 469834; -0.140992; -0.139368; -0.133072; -0.131445; -0.118404
24; 593551; 468102; -0.127478; -0.125928; -0.11928; -0.117698; -0.104172
24.2; 604287; 465503; -0.113574; -0.11195; -0.105232; -0.1036; -0.0898851
24.4; 615059; 462159; -0.0994554; -0.0978356; -0.0911671; -0.0895398; -0.0759154
24.6; 625221; 459700; -0.0854403; -0.0838292; -0.0774152; -0.0757912; -0.062599
24.8; 634819; 457690; -0.071851; -0.0702518; -0.0642822; -0.0626825; -0.0502402
25; 643807; 454818; -0.0589525; -0.05742; -0.0520174; -0.0504753; -0.0390308
25.2; 651391; 451538; -0.0470594; -0.0455629; -0.0408848; -0.0393786; -0.0291498
25.4; 655990; 448460; -0.0363572; -0.03493; -0.0310329; -0.0295997; -0.0207152
25.6; 656723; 446514; -0.0270497; -0.025692; -0.0226545; -0.0212938; -0.0138727
25.8; 654489; 445230; -0.0192748; -0.0180213; -0.0158842; -0.0146162; -0.0087596
26; 649654; 443146; -0.0131787; -0.0120224; -0.0108487; -0.00969467; -0.00551008
26.2; 642005; 440507; -0.00887067; -0.00784305; -0.00768317; -0.00665571; -0.00425825
26.4; 632220; 437099; -0.00646902; -0.00555631; -0.00647728; -0.00556497; -0.00504462
26.6; 621427; 434080; -0.00603914; -0.00522583; -0.00725771; -0.00645138; -0.00784239
26.8; 610173; 431489; -0.00762621; -0.00687224; -0.0100589; -0.00926678; -0.0125639
27; 598539; 429918; -0.0111771; -0.0105229; -0.0147337; -0.0140951; -0.0191759
27.2; 587078; 428326; -0.016661; -0.0160813; -0.0213014; -0.0207567; -0.0275552
27.4; 576347; 426651; -0.0239239; -0.0234825; -0.02959; -0.0291443; -0.0375261
27.6; 566096; 425605; -0.0328832; -0.0325062; -0.0394222; -0.0390601; -0.048825
27.8; 556055; 426464; -0.0432826; -0.0429899; -0.050556; -0.0502992; -0.0612181
28; 546241; 427811; -0.0549086; -0.0546928; -0.0628008; -0.0625878; -0.0744638
28.2; 536356; 428098; -0.0675295; -0.0673688; -0.0758704; -0.0757342; -0.0883182
28.4; 525830; 428102; -0.0809064; -0.0807736; -0.0895569; -0.0894552; -0.102522
28.6; 514520; 428250; -0.094783; -0.0946798; -0.103599; -0.103505; -0.116819
28.8; 503652; 429085; -0.108894; -0.108819; -0.117692; -0.117621; -0.130883
29; 494285; 430920; -0.122999; -0.122892; -0.131578; -0.131485; -0.144411
29.2; 486542; 432947; -0.13677; -0.136647; -0.14495; -0.144825; -0.1571
29.4; 480573; 435335; -0.149915; -0.14975; -0.157501; -0.157344; -0.168674
29.6; 476295; 438417; -0.162138; -0.161917; -0.168985; -0.168769; -0.178927
29.8; 474161; 441311; -0.173168; -0.172886; -0.179158; -0.178875; -0.187672
30; 473983; 443720; -0.182815; -0.18245; -0.187845; -0.187483; -0.19477
30.2; 475179; 445500; -0.190861; -0.190425; -0.194862; -0.19442; -0.200071
30.4; 477734; 447049; -0.197174; -0.196627; -0.20007; -0.199522; -0.203443
30.6; 481826; 449031; -0.201628; -0.200972; -0.203371; -0.202705; -0.204807
30.8; 487157; 451361; -0.204155; -0.203384; -0.204697; -0.203915; -0.20413
31; 493355; 453585; -0.204694; -0.203807; -0.204005; -0.203104; -0.201385
31.2; 500443; 456033; -0.203197; -0.202187; -0.201267; -0.20024; -0.196568
31.4; 508220; 458541; -0.199682; -0.198558; -0.196528; -0.195386; -0.189785
31.6; 516044; 460657; -0.194227; -0.192993; -0.189923; -0.188671; -0.181256
31.8; 523595; 462293; -0.186945; -0.185608; -0.181621; -0.180267; -0.171251
32; 531553; 462949; -0.177985; -0.176559; -0.17181; -0.170368; -0.160029
32.2; 540811; 461489; -0.167562; -0.166061; -0.160701; -0.159185; -0.147779
32.4; 551361; 458794; -0.155916; -0.154354; -0.148506; -0.146929; -0.134674
32.6; 562856; 456667; -0.143298; -0.141692; -0.13545; -0.133841; -0.120906
32.8; 574113; 455157; -0.129896; -0.128377; -0.121744; -0.120196; -0.10673
33; 584962; 452869; -0.116105; -0.114496; -0.107766; -0.106155; -0.0924371
33.2; 595944; 450105; -0.102038; -0.100443; -0.0937116; -0.0920981; -0.0783912
33.4; 606117; 448006; -0.0880268; -0.0864247; -0.0799098; -0.0782981; -0.0649427
33.6; 615440; 445982; -0.0743478; -0.0727689; -0.0666482; -0.0650743; -0.0523955
33.8; 624423; 443090; -0.0612766; -0.0597521; -0.0541926; -0.0526552; -0.040952
34; 632086; 439590; -0.0491301; -0.0476368; -0.042791; -0.0412922; -0.0307891
34.2; 637256; 436304; -0.0381486; -0.0367304; -0.0326584; -0.0312367; -0.0220751
34.4; 638949; 434246; -0.0285609; -0.0272081; -0.0239893; -0.0226317; -0.0149215
34.6; 637371; 432887; -0.020514; -0.0192471; -0.016927; -0.0156503; -0.00948451
34.8; 633424; 431149; -0.0141244; -0.012965; -0.0115799; -0.0104221; -0.00588999
35; 627029; 428757; -0.00950531; -0.00847269; -0.00808265; -0.00705061; -0.00426794
35.2; 618240; 426180; -0.00674711; -0.00582662; -0.0065124; -0.00559754; -0.00468344
35.4; 608138; 422735; -0.00593112; -0.00512171; -0.00691311; -0.00610896; -0.00710865
35.6; 597339; 420156; -0.00710177; -0.0063674; -0.00929272; -0.00856442; -0.0114743
35.8; 586292; 417922; -0.010284; -0.0096002; -0.0136382; -0.0129652; -0.017727
36; 575180; 416501; -0.0153803; -0.0148204; -0.0198406; -0.0192918; -0.025784
36.2; 564818; 415645; -0.0223404; -0.021877; -0.0278184; -0.0273722; -0.0354631
36.4; 555374; 414256; -0.0310139; -0.0306341; -0.0373899; -0.0370277; -0.0465296
36.6; 546225; 413984; -0.0411778; -0.0408869; -0.0483186; -0.0480444; -0.0587407
36.8; 536932; 415653; -0.0526019; -0.0523669; -0.0603751; -0.060158; -0.0718506
37; 527403; 416177; -0.0650215; -0.0648784; -0.073292; -0.0731633; -0.0856149
37.2; 517511; 416279; -0.0781788; -0.0782101; -0.086804; -0.0868471; -0.099799
37.4; 507054; 416018; -0.0920646; -0.0919114; -0.100876; -0.10075; -0.11408
37.6; 496584; 416680; -0.106108; -0.106068; -0.114942; -0.114907; -0.128215
37.8; 487658; 418553; -0.120257; -0.120184; -0.128914; -0.128839; -0.141872
38; 480287; 420503; -0.134149; -0.134026; -0.14242; -0.142312; -0.154734
38.2; 474450; 423209; -0.147438; -0.147304; -0.155162; -0.15502; -0.166555
38.4; 469874; 426492; -0.159863; -0.15968; -0.166863; -0.166687; -0.177073
38.6; 466688; 429357; -0.171152; -0.170871; -0.177316; -0.177041; -0.186117
38.8; 465886; 431887; -0.181029; -0.180717; -0.186271; -0.185946; -0.193543
39; 467452; 433441; -0.189393; -0.188955; -0.193609; -0.193177; -0.199181
39.2; 469605; 435035; -0.196029; -0.19554; -0.199167; -0.198665; -0.202945
39.4; 472640; 437231; -0.200876; -0.200243; -0.202861; -0.202218; -0.204701
39.6; 477523; 439638; -0.203785; -0.203053; -0.204567; -0.203828; -0.204411
39.8; 483629; 442454; -0.204723; -0.20387; -0.204277; -0.2034; -0.202052
40; 490322; 445097; -0.203632; -0.202653; -0.20193; -0.200937; -0.197614
40.2; 497636; 447345; -0.200495; -0.199404; -0.197561; -0.196452; -0.191185
40.4; 504994; 449481; -0.195395; -0.194193; -0.191297; -0.190073; -0.182971
40.6; 511919; 451586; -0.188435; -0.18713; -0.183294; -0.18197; -0.17323
40.8; 519332; 452692; -0.179767; -0.178368; -0.173749; -0.172333; -0.162227
41; 528136; 451390; -0.169604; -0.168128; -0.16287; -0.161377; -0.150156
41.2; 537988; 448840; -0.15818; -0.156639; -0.150863; -0.149307; -0.137186
41.4; 548725; 446996; -0.145748; -0.144156; -0.137965; -0.136363; -0.123518
41.6; 559739; 445740; -0.132475; -0.130962; -0.124342; -0.122824; -0.109385
41.8; 570491; 443534; -0.11875; -0.117165; -0.110413; -0.108815; -0.0950756
42; 580892; 440825; -0.104707; -0.103127; -0.0963466; -0.0947411; -0.0809616
42.2; 590785; 438859; -0.0906502; -0.0890639; -0.0824554; -0.0808732; -0.0673791
42.4; 600147; 437278; -0.0768645; -0.0753018; -0.0690629; -0.0674984; -0.0546334
42.6; 609256; 434229; -0.0636546; -0.0621263; -0.0564349; -0.054891; -0.0429593
42.8; 616864; 430362; -0.0513209; -0.0498389; -0.0448153; -0.0433353; -0.0325539
43; 622370; 427301; -0.0401118; -0.0386909; -0.0344387; -0.0330123; -0.0235461
43.2; 624734; 425692; -0.0302457; -0.0288982; -0.0254762; -0.0241236; -0.0160852
43.4; 624207; 424243; -0.0218978; -0.0206217; -0.018096; -0.016818; -0.010304
43.6; 621212; 422521; -0.0151626; -0.0140054; -0.012393; -0.0112361; -0.00633295
43.8; 615441; 420181; -0.010195; -0.00914673; -0.00853741; -0.00749019; -0.00432773
44; 607134; 417435; -0.00706756; -0.00614079; -0.00658839; -0.00567047; -0.00436217
44.2; 597576; 414553; -0.00587479; -0.00505643; -0.00661771; -0.0058067; -0.00642217
44.4; 587340; 411665; -0.00666894; -0.00594427; -0.0086334; -0.00790325; -0.0104386
44.6; 576876; 409708; -0.00949537; -0.00879156; -0.0126246; -0.0119405; -0.0163486
44.8; 566474; 408145; -0.0142132; -0.0136563; -0.0184715; -0.0179098; -0.0240656
45; 556691; 406777; -0.0208266; -0.0203483; -0.02611; -0.0256547; -0.0334376
45.2; 547502; 405651; -0.0291599; -0.0287765; -0.0353724; -0.0350112; -0.0442488
45.4; 538332; 405244; -0.0390393; -0.0387409; -0.0460538; -0.0457644; -0.0562541
45.6; 529411; 406093; -0.0502415; -0.0500029; -0.0579066; -0.057694; -0.0692134
45.8; 520686; 406948; -0.0625022; -0.0623339; -0.0706917; -0.0705442; -0.0828748
46; 511718; 407082; -0.0755967; -0.0754832; -0.0841672; -0.0840726; -0.0969944
46.2; 501854; 407857; -0.0893041; -0.0892054; -0.0981012; -0.098022; -0.111303
46.4; 491290; 409059; -0.10336; -0.103292; -0.112211; -0.112152; -0.125501
46.6; 482010; 409970; -0.117504; -0.11744; -0.126212; -0.126148; -0.139258
46.8; 474631; 411776; -0.131449; -0.131357; -0.139813; -0.139724; -0.152281
47; 468508; 414266; -0.144873; -0.144748; -0.152712; -0.15259; -0.164309
47.2; 463657; 417542; -0.157485; -0.157305; -0.164641; -0.164463; -0.175098
47.4; 460307; 420769; -0.169004; -0.168769; -0.175351; -0.175117; -0.184462
47.6; 459069; 423105; -0.179202; -0.178887; -0.184638; -0.184322; -0.192235
47.8; 460091; 424909; -0.187869; -0.187483; -0.192304; -0.191913; -0.198242
48; 461945; 426804; -0.194869; -0.194388; -0.198227; -0.19774; -0.202371
48.2; 465028; 429044; -0.200061; -0.199473; -0.202277; -0.201676; -0.204508
48.4; 469877; 431404; -0.203344; -0.202639; -0.20436; -0.20364; -0.204584
48.6; 475414; 434248; -0.20466; -0.203838; -0.204444; -0.203606; -0.202613
48.8; 481751; 436997; -0.203959; -0.203014; -0.2025; -0.201536; -0.198588
49; 488654; 439310; -0.20123; -0.200172; -0.198538; -0.197459; -0.192566
49.2; 495462; 441521; -0.196517; -0.195345; -0.192644; -0.191452; -0.184693
49.4; 502237; 443498; -0.189917; -0.18864; -0.184969; -0.183674; -0.175228
49.6; 509722; 444887; -0.181563; -0.180189; -0.175697; -0.174304; -0.164424
49.8; 517882; 444585; -0.171659; -0.170204; -0.165039; -0.163567; -0.152517
50; 526900; 442309; -0.160449; -0.158928; -0.153221; -0.151682; -0.139688
50.2; 537099; 440255; -0.148191; -0.146615; -0.140479; -0.138888; -0.126141
50.4; 547905; 438940; -0.135065; -0.13354; -0.126976; -0.125455; -0.112085
50.6; 558186; 436770; -0.121406; -0.119853; -0.113098; -0.111513; -0.0977961
50.8; 568002; 433936; -0.107414; -0.105839; -0.0990353; -0.0974377; -0.0836209
51; 577651; 431899; -0.0933377; -0.0917579; -0.0850802; -0.0835111; -0.0699031
51.2; 587363; 430005; -0.0794678; -0.0779175; -0.0715702; -0.0700069; -0.0569702
51.4; 596705; 427540; -0.0661277; -0.0645851; -0.0587647; -0.0572157; -0.0450501
51.6; 604418; 424174; -0.0535858; -0.0521152; -0.0469165; -0.0454492; -0.0343881
51.8; 610376; 420783; -0.0421502; -0.040726; -0.0363022; -0.0348656; -0.0251126
52; 613555; 418741; -0.0320153; -0.0306583; -0.0270532; -0.0256963; -0.0173464
52.2; 613564; 417445; -0.0233578; -0.0220842; -0.019356; -0.0180813; -0.0112424
52.4; 611044; 415903; -0.0162996; -0.0151377; -0.0133225; -0.0121577; -0.00691443
52.6; 606212; 413664; -0.0109855; -0.00992272; -0.00910004; -0.00804569; -0.0045213
52.8; 598821; 410765; -0.00749732; -0.00655429; -0.00678387; -0.00584511; -0.00415657
53; 589762; 407936; -0.00592775; -0.00510012; -0.00642836; -0.0056088; -0.00583369
53.2; 579976; 405357; -0.00632419; -0.00559699; -0.00804473; -0.00733; -0.00947813
53.4; 570040; 402961; -0.00874878; -0.00805175; -0.0116622; -0.0109647; -0.0150128
53.6; 560049; 401188; -0.0130987; -0.0125247; -0.0171337; -0.0165758; -0.022385
53.8; 550614; 399805; -0.0193529; -0.0188591; -0.024445; -0.0239722; -0.0314503
54; 541661; 398969; -0.0273593; -0.0269765; -0.033411; -0.03304; -0.0420143
54.2; 532717; 398556; -0.0369717; -0.036653; -0.0438411; -0.0435455; -0.0538129
54.4; 524083; 398926; -0.0479277; -0.0476909; -0.0554837; -0.0552661; -0.0666035
54.6; 515532; 399574; -0.060003; -0.0598293; -0.0681066; -0.0679492; -0.0801412
54.8; 506732; 400032; -0.0729485; -0.0728307; -0.0814572; -0.0813614; -0.0941881
55; 497821; 400559; -0.0865431; -0.0864514; -0.0953157; -0.0952386; -0.108473
55.2; 487792; 401741; -0.10054; -0.100474; -0.109401; -0.109349; -0.122713
55.4; 478397; 402858; -0.11469; -0.114635; -0.123452; -0.123399; -0.136597
55.6; 470995; 404354; -0.128707; -0.128628; -0.137165; -0.137087; -0.149792
55.8; 464880; 406882; -0.14226; -0.14216; -0.150228; -0.150132; -0.162048
56; 460345; 410366; -0.155067; -0.154911; -0.162384; -0.162228; -0.173109
56.2; 456942; 413130; -0.166831; -0.166614; -0.173356; -0.173139; -0.182766
56.4; 454606; 415338; -0.177292; -0.177009; -0.182925; -0.182637; -0.19085
56.6; 454735; 417856; -0.186274; -0.185912; -0.190927; -0.190557; -0.197227
56.8; 457259; 420005; -0.193606; -0.193158; -0.197194; -0.196738; -0.201723
57; 460445; 422210; -0.199167; -0.198608; -0.201613; -0.201045; -0.204237
57.2; 463998; 424484; -0.202831; -0.20216; -0.204087; -0.203396; -0.204708
57.4; 469053; 427342; -0.20455; -0.203771; -0.204572; -0.203777; -0.203146
57.6; 475377; 430084; -0.204268; -0.203349; -0.203046; -0.202107; -0.199525
57.8; 481914; 432855; -0.201928; -0.200909; -0.199473; -0.198431; -0.193898
58; 488260; 435095; -0.197592; -0.196453; -0.19395; -0.192789; -0.186392
58.2; 495032; 436979; -0.191344; -0.190087; -0.186608; -0.185333; -0.177216
58.4; 502395; 438468; -0.183299; -0.181957; -0.177612; -0.176251; -0.166642
58.6; 510195; 438376; -0.173684; -0.17225; -0.167201; -0.165749; -0.154905
58.8; 518728; 436594; -0.162725; -0.161223; -0.155596; -0.154077; -0.142224
59; 528334; 434715; -0.150664; -0.149109; -0.14302; -0.141448; -0.128795
59.2; 538686; 433407; -0.137712; -0.136175; -0.129669; -0.128128; -0.11483
59.4; 548615; 431374; -0.12412; -0.12261; -0.115836; -0.114292; -0.100586
59.6; 558692; 428715; -0.110179; -0.108604; -0.101791; -0.100201; -0.0863631
59.8; 568709; 426630; -0.096061; -0.0945071; -0.0877598; -0.0862105; -0.0725137
60; 577974; 424921; -0.0821319; -0.0805757; -0.0741441; -0.0725753; -0.0593873
60.2; 586927; 422503; -0.0686633; -0.0671283; -0.0611698; -0.059634; -0.0472493
60.4; 595427; 419082; -0.0559357; -0.0544706; -0.0491037; -0.0476382; -0.0363013
60.6; 601215; 415777; -0.0442987; -0.0428573; -0.0382628; -0.0368149; -0.0267603
60.8; 604545; 413647; -0.0338879; -0.0325373; -0.0287313; -0.0273806; -0.0187072
61; 605345; 412517; -0.0249249; -0.0236315; -0.0207191; -0.0194274; -0.0122657
61.2; 603532; 410823; -0.0175253; -0.0163479; -0.0143388; -0.0131622; -0.00758704
61.4; 599424; 408096; -0.01185; -0.0107729; -0.00974855; -0.00867648; -0.00480488
61.6; 592690; 405802; -0.00797762; -0.00702267; -0.0070331; -0.00608572; -0.00402837
61.8; 584137; 403091; -0.00603179; -0.00518815; -0.00629211; -0.00545596; -0.00529516
62; 574785; 400391; -0.00605096; -0.00531845; -0.0075237; -0.00680535; -0.00855182
62.2; 565070; 398404; -0.00806389; -0.0074162; -0.0107278; -0.0100942; -0.0137237
62.4; 554852; 396073; -0.0120208; -0.0115245; -0.0158275; -0.0153451; -0.0207531
62.6; 544881; 394515; -0.0179031; -0.0175065; -0.0227884; -0.0224095; -0.0295128
62.8; 535911; 393337; -0.0255591; -0.0252793; -0.0314284; -0.0311673; -0.0398049
63; 527812; 392351; -0.0348517; -0.0346506; -0.0415779; -0.0413939; -0.0513798
63.2; 519711; 392791; -0.0455426; -0.0454229; -0.0529941; -0.0528746; -0.06399
63.4; 511291; 393595; -0.0574151; -0.0573615; -0.0655137; -0.0653142; -0.0773881
63.6; 502920; 393732; -0.0702748; -0.0701564; -0.0787129; -0.0786364; -0.0913533
63.8; 494543; 394078; -0.0837831; -0.0836834; -0.0925224; -0.0924361; -0.10562
64; 484977; 395525; -0.0977223; -0.0976683; -0.106587; -0.106537; -0.1199
64.2; 475653; 397021; -0.111883; -0.111818; -0.120677; -0.120628; -0.133883
64.4; 467881; 398380; -0.125945; -0.125884; -0.134487; -0.134419; -0.147251
64.6; 461431; 400547; -0.13962; -0.139524; -0.147706; -0.147611; -0.159714
64.8; 456646; 403757; -0.152581; -0.152439; -0.16004; -0.159903; -0.17101
65; 452799; 406629; -0.164555; -0.164357; -0.171254; -0.171048; -0.180946
65.2; 450134; 409601; -0.175297; -0.17503; -0.181115; -0.18085; -0.189356
65.4; 450208; 412082; -0.184589; -0.184245; -0.189444; -0.189092; -0.196076
65.6; 452427; 413864; -0.192252; -0.191827; -0.196058; -0.19562; -0.200945
65.8; 455143; 415821; -0.198175; -0.197649; -0.200852; -0.20032; -0.203871
66; 458513; 418499; -0.202248; -0.201602; -0.203747; -0.203081; -0.204773
66.2; 463471; 421486; -0.204367; -0.203608; -0.20464; -0.203867; -0.203632
66.4; 469524; 424387; -0.204468; -0.203591; -0.203503; -0.202605; -0.200417
66.6; 476019; 426909; -0.202536; -0.201534; -0.200331; -0.199305; -0.195166
66.8; 482578; 429089; -0.198582; -0.197473; -0.195169; -0.194039; -0.187992
67; 488901; 430994; -0.192702; -0.191476; -0.188166; -0.186918; -0.179107
67.2; 495287; 433010; -0.185006; -0.183686; -0.179483; -0.178142; -0.168779
67.4; 502520; 433727; -0.175689; -0.174279; -0.169341; -0.167913; -0.15727
67.6; 511143; 432132; -0.164979; -0.163498; -0.157964; -0.156464; -0.14478
67.8; 520815; 429800; -0.153114; -0.151574; -0.145562; -0.144006; -0.131489
68; 530964; 428463; -0.140328; -0.138768; -0.132353; -0.13079; -0.117605
68.2; 540614; 427001; -0.126806; -0.125334; -0.118561; -0.11705; -0.103384
68.4; 550264; 424497; -0.112939; -0.111376; -0.104543; -0.102978; -0.0891178
68.6; 560311; 422174; -0.098833; -0.0972873; -0.0905399; -0.0888928; -0.0751616
68.8; 569804; 420845; -0.0848765; -0.0832635; -0.0768121; -0.0751613; -0.0618543
69; 578484; 418843; -0.0713067; -0.0696961; -0.0636916; -0.0620733; -0.0495124
69.2; 586684; 415681; -0.0584265; -0.0568559; -0.0514419; -0.0498719; -0.0383222
69.4; 593613; 412208; -0.0465223; -0.045028; -0.040309; -0.0388145; -0.02849
69.6; 598012; 409501; -0.0358069; -0.0344745; -0.0304618; -0.0291288; -0.0201413
69.8; 599270; 407922; -0.0265621; -0.0252584; -0.0221607; -0.0208539; -0.0133728
70; 597685; 406715; -0.0188307; -0.0176507; -0.0154319; -0.0142599; -0.00834359
70.2; 594011; 404506; -0.0128172; -0.0117196; -0.0104926; -0.00939617; -0.00517046
70.4; 587909; 402249; -0.00858232; -0.00761664; -0.00739526; -0.00643818; -0.00399121
70.6; 579939; 399326; -0.006247; -0.0053888; -0.00625512; -0.00540948; -0.00484719
70.8; 570783; 396655; -0.0058661; -0.00512441; -0.00709271; -0.00636088; -0.00771217
71; 561263; 394765; -0.00748313; -0.0068312; -0.00990673; -0.00927034; -0.0125103
71.2; 551536; 392800; -0.0110532; -0.0105377; -0.0146319; -0.014135; -0.0191794
71.4; 541770; 390688; -0.0165593; -0.0161551; -0.0212359; -0.0208486; -0.0276159
71.6; 532462; 389492; -0.0238722; -0.0235755; -0.0295599; -0.0292807; -0.0376327
71.8; 524073; 388534; -0.0328554; -0.0326442; -0.0394274; -0.0392351; -0.0489767
72; 516194; 388388; -0.0432874; -0.0431634; -0.0505988; -0.0504942; -0.0613887
72.2; 508228; 389472; -0.0549448; -0.0548924; -0.0629004; -0.0627753; -0.0746425
72.4; 500077; 389771; -0.0676226; -0.0675423; -0.0760079; -0.0759164; -0.0885116
72.6; 492094; 389734; -0.0810315; -0.0809402; -0.0896715; -0.0896984; -0.102753
72.8; 482834; 391176; -0.0949248; -0.0948298; -0.10378; -0.103697; -0.117062
73; 473346; 392755; -0.109026; -0.108999; -0.117882; -0.117822; -0.131146
73.2; 465487; 393976; -0.123146; -0.123067; -0.131741; -0.13171; -0.144654
73.4; 459058; 396006; -0.136904; -0.13683; -0.145118; -0.145019; -0.157313
73.6; 453665; 399002; -0.150038; -0.149909; -0.157643; -0.157515; -0.168854
73.8; 449446; 402318; -0.162244; -0.16205; -0.169096; -0.16892; -0.179071
74; 446992; 405193; -0.17324; -0.173007; -0.179253; -0.178993; -0.187787
74.2; 446708; 407526; -0.182851; -0.182519; -0.187892; -0.187571; -0.194854
74.4; 448345; 409445; -0.190851; -0.190448; -0.19487; -0.194454; -0.200111
74.6; 450699; 411630; -0.197132; -0.196634; -0.200048; -0.199534; -0.203452
74.8; 454281; 414106; -0.201569; -0.200949; -0.203313; -0.202684; -0.204763
75; 459026; 416765; -0.204071; -0.203345; -0.204609; -0.203855; -0.204027
75.2; 464710; 419649; -0.204585; -0.203729; -0.203874; -0.203005; -0.201222
75.4; 470957; 422616; -0.203063; -0.20209; -0.201109; -0.200115; -0.196371
75.6; 477333; 424902; -0.199513; -0.198428; -0.196338; -0.195228; -0.189553
75.8; 483507; 426905; -0.194016; -0.192817; -0.189691; -0.188469; -0.180984
76; 489787; 428563; -0.186677; -0.185379; -0.181328; -0.180011; -0.170914
76.2; 496750; 429862; -0.177665; -0.176273; -0.17146; -0.170049; -0.159625
76.4; 504635; 428619; -0.167204; -0.165737; -0.16031; -0.158822; -0.147324
76.6; 513757; 426180; -0.155548; -0.154021; -0.148099; -0.146555; -0.134198
76.8; 524258; 424607; -0.142923; -0.141356; -0.135029; -0.133454; -0.120399
77; 534158; 423279; -0.129504; -0.128052; -0.121306; -0.11982; -0.106217
77.2; 543733; 420808; -0.115709; -0.114152; -0.107323; -0.105762; -0.0919125
77.4; 553730; 418811; -0.101627; -0.10007; -0.0932539; -0.0916814; -0.0778513
77.6; 562762; 417249; -0.087593; -0.0860495; -0.0794311; -0.077882; -0.0643979
77.8; 571302; 414815; -0.0739142; -0.072387; -0.0661724; -0.0646495; -0.0518469
78; 579522; 411885; -0.0608614; -0.0593856; -0.0537336; -0.0522484; -0.0404203
78.2; 586752; 408582; -0.0487542; -0.0473124; -0.0423715; -0.0409275; -0.0303012
78.4; 591553; 405940; -0.0378034; -0.0364347; -0.0322701; -0.0309031; -0.0216223
78.6; 593251; 404146; -0.0282492; -0.0269431; -0.0236499; -0.0223417; -0.0145413
78.8; 592528; 402799; -0.020215; -0.0190139; -0.0166039; -0.0154092; -0.00915553
79; 589833; 400912; -0.0138562; -0.0127478; -0.0112986; -0.0101927; -0.00559112
79.2; 583994; 399051; -0.00927061; -0.00828036; -0.00783805; -0.00685518; -0.00402055
79.4; 576440; 396039; -0.00655041; -0.00567108; -0.00630879; -0.0054419; -0.00447953
79.6; 567876; 393016; -0.00576299; -0.00500699; -0.00674289; -0.00599748; -0.00695551
79.8; 558418; 391089; -0.00697208; -0.00629906; -0.00916583; -0.00850751; -0.0113873
80; 548801; 389058; -0.0101397; -0.00959979; -0.0135053; -0.0129824; -0.0176962
80.2; 539535; 387038; -0.0152581; -0.0148394; -0.0197348; -0.0193348; -0.0257829
80.4; 530758; 385276; -0.0222324; -0.0219151; -0.0277365; -0.027437; -0.0355045
80.6; 522130; 384247; -0.0309121; -0.0306907; -0.03732; -0.0371168; -0.0465976
80.8; 513991; 384570; -0.0410918; -0.0409591; -0.0482639; -0.0481496; -0.0588223
81; 506440; 385299; -0.0525316; -0.0524677; -0.0603312; -0.060281; -0.0719281
81.2; 498579; 385905; -0.0649957; -0.064966; -0.0733599; -0.0731997; -0.0856969
81.4; 490321; 386126; -0.0783124; -0.0781647; -0.0868463; -0.086936; -0.0998843
81.6; 481586; 386953; -0.0920517; -0.0920138; -0.10094; -0.100832; -0.114202
81.8; 472494; 388557; -0.106164; -0.106103; -0.115019; -0.11499; -0.128348
82; 464291; 389888; -0.120292; -0.120242; -0.128968; -0.128945; -0.142006
82.2; 457661; 391871; -0.134156; -0.134102; -0.142488; -0.142381; -0.154849
82.4; 452369; 394439; -0.14748; -0.147344; -0.155199; -0.155104; -0.166644
82.6; 448218; 397575; -0.15987; -0.159729; -0.1669; -0.16674; -0.177142
82.8; 445440; 401034; -0.171148; -0.170914; -0.177339; -0.177093; -0.186178
83; 444313; 403734; -0.181036; -0.180732; -0.186281; -0.185994; -0.193595
83.2; 445497; 405297; -0.189351; -0.188978; -0.193606; -0.193197; -0.199211
83.4; 448161; 407246; -0.195989; -0.195506; -0.199126; -0.198652; -0.202931
83.6; 451341; 409848; -0.200803; -0.200228; -0.202795; -0.202192; -0.204645
83.8; 455519; 412987; -0.203733; -0.203026; -0.204508; -0.203783; -0.204332
84; 460878; 415869; -0.204658; -0.203834; -0.204191; -0.203355; -0.201951
84.2; 467232; 418456; -0.203545; -0.202604; -0.20184; -0.20087; -0.197508
84.4; 473556; 420834; -0.200403; -0.199344; -0.197466; -0.196386; -0.191082
84.6; 479505; 423015; -0.195273; -0.194102; -0.191171; -0.189981; -0.182842
84.8; 485614; 424999; -0.188278; -0.187001; -0.183129; -0.18183; -0.173046
85; 492048; 426038; -0.179574; -0.178204; -0.173538; -0.172144; -0.161976
85.2; 499440; 425269; -0.169385; -0.16794; -0.162622; -0.161156; -0.149855
85.4; 508602; 423285; -0.157956; -0.156445; -0.150601; -0.149073; -0.136855
85.6; 518663; 421931; -0.145529; -0.143964; -0.137703; -0.136125; -0.12317
85.8; 528533; 420713; -0.132248; -0.130792; -0.124077; -0.122603; -0.109047
86; 538053; 418528; -0.118519; -0.116983; -0.110181; -0.108559; -0.0947396
86.2; 547503; 416046; -0.10448; -0.10292; -0.0961222; -0.0944672; -0.0806271
86.4; 556654; 414337; -0.0903868; -0.0888506; -0.0822204; -0.0805681; -0.067024
86.6; 565690; 412394; -0.0765985; -0.075066; -0.0688069; -0.0671814; -0.0542604
86.8; 573960; 409442; -0.0633973; -0.0618984; -0.0561709; -0.0545912; -0.0425855
87; 580941; 406489; -0.0510726; -0.0496284; -0.0445687; -0.0430427; -0.0321889
87.2; 586500; 403691; -0.0398821; -0.038505; -0.0341924; -0.0327656; -0.0232121
87.4; 589158; 401455; -0.0300427; -0.0287376; -0.0252219; -0.0239486; -0.0157991
87.6; 588664; 400303; -0.0217054; -0.0204816; -0.0178752; -0.0166605; -0.0100622
87.8; 585888; 398887; -0.0149798; -0.01387; -0.0122054; -0.0110854; -0.00612722
88; 581149; 396407; -0.0100275; -0.00900958; -0.00835256; -0.00736003; -0.00414693
88.2; 574055; 393782; -0.00691236; -0.00601864; -0.0064346; -0.00554249; -0.00420402
88.4; 565486; 390839; -0.00573156; -0.00495148; -0.00646912; -0.00570423; -0.00628235
88.6; 556404; 388423; -0.00654262; -0.00587852; -0.00849214; -0.00784813; -0.0103289
88.8; 547007; 386829; -0.00935719; -0.00877448; -0.0125224; -0.011888; -0.0162702
89; 537726; 384775; -0.0140904; -0.0136524; -0.0183879; -0.0178761; -0.0240146
89.2; 528943; 383372; -0.0206955; -0.0203561; -0.0260529; -0.0256071; -0.0333973
89.4; 520799; 382611; -0.029009; -0.0287925; -0.0352982; -0.0349842; -0.0442304
89.6; 512945; 381753; -0.0388967; -0.0387413; -0.0459924; -0.0457279; -0.0562433
89.8; 505258; 382143; -0.0500856; -0.050022; -0.057844; -0.0576665; -0.0692083
90; 497348; 383349; -0.0623731; -0.0623483; -0.0706523; -0.0705211; -0.0828878
90.2; 489287; 383498; -0.0755749; -0.0754235; -0.0841415; -0.0840673; -0.097017
90.4; 481065; 383872; -0.089256; -0.0892076; -0.0980901; -0.098033; -0.111343
90.6; 472228; 385718; -0.103317; -0.103281; -0.112197; -0.112159; -0.125533
90.8; 463792; 387331; -0.117472; -0.11741; -0.126188; -0.126161; -0.139289
91; 456581; 389360; -0.131393; -0.131346; -0.139799; -0.139722; -0.152318
91.2; 450948; 391712; -0.144825; -0.144721; -0.152682; -0.152596; -0.164335
91.4; 446818; 394615; -0.157428; -0.157282; -0.164613; -0.164465; -0.175126
91.6; 443528; 397865; -0.16895; -0.168741; -0.175331; -0.175105; -0.184488
91.8; 441736; 400836; -0.179155; -0.178862; -0.184607; -0.184325; -0.192251
92; 442566; 402815; -0.18781; -0.187461; -0.192274; -0.191902; -0.198249
92.2; 445477; 404780; -0.194806; -0.194343; -0.198173; -0.197705; -0.202338
92.4; 448577; 407082; -0.19999; -0.199438; -0.202211; -0.201643; -0.204459
92.6; 452214; 409944; -0.203283; -0.202601; -0.204306; -0.203601; -0.204536
92.8; 457322; 412922; -0.204597; -0.203803; -0.204383; -0.203575; -0.202565
93; 463395; 415652; -0.203906; -0.20299; -0.202454; -0.201512; -0.198547
93.2; 469568; 417989; -0.201187; -0.200152; -0.198501; -0.197442; -0.192536
93.4; 475756; 420189; -0.196465; -0.195317; -0.192597; -0.191429; -0.184658
93.6; 481829; 422096; -0.189836; -0.188583; -0.184889; -0.183614; -0.175143
93.8; 488091; 423860; -0.181457; -0.180106; -0.175581; -0.174209; -0.164287
94; 495066; 423499; -0.171543; -0.170114; -0.164905; -0.163456; -0.152347
94.2; 503703; 421194; -0.160327; -0.15883; -0.15307; -0.151556; -0.139482
94.4; 513355; 419718; -0.148079; -0.146526; -0.140333; -0.138762; -0.125929
94.6; 523127; 418545; -0.134957; -0.13347; -0.126841; -0.125341; -0.111887
94.8; 532320; 416468; -0.1213; -0.119789; -0.112982; -0.11141; -0.0976207
95; 542066; 414392; -0.107311; -0.105761; -0.0989564; -0.0972929; -0.083443
95.2; 552222; 412615; -0.0932011; -0.0916693; -0.0849762; -0.0833347; -0.0696929
95.4; 560908; 410685; -0.0793368; -0.0777992; -0.0714398; -0.0698117; -0.0567174
95.6; 568639; 408229; -0.0659895; -0.0644855; -0.0586209; -0.0570488; -0.044812
95.8; 576415; 404896; -0.0534394; -0.0520036; -0.046766; -0.0452575; -0.0341269
96; 582192; 401785; -0.0420108; -0.0406053; -0.0361093; -0.0347123; -0.0248498
96.2; 584385; 399677; -0.0318901; -0.0305737; -0.0268846; -0.0255929; -0.0171439
96.4; 584473; 398457; -0.0232275; -0.0220077; -0.0192156; -0.0179732; -0.0110676
96.6; 582801; 396790; -0.0161861; -0.0150495; -0.0131853; -0.0120661; -0.00676598
96.8; 578721; 394426; -0.0108784; -0.00983802; -0.00898143; -0.00794655; -0.00437577
97; 572253; 392404; -0.00736829; -0.00646999; -0.0066439; -0.00574606; -0.00400739
97.2; 564187; 389494; -0.00580309; -0.0049963; -0.00628228; -0.00549668; -0.00566786
97.4; 554940; 386743; -0.00620649; -0.00552489; -0.00790971; -0.00723985; -0.00932792
97.6; 545567; 385176; -0.0086155; -0.00801417; -0.0115105; -0.0109254; -0.0149027
97.8; 536332; 382781; -0.0129586; -0.0125084; -0.0169919; -0.0165633; -0.0223119
98; 527299; 381041; -0.0192141; -0.0188545; -0.0243141; -0.0239732; -0.0314057
98.2; 519070; 380214; -0.0272035; -0.026961; -0.0332656; -0.0330399; -0.0419697
98.4; 511674; 378984; -0.0367939; -0.0366301; -0.0436789; -0.0435356; -0.0537547
98.6; 504462; 379655; -0.0477378; -0.0476529; -0.0553066; -0.0552408; -0.0665313
98.8; 496695; 380733; -0.0598117; -0.0597807; -0.0679444; -0.0679024; -0.0800664
99; 488609; 380628; -0.072835; -0.0727251; -0.0813703; -0.0812605; -0.0941118
99.2; 480397; 381651; -0.0864279; -0.0863754; -0.0952403; -0.0951618; -0.108431
99.4; 471441; 383137; -0.100459; -0.100388; -0.109315; -0.109315; -0.122695
99.6; 462909; 384229; -0.114595; -0.114561; -0.123405; -0.123333; -0.136578
99.8; 456062; 385806; -0.128608; -0.128551; -0.137091; -0.137043; -0.149784
100; 450477; 388236; -0.142169; -0.142068; -0.150152; -0.150071; -0.162016
100.2; 445358; 391595; -0.154948; -0.154849; -0.162305; -0.162162; -0.173067
100.4; 441772; 394053; -0.166706; -0.166592; -0.173242; -0.173154; -0.182759
100.6; 440940; 396284; -0.177259; -0.176945; -0.182926; -0.182582; -0.190849
100.8; 441106; 399633; -0.186199; -0.185904; -0.190871; -0.190565; -0.197226
101; 442381; 402520; -0.193594; -0.19311; -0.197189; -0.19672; -0.201738
101.2; 445339; 404737; -0.199099; -0.198624; -0.201584; -0.201068; -0.204271
101.4; 449948; 406196; -0.202822; -0.202172; -0.204072; -0.203423; -0.204718
101.6; 454736; 409367; -0.204553; -0.203771; -0.204567; -0.203755; -0.203101
101.8; 459311; 413188; -0.204238; -0.203354; -0.203008; -0.202084; -0.199461
102; 465628; 415826; -0.201898; -0.200878; -0.199432; -0.198402; -0.193839
102.2; 472300; 416907; -0.197524; -0.196423; -0.193886; -0.192761; -0.186342
102.4; 478314; 418587; -0.191278; -0.190051; -0.186558; -0.185303; -0.177189
102.6; 484191; 420255; -0.18326; -0.181921; -0.177587; -0.176224; -0.166623
102.8; 491204; 420786; -0.173641; -0.172231; -0.167168; -0.165737; -0.154883
103; 499668; 419412; -0.162694; -0.161213; -0.155563; -0.154064; -0.142186
103.2; 509135; 417205; -0.150649; -0.149103; -0.142979; -0.141418; -0.128702
103.4; 518614; 416385; -0.137681; -0.136156; -0.129601; -0.128064; -0.114681
103.6; 527891; 415130; -0.124068; -0.122592; -0.115739; -0.114228; -0.100411
103.8; 537034; 412377; -0.110117; -0.108574; -0.101694; -0.100137; -0.0862041
104; 546146; 410058; -0.0960159; -0.0944851; -0.0876986; -0.0861657; -0.0724113
104.2; 555400; 408316; -0.0820736; -0.0805426; -0.0740701; -0.0725321; -0.0592883
104.4; 563607; 405607; -0.0686036; -0.067105; -0.061095; -0.0595949; -0.0471525
104.6; 570963; 402852; -0.0559013; -0.0544531; -0.049048; -0.0475998; -0.0362052
104.8; 577719; 400005; -0.0442338; -0.0428323; -0.0381605; -0.0367564; -0.0266046
105; 581684; 397897; -0.0338123; -0.0324845; -0.0286089; -0.0272837; -0.0185083
105.2; 581796; 396238; -0.0248384; -0.0235993; -0.0205914; -0.0193568; -0.0120882
105.4; 579864; 394748; -0.017445; -0.0162777; -0.0142266; -0.0130645; -0.00741874
105.6; 576086; 392728; -0.0117492; -0.0107072; -0.00963051; -0.00859643; -0.00467148
105.8; 570224; 389794; -0.00788984; -0.00695068; -0.00693512; -0.00600734; -0.00391599
106; 562856; 387123; -0.00593368; -0.00511775; -0.00618582; -0.00538071; -0.0051867
106.2; 554041; 384916; -0.00595672; -0.00525333; -0.00741936; -0.00673335; -0.0084459
106.4; 544822; 383179; -0.00797938; -0.00736233; -0.0106328; -0.0100321; -0.0136217
106.6; 535761; 381151; -0.0119359; -0.011468; -0.0157308; -0.0152813; -0.0206495
106.8; 527030; 379115; -0.0178045; -0.0174289; -0.022678; -0.0223238; -0.0293938
107; 518685; 378065; -0.0254307; -0.0251719; -0.0312973; -0.0310581; -0.03968
107.2; 510778; 376795; -0.0347086; -0.0345244; -0.0414414; -0.041277; -0.051264
107.4; 503397; 376719; -0.0453922; -0.045299; -0.052847; -0.0527729; -0.0638856
107.6; 495966; 378337; -0.057262; -0.0572256; -0.0652988; -0.0652798; -0.0772996
107.8; 488013; 378440; -0.0701195; -0.0700512; -0.0785897; -0.078534; -0.0912663
108; 480337; 378459; -0.0836524; -0.0835636; -0.0924025; -0.0923304; -0.105527
108.2; 471802; 380401; -0.0975935; -0.0975471; -0.106463; -0.106437; -0.119809
108.4; 462813; 382144; -0.111735; -0.111695; -0.120554; -0.120511; -0.133788
108.6; 455601; 383826; -0.125776; -0.125738; -0.134331; -0.134301; -0.147149
108.8; 450502; 385838; -0.139449; -0.139367; -0.147557; -0.147474; -0.159607
109; 445337; 388271; -0.15242; -0.152309; -0.159912; -0.159794; -0.170941
109.2; 441329; 391881; -0.164422; -0.164241; -0.17115; -0.170972; -0.180908
109.4; 439375; 394840; -0.17519; -0.174945; -0.181047; -0.180792; -0.189345
109.6; 439441; 396895; -0.184495; -0.184171; -0.189374; -0.189041; -0.196048
109.8; 441263; 399485; -0.192182; -0.191777; -0.196002; -0.195588; -0.200922
110; 444174; 401702; -0.198111; -0.197605; -0.200807; -0.200285; -0.203847
110.2; 447572; 404215; -0.202175; -0.201551; -0.203684; -0.203047; -0.204744
110.4; 451868; 406957; -0.204289; -0.203548; -0.204582; -0.203817; -0.203597
110.6; 457317; 410078; -0.204408; -0.203548; -0.203459; -0.20258; -0.20041
110.8; 463737; 412443; -0.202514; -0.201532; -0.200326; -0.199321; -0.195194
111; 469781; 414934; -0.198601; -0.197509; -0.195205; -0.194088; -0.18805
111.2; 475504; 416859; -0.192737; -0.191535; -0.188207; -0.186983; -0.179156
111.4; 481702; 419015; -0.185043; -0.18374; -0.179516; -0.178192; -0.168805
111.6; 488341; 419641; -0.175715; -0.174316; -0.169356; -0.167936; -0.157257
111.8; 495705; 417577; -0.164992; -0.163525; -0.157968; -0.15648; -0.144766
112; 504489; 415280; -0.15313; -0.151602; -0.145572; -0.144027; -0.131486
112.2; 514455; 414567; -0.140357; -0.138807; -0.132383; -0.130822; -0.117618
112.4; 523958; 413372; -0.126841; -0.125402; -0.118585; -0.117114; -0.1034
112.6; 534036; 410725; -0.112983; -0.111445; -0.104629; -0.102966; -0.0891029
112.8; 543583; 408499; -0.0989272; -0.097323; -0.0905697; -0.0889388; -0.0751314
113; 552311; 407550; -0.0849481; -0.0833178; -0.0768428; -0.0751973; -0.0618237
113.2; 560441; 405713; -0.0713354; -0.0697508; -0.0636901; -0.0621015; -0.0494631
113.4; 567976; 402235; -0.0584475; -0.0568975; -0.0514372; -0.0498886; -0.0382753
113.6; 574295; 399008; -0.0465311; -0.0450483; -0.0402942; -0.0388127; -0.0284334
113.8; 579308; 396586; -0.0357902; -0.0344819; -0.0304201; -0.0291116; -0.0200609
114; 580747; 394843; -0.0265225; -0.0252605; -0.0220873; -0.0208293; -0.0132647
114.2; 578949; 393604; -0.0188061; -0.0176395; -0.0153736; -0.0142139; -0.00822055
114.4; 575221; 391876; -0.0127689; -0.0116913; -0.01041; -0.009339; -0.00503873
114.6; 569679; 389093; -0.00852851; -0.00757902; -0.00731716; -0.00637614; -0.00387046
114.8; 562211; 386498; -0.00618366; -0.00534497; -0.00617144; -0.00535156; -0.00473904
115; 553842; 384328; -0.00578508; -0.00506062; -0.0070029; -0.00628823; -0.00761345
115.2; 545113; 381786; -0.00739299; -0.00676019; -0.00980778; -0.0091948; -0.0124091
115.4; 536259; 379817; -0.0109562; -0.0104526; -0.0145298; -0.0140463; -0.019075
115.6; 527370; 378016; -0.0164369; -0.0160542; -0.0211081; -0.0207443; -0.0274899
115.8; 518898; 376959; -0.0237299; -0.0234515; -0.0294117; -0.0291527; -0.0374807
116; 510726; 375842; -0.0326903; -0.0324983; -0.0392613; -0.0390903; -0.0488188
116.2; 503039; 375415; -0.0431179; -0.0430055; -0.0504336; -0.0503412; -0.0612338
116.4; 495457; 376695; -0.0547625; -0.0547213; -0.0626833; -0.0626592; -0.0744965
116.6; 487606; 377272; -0.0674249; -0.0673764; -0.0758092; -0.0757738; -0.088361
116.8; 480126; 377297; -0.0808489; -0.0807378; -0.0895477; -0.0894566; -0.102578
117; 471828; 378605; -0.0947042; -0.0946527; -0.103569; -0.103533; -0.116898
117.2; 463059; 380252; -0.10883; -0.108796; -0.117684; -0.117653; -0.130991
117.4; 455823; 381771; -0.12293; -0.122881; -0.131566; -0.131526; -0.14451
117.6; 449880; 383731; -0.136713; -0.136639; -0.144942; -0.144865; -0.15719
117.8; 444817; 386296; -0.149852; -0.149746; -0.157487; -0.157379; -0.168754
118; 440650; 389619; -0.162079; -0.161904; -0.16897; -0.168796; -0.178996
118.2; 438226; 392841; -0.173111; -0.172882; -0.179143; -0.178906; -0.18773
118.4; 437817; 395508; -0.182728; -0.182421; -0.187798; -0.187485; -0.194794
118.6; 439309; 397631; -0.190747; -0.19036; -0.194783; -0.194384; -0.200057
118.8; 442047; 399659; -0.197037; -0.196551; -0.199967; -0.199469; -0.203402
119; 445616; 401920; -0.201491; -0.200895; -0.203254; -0.202641; -0.204734
119.2; 449603; 404831; -0.204017; -0.203299; -0.20457; -0.203833; -0.204027
119.4; 454912; 407889; -0.204549; -0.203713; -0.203867; -0.203009; -0.201256
119.6; 461332; 410275; -0.203063; -0.202107; -0.201133; -0.200154; -0.196433
119.8; 467451; 412650; -0.199548; -0.198493; -0.196394; -0.195314; -0.189654
120; 472722; 414814; -0.194085; -0.192912; -0.18978; -0.188581; -0.181109
120.2; 478495; 416776; -0.186765; -0.18547; -0.18143; -0.180116; -0.17103
120.4; 485332; 417965; -0.177736; -0.176366; -0.171532; -0.170141; -0.159696
120.6; 492969; 416996; -0.167269; -0.165811; -0.160357; -0.158879; -0.147338
120.8; 501132; 414517; -0.155615; -0.154097; -0.148145; -0.146607; -0.134198
121; 510172; 413088; -0.143012; -0.141454; -0.135107; -0.133535; -0.120447
121.2; 520230; 411896; -0.12963; -0.128163; -0.121413; -0.119932; -0.1063
121.4; 530190; 409897; -0.115827; -0.114309; -0.107436; -0.105901; -0.0920051
121.6; 539613; 407722; -0.101756; -0.100224; -0.0933669; -0.0918174; -0.0779353
121.8; 548241; 406108; -0.0877192; -0.0861867; -0.07953; -0.0780038; -0.0644601
122; 556666; 404227; -0.0740037; -0.0725043; -0.0662397; -0.0647365; -0.0518663
122.2; 563947; 401553; -0.0609334; -0.0594667; -0.0537749; -0.0522997; -0.0404074
122.4; 570152; 398266; -0.0488021; -0.0473816; -0.0423869; -0.0409707; -0.0302708
122.6; 575123; 394936; -0.0378576; -0.0365095; -0.0323014; -0.0309524; -0.0216168
122.8; 578139; 392778; -0.0282827; -0.0270065; -0.0236526; -0.0223796; -0.0145054
123; 577100; 392512; -0.0202426; -0.0190562; -0.0166069; -0.0154244; -0.00911647
123.2; 573857; 391266; -0.0138694; -0.0127743; -0.0112895; -0.0102018; -0.00554752
123.4; 569214; 388213; -0.00925145; -0.00826923; -0.00779465; -0.00682221; -0.00393473
123.6; 562435; 385154; -0.00649395; -0.00563826; -0.00622528; -0.00538207; -0.00435998
123.8; 553661; 382825; -0.00569123; -0.0049413; -0.00664678; -0.00591096; -0.00682263
124; 544724; 381322; -0.00687412; -0.00622844; -0.00904855; -0.00841978; -0.0112524
124.2; 535698; 379014; -0.0100431; -0.00950722; -0.0133942; -0.0128777; -0.0175603
124.4; 526732; 376400; -0.0151487; -0.0147379; -0.0196155; -0.0192239; -0.0256558
124.6; 518386; 374718; -0.0221131; -0.0218017; -0.0276058; -0.0273149; -0.035359
124.8; 510706; 374805; -0.0307422; -0.0305565; -0.0371436; -0.0369786; -0.046426
125; 503489; 374785; -0.0408929; -0.0407684; -0.0480646; -0.0479601; -0.0586251
125.2; 496284; 374450; -0.0523124; -0.0522528; -0.0601137; -0.0600727; -0.0717284
125.4; 488438; 375352; -0.0647585; -0.06474; -0.0730562; -0.0730576; -0.0854939
125.6; 480237; 375966; -0.0780642; -0.077941; -0.0867205; -0.0866151; -0.0996726
125.8; 472120; 376961; -0.0918399; -0.0917895; -0.100691; -0.10066; -0.11401
126; 463779; 378104; -0.105936; -0.105905; -0.114814; -0.114788; -0.12816
126.2; 456134; 379825; -0.120076; -0.120036; -0.128774; -0.128738; -0.141816
126.4; 449839; 382451; -0.133948; -0.133889; -0.142272; -0.142211; -0.154689
126.6; 444661; 384890; -0.147254; -0.147152; -0.155019; -0.154917; -0.166501
126.8; 440407; 387628; -0.159676; -0.15952; -0.166726; -0.166569; -0.177014
127; 437379; 390873; -0.17096; -0.170746; -0.177175; -0.176956; -0.186076
127.2; 436488; 393619; -0.180875; -0.180585; -0.186155; -0.185861; -0.1935
127.4; 437985; 395557; -0.189228; -0.188859; -0.193493; -0.193111; -0.199147
127.6; 440660; 397704; -0.19588; -0.195417; -0.19905; -0.198574; -0.202884
127.8; 443451; 400130; -0.200726; -0.200154; -0.20274; -0.20215; -0.20464
128; 447603; 403161; -0.203659; -0.202965; -0.204463; -0.20375; -0.204337
128.2; 452817; 406001; -0.204603; -0.203793; -0.204167; -0.203337; -0.201971
128.4; 458631; 408574; -0.20353; -0.202605; -0.201846; -0.200897; -0.19756
128.6; 464776; 411082; -0.200414; -0.199387; -0.197501; -0.196449; -0.191168
128.8; 470763; 413403; -0.195334; -0.194189; -0.191253; -0.190083; -0.182958
129; 476331; 415092; -0.188373; -0.187121; -0.183237; -0.181961; -0.173179
129.2; 482095; 416311; -0.179702; -0.178336; -0.173666; -0.172281; -0.162103
129.4; 489688; 415830; -0.169506; -0.168075; -0.162734; -0.161283; -0.149953
129.6; 498595; 413684; -0.158075; -0.156571; -0.150708; -0.149186; -0.136934
129.8; 507613; 412320; -0.145639; -0.14409; -0.137803; -0.136239; -0.123248
130; 516288; 411376; -0.13238; -0.130919; -0.124206; -0.122723; -0.109156
130.2; 525502; 409450; -0.118657; -0.117152; -0.110303; -0.108736; -0.094875
130.4; 535607; 407222; -0.104635; -0.103074; -0.0962654; -0.0946092; -0.0807355
130.6; 544674; 405130; -0.0906025; -0.0889724; -0.0823553; -0.0807144; -0.0671074
130.8; 552663; 404018; -0.0767989; -0.0752; -0.0689288; -0.0673311; -0.0543254
131; 561192; 401529; -0.0635637; -0.0620265; -0.0562716; -0.0547222; -0.0426405
131.2; 568216; 398062; -0.0511639; -0.0497857; -0.0445826; -0.0431976; -0.0322082
131.4; 572213; 395012; -0.0399746; -0.0385811; -0.0342243; -0.0328333; -0.0232005
131.6; 574940; 392640; -0.0300929; -0.0287913; -0.0252581; -0.0239636; -0.0157673
131.8; 576155; 390719; -0.0216876; -0.0204887; -0.0178317; -0.0166485; -0.0099949
132; 574125; 389858; -0.0149343; -0.0138119; -0.0121314; -0.0110011; -0.00599457
132.2; 568435; 388250; -0.00993866; -0.00895384; -0.00824035; -0.00727921; -0.00400426
132.4; 561812; 384798; -0.00686097; -0.00597324; -0.00634986; -0.00546587; -0.00405917
132.6; 553855; 382483; -0.00569401; -0.00494024; -0.00639617; -0.00565941; -0.00616501
132.8; 544376; 380526; -0.00652851; -0.00585335; -0.00845059; -0.00779358; -0.0102277
133; 535819; 378494; -0.00930472; -0.00875571; -0.0124147; -0.0118811; -0.016179
133.2; 527802; 376382; -0.0140042; -0.0135676; -0.0182435; -0.017826; -0.0238978
133.4; 519674; 374317; -0.020545; -0.020223; -0.0258345; -0.0255353; -0.033256
133.6; 511447; 373327; -0.0288134; -0.0285962; -0.0350484; -0.0348498; -0.0440439
133.8; 503575; 373022; -0.0386564; -0.0385207; -0.0456947; -0.0455782; -0.056033
134; 496266; 373295; -0.0498482; -0.0497782; -0.0575425; -0.0574922; -0.0689797
134.2; 488870; 374184; -0.0621382; -0.0621271; -0.0703488; -0.0703573; -0.0826484
134.4; 480813; 374647; -0.0753326; -0.0752253; -0.0839185; -0.0838391; -0.09678
134.6; 472827; 375688; -0.0890324; -0.0889747; -0.0978566; -0.097811; -0.111113
134.8; 464798; 377375; -0.103072; -0.103052; -0.111957; -0.111945; -0.125325
135; 457279; 378447; -0.11721; -0.117154; -0.12596; -0.125916; -0.139088
135.2; 451095; 380030; -0.131119; -0.131076; -0.139546; -0.139494; -0.152132
135.4; 445082; 382905; -0.144559; -0.144463; -0.152461; -0.152367; -0.164175
135.6; 440143; 386006; -0.157191; -0.157056; -0.164413; -0.164276; -0.174991
135.8; 437575; 388783; -0.168763; -0.168569; -0.175169; -0.174967; -0.184384
136; 436779; 391816; -0.179; -0.178718; -0.184476; -0.18419; -0.192144
136.2; 437254; 394422; -0.187685; -0.187343; -0.192156; -0.191802; -0.198156
136.4; 439339; 396523; -0.194701; -0.194252; -0.198094; -0.197632; -0.202294
136.6; 442584; 398555; -0.199889; -0.199348; -0.202137; -0.20158; -0.204434
136.8; 446371; 400931; -0.203195; -0.202524; -0.204249; -0.203557; -0.204537
137; 451003; 404014; -0.20454; -0.203757; -0.204365; -0.203563; -0.202609
137.2; 456982; 407023; -0.203886; -0.202982; -0.202469; -0.201541; -0.198627
137.4; 463162; 409333; -0.201211; -0.200203; -0.198554; -0.197522; -0.192645
137.6; 468818; 411517; -0.196539; -0.195424; -0.19269; -0.191551; -0.184789
137.8; 474535; 413658; -0.189969; -0.188717; -0.185029; -0.183755; -0.175288
138; 480741; 415362; -0.181605; -0.18027; -0.175726; -0.17437; -0.164427
138.2; 487153; 415109; -0.171697; -0.170268; -0.165056; -0.163607; -0.152486
138.4; 494931; 412622; -0.160484; -0.158996; -0.153233; -0.151727; -0.139654
138.6; 504399; 411165; -0.14823; -0.146687; -0.140492; -0.138931; -0.126099
138.8; 514266; 410618; -0.135133; -0.133639; -0.127025; -0.12552; -0.112074
139; 523749; 408501; -0.121475; -0.119993; -0.113152; -0.111611; -0.0977944
139.2; 532742; 406236; -0.10751; -0.105967; -0.0991387; -0.0974831; -0.0835931
139.4; 541876; 404963; -0.0934672; -0.0918427; -0.0851653; -0.0835348; -0.0698346
139.6; 550738; 403478; -0.0795852; -0.0779697; -0.0716194; -0.0699941; -0.0568373
139.8; 558334; 401116; -0.0662069; -0.064646; -0.058773; -0.0572061; -0.0448997
140; 565580; 397737; -0.0536159; -0.0521487; -0.0468813; -0.0454025; -0.0341962
140.2; 570870; 394527; -0.0421011; -0.0407464; -0.0361758; -0.0348277; -0.0248971
140.4; 573933; 391237; -0.0319622; -0.0306353; -0.0269505; -0.0256104; -0.0171407
140.6; 574750; 390394; -0.0232726; -0.0220409; -0.0192197; -0.0180049; -0.0110404
140.8; 573321; 389583; -0.0161625; -0.0150542; -0.013149; -0.0120425; -0.00669426
141; 569463; 387199; -0.0108408; -0.00979261; -0.00892284; -0.00787816; -0.00426959
141.2; 562447; 384665; -0.00732279; -0.00643751; -0.00656833; -0.00570479; -0.00391272
141.4; 554421; 382334; -0.00575416; -0.00495895; -0.00621909; -0.00542892; -0.00556043
141.6; 545870; 379732; -0.00614026; -0.00547421; -0.00781727; -0.00717078; -0.0092126
141.8; 536886; 377800; -0.00854958; -0.00796092; -0.0114136; -0.0108473; -0.0147684
142; 528136; 376120; -0.0128626; -0.012411; -0.0168679; -0.0164341; -0.022131
142.2; 520133; 374292; -0.0190483; -0.0187132; -0.0241244; -0.0238098; -0.0311887
142.4; 512589; 372732; -0.0269985; -0.0267529; -0.0330422; -0.0328186; -0.0417208
142.6; 504418; 371556; -0.036548; -0.0363902; -0.0434296; -0.0432919; -0.0535033
142.8; 497196; 371818; -0.0474717; -0.0473904; -0.0550518; -0.0549873; -0.0662951
143; 490328; 372732; -0.0595395; -0.0595174; -0.0676735; -0.0676689; -0.0798449
143.2; 482641; 373145; -0.0725416; -0.0724798; -0.0810812; -0.0810388; -0.0938819
143.4; 474814; 373645; -0.0861658; -0.0860912; -0.09497; -0.0949073; -0.108188
143.6; 467095; 375195; -0.100161; -0.10013; -0.109055; -0.109037; -0.122438
143.8; 458447; 377382; -0.114318; -0.114277; -0.12312; -0.123076; -0.136329
144; 451781; 378566; -0.128323; -0.128274; -0.136824; -0.136778; -0.149539
144.2; 446205; 380306; -0.141882; -0.14181; -0.149902; -0.149826; -0.161811
144.4; 441363; 383900; -0.154694; -0.154566; -0.162064; -0.161936; -0.172893
144.6; 438556; 387219; -0.166474; -0.166288; -0.173054; -0.172867; -0.182564
144.8; 436656; 389798; -0.176982; -0.176729; -0.18267; -0.182407; -0.190689
145; 436461; 391942; -0.186006; -0.185688; -0.190703; -0.190379; -0.197093
145.2; 438544; 394692; -0.193411; -0.192989; -0.197044; -0.196602; -0.20164
145.4; 441847; 397313; -0.199016; -0.198487; -0.201504; -0.200965; -0.204203
145.6; 445308; 399295; -0.202713; -0.202087; -0.204014; -0.203365; -0.204724
145.8; 449585; 402183; -0.204461; -0.203719; -0.204534; -0.203768; -0.203193
146; 455306; 405074; -0.204219; -0.203326; -0.203039; -0.20213; -0.199592
146.2; 461626; 407720; -0.201927; -0.200931; -0.199509; -0.198485; -0.193989
146.4; 466726; 409939; -0.197632; -0.196544; -0.19402; -0.192906; -0.186516
146.6; 471955; 412000; -0.191437; -0.190213; -0.186722; -0.185478; -0.177358
146.8; 478655; 413615; -0.183433; -0.182114; -0.177753; -0.176411; -0.166785
147; 485769; 413689; -0.173836; -0.172419; -0.167348; -0.16591; -0.155027
147.2; 493261; 411830; -0.162884; -0.161411; -0.155746; -0.154252; -0.142353
147.4; 501478; 410168; -0.150846; -0.149316; -0.143191; -0.141644; -0.128935
147.6; 511164; 410017; -0.137907; -0.136375; -0.129854; -0.128311; -0.114965
147.8; 521147; 408069; -0.124305; -0.122846; -0.115996; -0.114504; -0.100708
148; 530102; 404796; -0.110371; -0.108853; -0.10201; -0.100354; -0.0864559
148.2; 538834; 403711; -0.0963208; -0.0946964; -0.0879836; -0.0863549; -0.0725996
148.4; 547788; 403233; -0.0823776; -0.0807649; -0.0743376; -0.0727129; -0.059431
148.6; 555930; 400415; -0.0688859; -0.0673168; -0.0613343; -0.0597598; -0.047262
148.8; 563454; 396370; -0.0561607; -0.0546273; -0.0492675; -0.0477317; -0.0362944
149; 569548; 393677; -0.0444481; -0.0429965; -0.0383469; -0.0368946; -0.0267111
149.2; 573104; 391960; -0.0339586; -0.0326743; -0.0287419; -0.0274635; -0.0186461
149.4; 574145; 390292; -0.0249633; -0.0237271; -0.0207112; -0.0194741; -0.0121859
149.6; 572644; 388337; -0.0175373; -0.0163926; -0.0143019; -0.0131694; -0.00748535
149.8; 568963; 386110; -0.0118279; -0.0107849; -0.0096836; -0.00864574; -0.00467158
150; 562919; 384459; -0.00792151; -0.0069957; -0.006933; -0.00601862; -0.00386177
150.2; 555437; 381899; -0.00593501; -0.00512865; -0.00614638; -0.00535903; -0.00509355
150.4; 546958; 379228; -0.00591162; -0.00521593; -0.00734434; -0.00666245; -0.00831957
150.6; 538162; 377383; -0.00788471; -0.00727795; -0.0105131; -0.00992536; -0.0134711
150.8; 529333; 375640; -0.0117955; -0.0113338; -0.0155715; -0.0151325; -0.0204685
151; 520644; 373816; -0.0176213; -0.0172525; -0.0224845; -0.0221354; -0.0291834
151.2; 512427; 372012; -0.0252262; -0.0249733; -0.0310797; -0.0308476; -0.0394451
151.4; 504573; 371350; -0.0344749; -0.0343039; -0.0411938; -0.041044; -0.0509994
151.6; 497259; 371704; -0.0451353; -0.0450468; -0.0525783; -0.0525105; -0.0635986
151.8; 490085; 372506; -0.0569848; -0.0569544; -0.0650108; -0.0649985; -0.0770005
152; 482327; 372650; -0.0698292; -0.069743; -0.0782871; -0.0782326; -0.0909633
152.2; 474729; 373272; -0.0833288; -0.0832569; -0.092089; -0.0920232; -0.105228
152.4; 466894; 374788; -0.0972687; -0.0972265; -0.106149; -0.106129; -0.119516
152.6; 458606; 376367; -0.111423; -0.111377; -0.120251; -0.120213; -0.13351
152.8; 451535; 378111; -0.125466; -0.125447; -0.134045; -0.134022; -0.146898
153; 445902; 380293; -0.13916; -0.139084; -0.147289; -0.147218; -0.159383
153.2; 440748; 383402; -0.152145; -0.152038; -0.159663; -0.159549; -0.170736
153.4; 436981; 386619; -0.164174; -0.163998; -0.170928; -0.170751; -0.180726
153.6; 434999; 389141; -0.174959; -0.174724; -0.180835; -0.180595; -0.189175
153.8; 435097; 391465; -0.184295; -0.183979; -0.1892; -0.188873; -0.195917
154; 437175; 394090; -0.192017; -0.191617; -0.195861; -0.195452; -0.200824
154.2; 439726; 396484; -0.197989; -0.197493; -0.200709; -0.200196; -0.203788
154.4; 442987; 398707; -0.202099; -0.201483; -0.203636; -0.203002; -0.204736
154.6; 447500; 401544; -0.204254; -0.203521; -0.204571; -0.203819; -0.203634
154.8; 452815; 404705; -0.204418; -0.203567; -0.203502; -0.202628; -0.2005
155; 458884; 407129; -0.202548; -0.201592; -0.200397; -0.199417; -0.195336
155.2; 465069; 409140; -0.198667; -0.197597; -0.195306; -0.19421; -0.188222
155.4; 470609; 411381; -0.192855; -0.191662; -0.188359; -0.187141; -0.179368
155.6; 475915; 413050; -0.185216; -0.183906; -0.179715; -0.178383; -0.16904
155.8; 482544; 413921; -0.175904; -0.174519; -0.16956; -0.168155; -0.157486
156; 490491; 412174; -0.165204; -0.163741; -0.15817; -0.156689; -0.14495
156.2; 499001; 410610; -0.153351; -0.151832; -0.145774; -0.144236; -0.131646
156.4; 507553; 409743; -0.140593; -0.139045; -0.132602; -0.131043; -0.117805
156.6; 516815; 408084; -0.1271; -0.125655; -0.118834; -0.117363; -0.103629
156.8; 527118; 404943; -0.113241; -0.111712; -0.104892; -0.103228; -0.0893655
157; 536990; 403449; -0.0991982; -0.0975815; -0.0908321; -0.0892005; -0.0753885
157.2; 545139; 403031; -0.0851947; -0.0835857; -0.0770853; -0.075456; -0.062057
157.4; 553361; 400901; -0.0715804; -0.0699975; -0.0639152; -0.0623288; -0.049654
157.6; 561819; 396928; -0.0586617; -0.0571174; -0.0516183; -0.0500753; -0.0383983
157.8; 567670; 393791; -0.0467335; -0.0452577; -0.0404589; -0.0389848; -0.0285297
158; 571142; 391649; -0.0359714; -0.0346691; -0.0305751; -0.029272; -0.0201695
158.2; 573202; 390172; -0.0266688; -0.0254174; -0.0222171; -0.0209674; -0.0133657
158.4; 572335; 388466; -0.0189212; -0.0177575; -0.0154698; -0.0143187; -0.00829548
158.6; 568815; 386515; -0.0128569; -0.0117969; -0.0104818; -0.00942296; -0.00508118
158.8; 563388; 384535; -0.00857982; -0.00763125; -0.00733408; -0.0064005; -0.00383891
159; 556312; 381773; -0.00619166; -0.00536022; -0.00613961; -0.00532364; -0.00463808
159.2; 547893; 379422; -0.00575322; -0.00503694; -0.00692669; -0.00622308; -0.00746682
159.4; 539058; 377664; -0.00730537; -0.006693; -0.00968841; -0.00909727; -0.0122511
159.6; 530032; 375324; -0.0108419; -0.0103246; -0.0143952; -0.0138976; -0.0188973
159.8; 521149; 373377; -0.0162671; -0.0159059; -0.0209288; -0.0205864; -0.0273073
160; 512986; 372032; -0.0235414; -0.0232484; -0.0292158; -0.0289448; -0.037272
160.2; 505897; 370908; -0.0324587; -0.0322795; -0.0390194; -0.0388623; -0.0485698
160.4; 498910; 370503; -0.042856; -0.0427479; -0.0501617; -0.0500725; -0.0609489
160.6; 491605; 371628; -0.0544758; -0.0544418; -0.0623866; -0.0623714; -0.0741852
160.8; 484198; 372179; -0.0671174; -0.0670903; -0.0754944; -0.0754923; -0.0880655
161; 476335; 372243; -0.0805521; -0.0804349; -0.0892642; -0.0891581; -0.102304
161.2; 468345; 373699; -0.0943996; -0.094358; -0.103273; -0.103258; -0.116641
161.4; 460038; 375190; -0.108523; -0.108495; -0.117399; -0.117369; -0.13073
161.6; 453047; 376755; -0.122621; -0.122582; -0.131276; -0.131242; -0.144257
161.8; 447247; 378663; -0.136395; -0.13633; -0.144641; -0.144575; -0.156927
162; 441851; 381318; -0.149547; -0.149463; -0.157205; -0.157117; -0.168526
162.2; 437813; 384062; -0.161768; -0.161697; -0.168697; -0.168616; -0.178827
162.4; 436179; 386912; -0.172911; -0.172643; -0.178974; -0.178725; -0.18763
162.6; 435353; 389956; -0.18253; -0.182288; -0.18767; -0.187384; -0.194766
162.8; 434991; 393600; -0.190626; -0.190313; -0.194707; -0.194392; -0.200109
163; 437433; 395897; -0.196993; -0.196546; -0.199956; -0.199483; -0.203447
163.2; 441243; 397765; -0.201502; -0.200918; -0.203247; -0.202675; -0.204739
163.4; 444994; 399981; -0.204078; -0.20334; -0.204602; -0.203847; -0.203997
163.6; 449747; 403780; -0.204601; -0.203797; -0.203897; -0.203059; -0.20125
163.8; 455915; 406905; -0.20315; -0.202174; -0.201211; -0.200224; -0.196493
164; 462304; 407483; -0.199643; -0.198583; -0.196505; -0.195421; -0.18979
164.2; 468014; 410048; -0.194189; -0.192999; -0.189923; -0.188705; -0.181296
164.4; 473374; 412297; -0.186872; -0.185592; -0.181582; -0.180279; -0.171258
164.6; 480471; 412748; -0.177887; -0.176519; -0.171719; -0.170329; -0.159929
164.8; 487352; 411478; -0.167469; -0.166012; -0.160578; -0.159104; -0.147592
165; 494705; 409083; -0.155872; -0.154358; -0.148403; -0.14687; -0.134458
165.2; 504032; 409086; -0.143285; -0.141719; -0.13536; -0.133779; -0.120651
165.4; 514063; 408899; -0.12992; -0.128439; -0.12167; -0.120184; -0.106497
165.6; 523097; 405736; -0.116098; -0.114603; -0.107687; -0.106163; -0.0922148
165.8; 532250; 402836; -0.102026; -0.10047; -0.093615; -0.0920571; -0.0781475
166; 541269; 401901; -0.0879468; -0.0864407; -0.079753; -0.0782407; -0.0646613
166.2; 548696; 400020; -0.0742282; -0.0727253; -0.0664551; -0.0649452; -0.0520594
166.4; 555766; 396842; -0.0611719; -0.0596957; -0.053991; -0.0525199; -0.0405865
166.6; 562649; 393857; -0.0490278; -0.047626; -0.0425865; -0.0411755; -0.0304121
166.8; 567613; 390929; -0.0380422; -0.0366926; -0.0324358; -0.0310919; -0.0216716
167; 569872; 389149; -0.0284231; -0.027165; -0.0237549; -0.0224919; -0.0145362
167.2; 570435; 387317; -0.0203393; -0.0191193; -0.0166709; -0.0154559; -0.00910534
167.4; 568703; 385665; -0.0138387; -0.0127512; -0.0112296; -0.0101722; -0.00547591
167.6; 563792; 383529; -0.00916639; -0.00817335; -0.00770922; -0.00671969; -0.00383104
167.8; 556599; 380521; -0.00639254; -0.0055419; -0.00611747; -0.00528475; -0.00425229
168; 548324; 378154; -0.00561989; -0.00485364; -0.00655503; -0.0058126; -0.00668914
168.2; 539516; 376314; -0.0067994; -0.00618046; -0.00894613; -0.008339; -0.0111129
168.4; 530570; 374344; -0.00998618; -0.00946502; -0.0132969; -0.0127916; -0.0173935
168.6; 521782; 372562; -0.0150701; -0.0146749; -0.0194952; -0.0191216; -0.0254724
168.8; 513774; 370576; -0.0219501; -0.02166; -0.0274183; -0.0271488; -0.0351478
169; 506681; 369402; -0.0305317; -0.0303214; -0.0369286; -0.036738; -0.0461959
169.2; 499673; 368795; -0.0405945; -0.0404743; -0.0477748; -0.0476769; -0.0583561
169.4; 492894; 369497; -0.0519583; -0.0519165; -0.0597773; -0.0597556; -0.0714326
169.6; 485171; 370247; -0.0644096; -0.0644043; -0.0727212; -0.0727295; -0.0851829
169.8; 476665; 370476; -0.0777506; -0.077637; -0.0864006; -0.0863128; -0.0993613
170; 469371; 371426; -0.0915515; -0.091516; -0.100403; -0.100379; -0.113713
170.2; 461705; 373423; -0.105651; -0.105634; -0.114533; -0.114517; -0.127885
170.4; 454094; 375198; -0.119797; -0.11973; -0.128502; -0.128449; -0.14156
170.6; 447118; 376628; -0.13361; -0.133601; -0.14196; -0.141946; -0.154446
170.8; 441755; 378685; -0.146919; -0.146864; -0.154728; -0.154664; -0.1663
171; 438963; 381119; -0.159388; -0.159228; -0.166476; -0.166344; -0.176869
171.2; 437198; 384807; -0.170692; -0.170513; -0.176977; -0.176754; -0.185961
171.4; 435142; 388601; -0.180705; -0.180388; -0.186019; -0.185715; -0.193428
171.6; 435169; 390682; -0.189088; -0.18874; -0.193395; -0.193031; -0.199122
171.8; 438866; 392047; -0.195787; -0.195321; -0.198992; -0.198507; -0.20287
172; 442315; 394605; -0.200658; -0.200102; -0.202686; -0.202126; -0.204633
172.2; 445059; 398282; -0.203629; -0.20294; -0.204465; -0.203744; -0.204376
172.4; 449887; 401050; -0.204604; -0.203801; -0.204197; -0.203382; -0.202061
172.6; 456121; 402913; -0.203557; -0.202636; -0.201911; -0.200963; -0.197686
172.8; 461855; 405439; -0.200486; -0.19947; -0.197613; -0.196566; -0.19134
173; 467283; 408245; -0.195453; -0.194312; -0.191405; -0.190242; -0.183167
173.2; 473181; 409795; -0.188544; -0.18728; -0.183433; -0.182147; -0.173406
173.4; 479272; 410798; -0.179886; -0.178538; -0.173868; -0.172497; -0.162333
173.6; 485781; 410173; -0.169745; -0.168308; -0.162986; -0.161528; -0.150218
173.8; 493552; 408294; -0.158349; -0.156856; -0.150997; -0.149484; -0.137245
174; 502907; 408008; -0.14593; -0.144388; -0.138105; -0.136545; -0.123563
174.2; 512775; 407175; -0.132693; -0.131216; -0.124514; -0.123024; -0.109449
174.4; 521888; 404068; -0.118945; -0.117453; -0.110583; -0.10902; -0.0951389
174.6; 530434; 401978; -0.104936; -0.103377; -0.0965471; -0.0949112; -0.0810084
174.8; 538955; 401503; -0.0908949; -0.0892763; -0.0826392; -0.0810114; -0.0673738
175; 547741; 399806; -0.0770753; -0.0754757; -0.0691889; -0.067584; -0.0545437
175.2; 555400; 396430; -0.0638381; -0.0622787; -0.0565116; -0.0549513; -0.0428166
175.4; 562428; 393203; -0.0514784; -0.0499715; -0.044871; -0.0433626; -0.0323772
175.6; 567649; 390556; -0.0401969; -0.0388355; -0.0344258; -0.0330661; -0.0233791
175.8; 570257; 389082; -0.0302766; -0.029009; -0.0254213; -0.0241573; -0.0159112
176; 569620; 387697; -0.0218779; -0.0206825; -0.0180038; -0.016817; -0.0101238
176.2; 567580; 385325; -0.0151053; -0.0140033; -0.012278; -0.0111766; -0.00612351
176.4; 563330; 383394; -0.0100822; -0.00909432; -0.00835942; -0.00738593; -0.00406658
176.6; 556551; 381334; -0.00691882; -0.00604042; -0.00637798; -0.00551018; -0.00405278
176.8; 548723; 379020; -0.00568067; -0.00491512; -0.00635617; -0.00560903; -0.00607342
177; 540428; 376115; -0.00641927; -0.00577635; -0.00831599; -0.00769042; -0.0100699
177.2; 531614; 374490; -0.0091516; -0.00859341; -0.0122371; -0.011698; -0.015959
177.4; 522766; 372804; -0.0138011; -0.0133878; -0.0180176; -0.0176254; -0.0236516
177.6; 514571; 370534; -0.0203458; -0.0200143; -0.0256173; -0.0253072; -0.0330035
177.8; 507321; 369223; -0.028604; -0.0283863; -0.03482; -0.0346224; -0.0437897
178; 500112; 368482; -0.03844; -0.0382972; -0.0454612; -0.0453391; -0.0557734
178.2; 493136; 369335; -0.0495879; -0.0495273; -0.0572732; -0.0572333; -0.0687005
178.4; 485791; 370843; -0.0618272; -0.061821; -0.0700409; -0.070051; -0.082345
178.6; 477633; 370703; -0.0749902; -0.0748766; -0.0835821; -0.0834966; -0.0964532
178.8; 470037; 370933; -0.0886574; -0.0886098; -0.0974886; -0.0974553; -0.11077
179; 462039; 372842; -0.1027; -0.102675; -0.111595; -0.111578; -0.124977
179.2; 454126; 375001; -0.116864; -0.116813; -0.125625; -0.125583; -0.138774
179.4; 447718; 376513; -0.1308; -0.13076; -0.139238; -0.139191; -0.151847
179.6; 442626; 378491; -0.144267; -0.144185; -0.152186; -0.152102; -0.163927
179.8; 438274; 381821; -0.156917; -0.15678; -0.16416; -0.164024; -0.174779
180; 435470; 385251; -0.168494; -0.168303; -0.174931; -0.174732; -0.184201
