0.004; 1125.71; 3022.29; 2.23134e-06; 2.58176e-06; 2.14362e-06; 2.44762e-06; 2.21913e-06
0.2; 71602.3; 124029; -1.5775e-05; -0.00109171; -5.42926e-05; -0.00118969; 0.000135793
0.4; 345295; 492532; -0.00563805; -0.00530838; -0.00622629; -0.00562489; -0.0060676
0.6; 578199; 580083; -0.0154618; -0.0153619; -0.0167654; -0.0166016; -0.0177048
0.8; 602173; 462356; -0.0276856; -0.0278993; -0.0305051; -0.030521; -0.0333319
1; 654310; 479764; -0.0366429; -0.0365346; -0.0417953; -0.0418912; -0.0492091
1.2; 708308; 553050; -0.0418016; -0.0412494; -0.0495873; -0.0488885; -0.0613088
1.4; 710102; 501569; -0.0467903; -0.0463779; -0.055685; -0.0557461; -0.0702603
1.6; 681632; 462989; -0.0534904; -0.0532231; -0.0627468; -0.0625122; -0.0772871
1.8; 658255; 488318; -0.0635539; -0.0629556; -0.0719893; -0.0715293; -0.0851083
2; 630673; 490225; -0.076701; -0.076285; -0.0840355; -0.0836429; -0.0948442
2.2; 599689; 481136; -0.0923234; -0.0923734; -0.0985704; -0.0987041; -0.107402
2.4; 570499; 517808; -0.108093; -0.108194; -0.11422; -0.114304; -0.122559
2.6; 542593; 548576; -0.120557; -0.120199; -0.127757; -0.127451; -0.138132
2.8; 528463; 529941; -0.131883; -0.131679; -0.140303; -0.140172; -0.153254
3; 539523; 497421; -0.143473; -0.143036; -0.152629; -0.152216; -0.166845
3.2; 570573; 499786; -0.155322; -0.154741; -0.164243; -0.163724; -0.178077
3.4; 580718; 516551; -0.16719; -0.166757; -0.175116; -0.174685; -0.187285
3.6; 577889; 519026; -0.178815; -0.178378; -0.185008; -0.184636; -0.194014
3.8; 578734; 525762; -0.18899; -0.188703; -0.193096; -0.192837; -0.198343
4; 567708; 538626; -0.195813; -0.195358; -0.198137; -0.19763; -0.200251
4.2; 533585; 553276; -0.200821; -0.200169; -0.202173; -0.201604; -0.202897
4.4; 506560; 548325; -0.205425; -0.204796; -0.206559; -0.205876; -0.207009
4.6; 507440; 532887; -0.209864; -0.20898; -0.211007; -0.210238; -0.211694
4.8; 532237; 527498; -0.213338; -0.212538; -0.214526; -0.213657; -0.215131
5; 563896; 526534; -0.214659; -0.213733; -0.214898; -0.214012; -0.21412
5.2; 592848; 522053; -0.213543; -0.212497; -0.212129; -0.211133; -0.20857
5.4; 607645; 542488; -0.210443; -0.209406; -0.207306; -0.206142; -0.200469
5.6; 603211; 566538; -0.205562; -0.204366; -0.200818; -0.199682; -0.191455
5.8; 590965; 567647; -0.199259; -0.198006; -0.193628; -0.192371; -0.182719
6; 583871; 553281; -0.191618; -0.190442; -0.185754; -0.184488; -0.174277
6.2; 588911; 541827; -0.182757; -0.181465; -0.176746; -0.175469; -0.165267
6.4; 598699; 527596; -0.172751; -0.171346; -0.166712; -0.165295; -0.155215
6.6; 625398; 520249; -0.162119; -0.160623; -0.155984; -0.154503; -0.144358
6.8; 655138; 530172; -0.150718; -0.149222; -0.144355; -0.142817; -0.13239
7; 679108; 536932; -0.138881; -0.137311; -0.132075; -0.130514; -0.119403
7.2; 696060; 532701; -0.126692; -0.12512; -0.119483; -0.117897; -0.106104
7.4; 711637; 537857; -0.114161; -0.112584; -0.106621; -0.104999; -0.0925569
7.6; 714224; 539276; -0.101375; -0.0998323; -0.0937377; -0.092144; -0.0794884
7.8; 714869; 533572; -0.0886225; -0.0871444; -0.0811708; -0.0796746; -0.067265
8; 719521; 526787; -0.0761879; -0.074708; -0.0692587; -0.0677537; -0.0561743
8.2; 726031; 522462; -0.0642674; -0.0628232; -0.0580918; -0.0566026; -0.0462573
8.4; 732585; 516317; -0.0531793; -0.0518709; -0.0478998; -0.0465739; -0.0377134
8.6; 743963; 505813; -0.0434236; -0.0420528; -0.039051; -0.0376423; -0.03031
8.8; 754479; 503716; -0.0349275; -0.0336285; -0.0313697; -0.0300712; -0.0240799
9; 763658; 509154; -0.0278158; -0.0265644; -0.0250118; -0.023707; -0.0189149
9.2; 768399; 509435; -0.0221884; -0.0210447; -0.0200336; -0.0189063; -0.0151046
9.4; 766548; 509624; -0.0179678; -0.0168818; -0.016528; -0.0153963; -0.0126594
9.6; 758997; 511674; -0.01515; -0.0141946; -0.0144697; -0.0134992; -0.0118903
9.8; 747483; 508380; -0.0136913; -0.0128291; -0.0139217; -0.0130508; -0.0128355
10; 734290; 501402; -0.0137228; -0.0129612; -0.0150119; -0.0142015; -0.0156345
10.2; 720715; 496164; -0.0153146; -0.0146428; -0.0176766; -0.0170489; -0.0202151
10.4; 706430; 492120; -0.0185379; -0.0179254; -0.0220392; -0.0214054; -0.0263809
10.6; 695451; 487289; -0.0233856; -0.0229382; -0.0278934; -0.0274371; -0.0340134
10.8; 687019; 484311; -0.0300324; -0.0294992; -0.0353354; -0.0348833; -0.0428239
11; 677799; 487171; -0.0380607; -0.0377236; -0.0441022; -0.0436814; -0.0526724
11.2; 667683; 490039; -0.0474921; -0.047122; -0.053921; -0.0536897; -0.0633937
11.4; 658391; 492073; -0.0578936; -0.0576523; -0.0648032; -0.0644811; -0.0747964
11.6; 648065; 494686; -0.0691317; -0.068892; -0.076304; -0.0760935; -0.0868529
11.8; 635352; 495848; -0.0809271; -0.0807393; -0.0883976; -0.0882221; -0.099406
12; 621134; 495522; -0.093104; -0.0929997; -0.100862; -0.100738; -0.112335
12.2; 608271; 493546; -0.105588; -0.105499; -0.113499; -0.113496; -0.125378
12.4; 597165; 491685; -0.118284; -0.118148; -0.12635; -0.126175; -0.138289
12.6; 586994; 492011; -0.130983; -0.130861; -0.138931; -0.13885; -0.150816
12.8; 578701; 493315; -0.14352; -0.14343; -0.151201; -0.151102; -0.162601
13; 573363; 494847; -0.155674; -0.155448; -0.162795; -0.162558; -0.173226
13.2; 569934; 498246; -0.167074; -0.166871; -0.173427; -0.173255; -0.182675
13.4; 566378; 504696; -0.177648; -0.177389; -0.183202; -0.182928; -0.191039
13.6; 561739; 511188; -0.187143; -0.186841; -0.191865; -0.191537; -0.198321
13.8; 559262; 511599; -0.195391; -0.194967; -0.199257; -0.198849; -0.2043
14; 560042; 510603; -0.202075; -0.201599; -0.205051; -0.204573; -0.208606
14.2; 561888; 510340; -0.207158; -0.206657; -0.209213; -0.208683; -0.211234
14.4; 563660; 512187; -0.210847; -0.210142; -0.211949; -0.211271; -0.212402
14.6; 567015; 515563; -0.212998; -0.212263; -0.213221; -0.212443; -0.212167
14.8; 573133; 516141; -0.213739; -0.212871; -0.213032; -0.212146; -0.210437
15; 582139; 516654; -0.212852; -0.211911; -0.211167; -0.210222; -0.206973
15.2; 591826; 518860; -0.210369; -0.20932; -0.207689; -0.206619; -0.201794
15.4; 599936; 522789; -0.206283; -0.205149; -0.202665; -0.201507; -0.19519
15.6; 607187; 527468; -0.200614; -0.199394; -0.196163; -0.194931; -0.187305
15.8; 615298; 527321; -0.193434; -0.192147; -0.188291; -0.186992; -0.178271
16; 625184; 524709; -0.184849; -0.183504; -0.179133; -0.177771; -0.168147
16.2; 635257; 521662; -0.175049; -0.173638; -0.168857; -0.167433; -0.157077
16.4; 644791; 519890; -0.164311; -0.16286; -0.157766; -0.156302; -0.14541
16.6; 655901; 518409; -0.15282; -0.151416; -0.145999; -0.144592; -0.13325
16.8; 668416; 514828; -0.140843; -0.139397; -0.13381; -0.132343; -0.12067
17; 681877; 511256; -0.128445; -0.126977; -0.121251; -0.119744; -0.107829
17.2; 696630; 510325; -0.115784; -0.114285; -0.10848; -0.106981; -0.0949149
17.4; 710842; 510142; -0.103027; -0.101535; -0.0958011; -0.0942025; -0.0822209
17.6; 723893; 510169; -0.0904089; -0.0888887; -0.0833128; -0.0817888; -0.0700735
17.8; 735389; 509334; -0.0780828; -0.0766168; -0.0713546; -0.0698573; -0.0587121
18; 744238; 506814; -0.0663725; -0.0649141; -0.0601572; -0.058688; -0.048384
18.2; 751201; 503433; -0.0554663; -0.0540475; -0.0499223; -0.0484876; -0.0392574
18.4; 757209; 499618; -0.0455149; -0.0441957; -0.0407418; -0.0393887; -0.0313636
18.6; 761693; 496483; -0.036766; -0.0354689; -0.0327954; -0.0314845; -0.0247504
18.8; 764036; 494674; -0.0292634; -0.0280574; -0.0261297; -0.0248952; -0.0194637
19; 764034; 493690; -0.0231183; -0.0220012; -0.02081; -0.0196795; -0.0155428
19.2; 761078; 492715; -0.0184192; -0.0173738; -0.0169517; -0.0158911; -0.0130728
19.4; 754839; 491063; -0.0152075; -0.0142666; -0.0146095; -0.0136505; -0.0121816
19.6; 745552; 489545; -0.0135634; -0.0126959; -0.0138713; -0.0129971; -0.0129623
19.8; 734077; 488100; -0.0134841; -0.0127139; -0.0147417; -0.013962; -0.0154177
20; 721594; 485933; -0.015027; -0.0143286; -0.0172471; -0.0165428; -0.019519
20.2; 708672; 483927; -0.0181587; -0.0175578; -0.0213418; -0.0207401; -0.025233
20.4; 696396; 481253; -0.0228622; -0.022364; -0.0269824; -0.0264828; -0.0324436
20.6; 685252; 478264; -0.0291046; -0.0286997; -0.0340955; -0.0336907; -0.0410128
20.8; 674507; 476840; -0.0367734; -0.0364531; -0.04253; -0.0422126; -0.0507247
21; 663797; 477442; -0.045741; -0.0454911; -0.0521421; -0.0518963; -0.0614168
21.2; 653078; 478382; -0.0558157; -0.0556312; -0.0627356; -0.0625546; -0.0728788
21.4; 642394; 479621; -0.066817; -0.0666799; -0.0741939; -0.0739487; -0.0849455
21.6; 631257; 480810; -0.0786166; -0.078389; -0.086166; -0.0860922; -0.0974993
21.8; 619415; 482885; -0.0908415; -0.0907186; -0.0987; -0.0985286; -0.110324
22; 607305; 484678; -0.103513; -0.103322; -0.111423; -0.111307; -0.123259
22.2; 595429; 485619; -0.116297; -0.116185; -0.124264; -0.124124; -0.136098
22.4; 584822; 486893; -0.129119; -0.128983; -0.136952; -0.13682; -0.148596
22.6; 575695; 488181; -0.141731; -0.141564; -0.14929; -0.14916; -0.160509
22.8; 569280; 489304; -0.153847; -0.153714; -0.161009; -0.160837; -0.171488
23; 564807; 489883; -0.165243; -0.164995; -0.171692; -0.171487; -0.181067
23.2; 559844; 492751; -0.175727; -0.175484; -0.181413; -0.181152; -0.189462
23.4; 554255; 499577; -0.185304; -0.184961; -0.190154; -0.189824; -0.196839
23.6; 550764; 503970; -0.193762; -0.193392; -0.197814; -0.19745; -0.203194
23.8; 551415; 503478; -0.20096; -0.200486; -0.204196; -0.203716; -0.208183
24; 555315; 501688; -0.20655; -0.206008; -0.208847; -0.208307; -0.211301
24.2; 559509; 502810; -0.210523; -0.209879; -0.211828; -0.211166; -0.212597
24.4; 563762; 508004; -0.212911; -0.212171; -0.213213; -0.21247; -0.212326
24.6; 568666; 513405; -0.213774; -0.212934; -0.213128; -0.212272; -0.210644
24.8; 574837; 513912; -0.21309; -0.212173; -0.211518; -0.210582; -0.207479
25; 582935; 511814; -0.210794; -0.209777; -0.208263; -0.207228; -0.202615
25.2; 590939; 511991; -0.206871; -0.205772; -0.203392; -0.202275; -0.196157
25.4; 598015; 515816; -0.201429; -0.200241; -0.197102; -0.195894; -0.188435
25.6; 605242; 519975; -0.194551; -0.193281; -0.189514; -0.188231; -0.179674
25.8; 614711; 520180; -0.186327; -0.184997; -0.180719; -0.179374; -0.16992
26; 626008; 516833; -0.176864; -0.175473; -0.170768; -0.169362; -0.159153
26.2; 637266; 513840; -0.166332; -0.164905; -0.159832; -0.158391; -0.147555
26.4; 648954; 512066; -0.15493; -0.153517; -0.14811; -0.146685; -0.135332
26.6; 661572; 509992; -0.142898; -0.141481; -0.135835; -0.13439; -0.122644
26.8; 674055; 507184; -0.130451; -0.128992; -0.123202; -0.12172; -0.109698
27; 686309; 505530; -0.117748; -0.116227; -0.110396; -0.108885; -0.0967373
27.2; 698710; 505235; -0.104937; -0.103448; -0.0976622; -0.0960844; -0.0840099
27.4; 711551; 504169; -0.0922971; -0.0907882; -0.0851311; -0.0836648; -0.0718346
27.6; 722749; 502919; -0.079984; -0.0785313; -0.0732311; -0.0716631; -0.0604275
27.8; 731805; 500702; -0.0682618; -0.066799; -0.0619422; -0.0604918; -0.0500199
28; 740911; 497884; -0.0572467; -0.0558554; -0.0516008; -0.0501437; -0.0407115
28.2; 748967; 495490; -0.047156; -0.0458186; -0.0422218; -0.0408622; -0.0325796
28.4; 754170; 492985; -0.0381568; -0.0368674; -0.0340115; -0.0327256; -0.0257058
28.6; 757439; 489937; -0.0303792; -0.029157; -0.0270909; -0.0258184; -0.0201276
28.8; 758028; 488111; -0.0239301; -0.0228166; -0.0214563; -0.0203465; -0.0159429
29; 754931; 486531; -0.0189636; -0.0179064; -0.01735; -0.0162831; -0.0132285
29.2; 748568; 484915; -0.0154943; -0.0145624; -0.0147657; -0.0138045; -0.0121158
29.4; 739521; 484181; -0.0136388; -0.0127593; -0.013801; -0.0129234; -0.0126566
29.6; 728355; 482912; -0.0133508; -0.0125798; -0.0144611; -0.0136817; -0.0148988
29.8; 716972; 480587; -0.0146851; -0.0139867; -0.0167515; -0.0160426; -0.0187675
30; 705164; 478399; -0.0175886; -0.0169699; -0.0206069; -0.0199909; -0.0242244
30.2; 693611; 476441; -0.0220258; -0.0215255; -0.0259828; -0.0254835; -0.0311808
30.4; 682714; 474210; -0.0279909; -0.0275734; -0.0328346; -0.0324149; -0.0395034
30.6; 672082; 472477; -0.0353782; -0.0350538; -0.0410119; -0.0406939; -0.0490179
30.8; 661299; 472361; -0.0440989; -0.0438382; -0.0504107; -0.0501573; -0.0595433
31; 650446; 472913; -0.053979; -0.0537883; -0.0608451; -0.0606591; -0.0709052
31.2; 639428; 473548; -0.0648634; -0.0647203; -0.0721551; -0.0720199; -0.0829329
31.4; 628001; 475068; -0.0765774; -0.0763614; -0.0841776; -0.0839844; -0.0954298
31.6; 616879; 476762; -0.0887964; -0.0886335; -0.0966209; -0.0964651; -0.108247
31.8; 605832; 478922; -0.101403; -0.101265; -0.109344; -0.109221; -0.121178
32; 594418; 480841; -0.114222; -0.114067; -0.122179; -0.122039; -0.134036
32.2; 583779; 481923; -0.127008; -0.126888; -0.13487; -0.134751; -0.14657
32.4; 574367; 483224; -0.139643; -0.139501; -0.147266; -0.147136; -0.158574
32.6; 567531; 484518; -0.151853; -0.151698; -0.159092; -0.158935; -0.169736
32.8; 562789; 484713; -0.16336; -0.163149; -0.169973; -0.169771; -0.179598
33; 557983; 486640; -0.174016; -0.173763; -0.17986; -0.179613; -0.188198
33.2; 552446; 492851; -0.183745; -0.183436; -0.188765; -0.188457; -0.195732
33.4; 548165; 498289; -0.192414; -0.192068; -0.196618; -0.196266; -0.202247
33.6; 548287; 498840; -0.199879; -0.199397; -0.203251; -0.202779; -0.207475
33.8; 552275; 497368; -0.205735; -0.205235; -0.208197; -0.207685; -0.210921
34; 556346; 497677; -0.209994; -0.209351; -0.211458; -0.210805; -0.212495
34.2; 560359; 502200; -0.21261; -0.211902; -0.213073; -0.212355; -0.212451
34.4; 564959; 507779; -0.213708; -0.212881; -0.213216; -0.21237; -0.21098
34.6; 570789; 509179; -0.213266; -0.212367; -0.211849; -0.210939; -0.208079
34.8; 578606; 507064; -0.211228; -0.21024; -0.208869; -0.207861; -0.203511
35; 586554; 506232; -0.207579; -0.206515; -0.204265; -0.203182; -0.197318
35.2; 593428; 509616; -0.202412; -0.201241; -0.198224; -0.197035; -0.18979
35.4; 600319; 514238; -0.195784; -0.194527; -0.190854; -0.189581; -0.18119
35.6; 609657; 516191; -0.187788; -0.186472; -0.182257; -0.180927; -0.171584
35.8; 621114; 513044; -0.178517; -0.177142; -0.172477; -0.171086; -0.16095
36; 632213; 509281; -0.168145; -0.166714; -0.16168; -0.160236; -0.149448
36.2; 643392; 507705; -0.156857; -0.155431; -0.150053; -0.148638; -0.137313
36.4; 655519; 506211; -0.144869; -0.143488; -0.137843; -0.136413; -0.124697
36.6; 667973; 502703; -0.132492; -0.131034; -0.125263; -0.123794; -0.111801
36.8; 680585; 500374; -0.1198; -0.11833; -0.112474; -0.110993; -0.0988522
37; 693031; 499566; -0.107032; -0.105535; -0.099748; -0.098174; -0.086086
37.2; 705845; 498880; -0.0943678; -0.0928723; -0.0872065; -0.0856862; -0.0738275
37.4; 717928; 498687; -0.0819942; -0.0805479; -0.0751338; -0.0736587; -0.0622775
37.6; 727507; 496475; -0.0701712; -0.068714; -0.0637583; -0.0623021; -0.0516585
37.8; 736074; 493846; -0.0590191; -0.0576223; -0.0532293; -0.0518041; -0.0421471
38; 744518; 491173; -0.0487498; -0.0473935; -0.0436776; -0.0422928; -0.0337869
38.2; 750774; 488036; -0.0395208; -0.0382225; -0.0352325; -0.0339261; -0.026668
38.4; 753899; 485730; -0.0314908; -0.0303; -0.0280604; -0.0268232; -0.0208894
38.6; 754887; 483366; -0.0248516; -0.0236831; -0.022247; -0.021092; -0.0165022
38.8; 753126; 481296; -0.0196041; -0.018583; -0.0178811; -0.0168257; -0.0135712
39; 747074; 480592; -0.0159388; -0.0149755; -0.015077; -0.0140978; -0.0122121
39.2; 738308; 479494; -0.013829; -0.0129546; -0.0138531; -0.0129821; -0.0124918
39.4; 728268; 477879; -0.0133064; -0.0125091; -0.0142757; -0.0134364; -0.0144242
39.6; 717259; 476751; -0.0143632; -0.0136425; -0.0162921; -0.0155038; -0.0179924
39.8; 705098; 474719; -0.0169814; -0.0163689; -0.0198747; -0.0191815; -0.0231821
40; 693220; 472711; -0.0211689; -0.0206306; -0.0250018; -0.0243951; -0.0298832
40.2; 682484; 470743; -0.0268588; -0.0264345; -0.0315992; -0.0310972; -0.0379959
40.4; 671742; 468590; -0.0340056; -0.0336714; -0.0395763; -0.039145; -0.0473387
40.6; 660853; 467558; -0.0425199; -0.042256; -0.0487901; -0.048441; -0.0577342
40.8; 649761; 467891; -0.0522352; -0.0520339; -0.0590906; -0.0587908; -0.0689966
41; 639043; 468785; -0.0629727; -0.0628312; -0.0702725; -0.070045; -0.080941
41.2; 628484; 470642; -0.0745732; -0.07437; -0.0821411; -0.0819778; -0.0933735
41.4; 617946; 472153; -0.086715; -0.0865634; -0.0945401; -0.094365; -0.106136
41.6; 606535; 474475; -0.0992941; -0.0991297; -0.107215; -0.107095; -0.119043
41.8; 594503; 477010; -0.112072; -0.11193; -0.120042; -0.119904; -0.131913
42; 583507; 478075; -0.124875; -0.124765; -0.132768; -0.132655; -0.14452
42.2; 574178; 478938; -0.137557; -0.137398; -0.145225; -0.145098; -0.156625
42.4; 566953; 480343; -0.149837; -0.149699; -0.157174; -0.157014; -0.167971
42.6; 561527; 480683; -0.161485; -0.161278; -0.168223; -0.168037; -0.17807
42.8; 556624; 482129; -0.172272; -0.172032; -0.178263; -0.178027; -0.186852
43; 551505; 487677; -0.182141; -0.181914; -0.187315; -0.18708; -0.194567
43.2; 547605; 493159; -0.191069; -0.190658; -0.195393; -0.195013; -0.201228
43.4; 545820; 495665; -0.198699; -0.198299; -0.202224; -0.20181; -0.206714
43.6; 548057; 494244; -0.204922; -0.204379; -0.207516; -0.206995; -0.21047
43.8; 552295; 494330; -0.209418; -0.208849; -0.211036; -0.210443; -0.212342
44; 556304; 498387; -0.21234; -0.211673; -0.212935; -0.212286; -0.212584
44.2; 560915; 503715; -0.213725; -0.212873; -0.213372; -0.212491; -0.211329
44.4; 566373; 505668; -0.213497; -0.212639; -0.21223; -0.211343; -0.208708
44.6; 574109; 503643; -0.211733; -0.210742; -0.209522; -0.208525; -0.204418
44.8; 582632; 503119; -0.208288; -0.20722; -0.205128; -0.20404; -0.198424
45; 590115; 505817; -0.203334; -0.202182; -0.19929; -0.198115; -0.191093
45.2; 596479; 510450; -0.196915; -0.195679; -0.192103; -0.190851; -0.18263
45.4; 604316; 512631; -0.189141; -0.187839; -0.183701; -0.182387; -0.173184
45.6; 615084; 509555; -0.180104; -0.178744; -0.174144; -0.172769; -0.162746
45.8; 626615; 505864; -0.169903; -0.168487; -0.163494; -0.162063; -0.151355
46; 638025; 504448; -0.158774; -0.157325; -0.152002; -0.150558; -0.139282
46.2; 649567; 503263; -0.146879; -0.145528; -0.139867; -0.138467; -0.126754
46.4; 661992; 500752; -0.134592; -0.133125; -0.127356; -0.1259; -0.113897
46.6; 674874; 497781; -0.121903; -0.120457; -0.114608; -0.113062; -0.100916
46.8; 687781; 496369; -0.109121; -0.107622; -0.101809; -0.100237; -0.0881053
47; 700358; 495512; -0.0964446; -0.0948957; -0.0892375; -0.0876781; -0.0757628
47.2; 712485; 494659; -0.0840117; -0.0824867; -0.0770944; -0.0755589; -0.0641063
47.4; 723291; 493454; -0.0720332; -0.0705931; -0.0655667; -0.0640933; -0.0533453
47.6; 732150; 491149; -0.0607646; -0.0593671; -0.0548652; -0.0534591; -0.0436279
47.8; 739443; 488143; -0.0503899; -0.0490104; -0.0451896; -0.0437886; -0.0350766
48; 745692; 485791; -0.040977; -0.039699; -0.0365503; -0.0352555; -0.0277585
48.2; 750799; 482555; -0.0327613; -0.0315211; -0.0291428; -0.0279047; -0.0217011
48.4; 752331; 480112; -0.0258411; -0.0247112; -0.0230872; -0.021921; -0.017049
48.6; 749966; 479753; -0.0203766; -0.0193019; -0.0184771; -0.0173937; -0.0138817
48.8; 745035; 478045; -0.0163911; -0.0154229; -0.0153762; -0.0144014; -0.0122737
49; 737588; 475633; -0.0140125; -0.0131166; -0.0139081; -0.012995; -0.0122988
49.2; 727397; 474681; -0.0132201; -0.0124119; -0.0140404; -0.0132341; -0.0139994
49.4; 716297; 473142; -0.0140368; -0.0132819; -0.015841; -0.0150267; -0.0173347
49.6; 705560; 471421; -0.0163812; -0.0157766; -0.0191456; -0.0184595; -0.0222461
49.8; 693963; 469584; -0.0203445; -0.0197922; -0.0240409; -0.023416; -0.0286868
50; 682208; 467566; -0.0258035; -0.025373; -0.0303968; -0.0298938; -0.0365638
50.2; 671085; 465840; -0.0327502; -0.0323895; -0.0381796; -0.0377295; -0.0457087
50.4; 660434; 464498; -0.0410434; -0.040781; -0.0471955; -0.0468429; -0.0559434
50.6; 649916; 464864; -0.0505619; -0.0503504; -0.0573213; -0.0570145; -0.0670713
50.8; 639197; 465900; -0.0611188; -0.0609666; -0.0683544; -0.0681154; -0.078914
51; 628526; 467115; -0.0725614; -0.072392; -0.0800973; -0.0799633; -0.0912996
51.2; 617837; 468500; -0.0846487; -0.0844608; -0.0924656; -0.0922546; -0.104029
51.4; 606920; 470483; -0.0971486; -0.0969954; -0.105084; -0.104971; -0.116942
51.6; 595506; 473190; -0.109911; -0.109773; -0.117908; -0.117777; -0.129831
51.8; 584290; 474468; -0.12275; -0.122632; -0.130681; -0.130561; -0.142498
52; 574162; 475537; -0.135478; -0.135329; -0.143199; -0.143075; -0.154685
52.2; 566207; 476780; -0.147855; -0.147726; -0.155256; -0.155123; -0.166191
52.4; 561496; 477433; -0.159627; -0.15943; -0.16648; -0.166294; -0.176501
52.6; 557042; 478358; -0.170545; -0.170328; -0.17667; -0.176459; -0.185499
52.8; 551268; 483799; -0.1806; -0.180313; -0.185911; -0.185637; -0.19338
53; 546106; 489897; -0.189609; -0.189311; -0.194106; -0.193785; -0.200213
53.2; 544407; 491946; -0.19752; -0.197055; -0.201162; -0.200754; -0.205899
53.4; 546498; 491331; -0.203933; -0.203485; -0.206738; -0.20624; -0.209992
53.6; 550417; 490658; -0.208795; -0.208164; -0.210568; -0.209967; -0.212163
53.8; 554220; 493856; -0.211944; -0.211285; -0.21273; -0.212053; -0.212646
54; 559242; 499771; -0.21357; -0.212777; -0.213375; -0.21256; -0.211628
54.2; 564802; 503185; -0.213632; -0.212756; -0.212495; -0.21162; -0.209209
54.4; 571334; 501840; -0.212103; -0.211159; -0.210057; -0.209087; -0.205216
54.6; 579426; 500221; -0.208948; -0.207899; -0.205943; -0.204872; -0.199501
54.8; 586555; 502024; -0.204239; -0.203096; -0.200325; -0.199172; -0.192359
55; 593413; 506786; -0.198059; -0.196845; -0.193363; -0.192133; -0.184083
55.2; 601353; 509207; -0.190514; -0.189226; -0.185169; -0.183864; -0.174806
55.4; 611660; 507527; -0.181678; -0.180336; -0.175797; -0.174437; -0.164529
55.6; 623366; 504033; -0.171662; -0.170251; -0.165312; -0.163887; -0.153266
55.8; 634604; 501382; -0.160672; -0.159225; -0.153946; -0.152497; -0.141288
56; 645995; 500580; -0.14888; -0.147521; -0.141886; -0.140501; -0.128825
56.2; 657929; 498730; -0.136635; -0.135192; -0.129473; -0.127925; -0.115982
56.4; 670217; 495533; -0.124018; -0.122557; -0.116723; -0.115179; -0.103047
56.6; 683421; 494203; -0.111237; -0.109751; -0.103902; -0.102376; -0.0902113
56.8; 696449; 493568; -0.0985319; -0.096993; -0.0912509; -0.0897837; -0.0777606
57; 708553; 492405; -0.0860344; -0.0845039; -0.0790575; -0.0775111; -0.0659558
57.2; 719189; 490497; -0.0739793; -0.072505; -0.0673971; -0.0659423; -0.0550355
57.4; 728117; 488645; -0.0625603; -0.0611574; -0.0565524; -0.0551381; -0.0451243
57.6; 736212; 486269; -0.0519916; -0.0506331; -0.0466751; -0.0452758; -0.0363523
57.8; 742945; 483634; -0.0424119; -0.0411041; -0.0378382; -0.0365272; -0.0288067
58; 747751; 480535; -0.0340062; -0.0327584; -0.0302506; -0.0289827; -0.022551
58.2; 749504; 477939; -0.0268902; -0.025729; -0.0239817; -0.0227923; -0.0176836
58.4; 748151; 477100; -0.0211713; -0.0201169; -0.0191168; -0.0180648; -0.0142938
58.6; 744112; 475542; -0.016968; -0.0159532; -0.0158049; -0.0147844; -0.0124374
58.8; 736856; 474161; -0.0142791; -0.013411; -0.0140369; -0.0131491; -0.0122184
59; 726767; 472655; -0.0132278; -0.0124015; -0.0139154; -0.0130893; -0.013648
59.2; 716017; 470835; -0.0137504; -0.0130297; -0.0153897; -0.0146665; -0.0167175
59.4; 704613; 469159; -0.0158818; -0.0152301; -0.018468; -0.0178108; -0.0213597
59.6; 692354; 467429; -0.0195545; -0.0190208; -0.0230688; -0.0225369; -0.0275371
59.8; 681218; 465279; -0.0247863; -0.0243222; -0.0291977; -0.0287373; -0.0351521
60; 670596; 463587; -0.0314825; -0.031127; -0.03673; -0.0363764; -0.0440939
60.2; 659730; 462440; -0.0395694; -0.0392797; -0.0455534; -0.0452686; -0.0541403
60.4; 648990; 462824; -0.0489031; -0.0486814; -0.055513; -0.0553006; -0.0651556
60.6; 638409; 463309; -0.0593084; -0.0591438; -0.0664266; -0.0662697; -0.0769205
60.8; 627919; 464222; -0.0706106; -0.0704497; -0.0781096; -0.0779718; -0.0892385
61; 617304; 465745; -0.0826098; -0.0824087; -0.0903923; -0.0901984; -0.101933
61.2; 606318; 468224; -0.0950351; -0.0948776; -0.102979; -0.102846; -0.114833
61.4; 595148; 470766; -0.107767; -0.107635; -0.115777; -0.115655; -0.127735
61.6; 584056; 471727; -0.120608; -0.120475; -0.128562; -0.128439; -0.140423
61.8; 573860; 472923; -0.133368; -0.133237; -0.141141; -0.141019; -0.152706
62; 565589; 474725; -0.145822; -0.145683; -0.153284; -0.153147; -0.164321
62.2; 559798; 475692; -0.157741; -0.157554; -0.164699; -0.16452; -0.174891
62.4; 555360; 476343; -0.168802; -0.168591; -0.175053; -0.174848; -0.184089
62.6; 550584; 480300; -0.179007; -0.178719; -0.184455; -0.184174; -0.192135
62.8; 545527; 486551; -0.188191; -0.187883; -0.19282; -0.192507; -0.199162
63; 543219; 489905; -0.196297; -0.195864; -0.200104; -0.19968; -0.205063
63.2; 545156; 488857; -0.202978; -0.202509; -0.205925; -0.205452; -0.209459
63.4; 549352; 487641; -0.20807; -0.207484; -0.210041; -0.209451; -0.211942
63.6; 552959; 491000; -0.211471; -0.210847; -0.212437; -0.2118; -0.212673
63.8; 556593; 496823; -0.213378; -0.212595; -0.213347; -0.212552; -0.211881
64; 561735; 500905; -0.213729; -0.212874; -0.212756; -0.211886; -0.209725
64.2; 568401; 499527; -0.212501; -0.211566; -0.210599; -0.209647; -0.206008
64.4; 576587; 497624; -0.209622; -0.208601; -0.206757; -0.205718; -0.200557
64.6; 584460; 499405; -0.205164; -0.20404; -0.201375; -0.200236; -0.193612
64.8; 591107; 504242; -0.199201; -0.198; -0.194607; -0.193389; -0.185497
65; 598191; 507674; -0.191839; -0.190566; -0.186584; -0.185296; -0.176373
65.2; 608142; 506295; -0.183198; -0.181869; -0.177405; -0.176059; -0.166287
65.4; 619510; 501749; -0.173347; -0.171954; -0.16708; -0.165675; -0.155175
65.6; 631022; 499557; -0.162504; -0.161066; -0.155855; -0.154406; -0.143313
65.8; 642366; 499017; -0.150834; -0.149476; -0.143889; -0.142518; -0.130919
66; 654057; 496908; -0.138681; -0.137256; -0.13151; -0.130073; -0.118139
66.2; 666549; 493926; -0.126125; -0.124683; -0.118826; -0.117332; -0.105186
66.4; 679595; 491996; -0.113366; -0.111904; -0.106036; -0.104476; -0.0922773
66.6; 692551; 490959; -0.100602; -0.0991329; -0.0933496; -0.0917947; -0.0797337
66.8; 705284; 489919; -0.088062; -0.0865808; -0.0810386; -0.0794922; -0.067823
67; 716633; 488911; -0.0759333; -0.0744188; -0.0692807; -0.0677566; -0.0567322
67.2; 726017; 487153; -0.0643656; -0.0629647; -0.0583007; -0.0568196; -0.0466881
67.4; 734229; 484765; -0.0536579; -0.0522842; -0.0482261; -0.0468469; -0.0377591
67.6; 740995; 482020; -0.0439211; -0.0426147; -0.0392566; -0.0379214; -0.0300464
67.8; 745815; 478882; -0.0353403; -0.0340932; -0.0314648; -0.0302081; -0.023585
68; 748014; 476510; -0.028023; -0.0268608; -0.0249727; -0.0237966; -0.0184638
68.2; 747055; 475658; -0.0220844; -0.0210046; -0.0198819; -0.0187807; -0.0147749
68.4; 743105; 474347; -0.0176067; -0.016606; -0.0162661; -0.0152631; -0.0126155
68.6; 736629; 472494; -0.0146617; -0.0137547; -0.0142293; -0.013308; -0.0120842
68.8; 727220; 471192; -0.0133005; -0.0124775; -0.0138058; -0.0129772; -0.013235
69; 716145; 469612; -0.0135442; -0.0128083; -0.0150134; -0.0142776; -0.0160604
69.2; 704680; 467463; -0.015406; -0.0147361; -0.0178416; -0.0171694; -0.0204844
69.4; 692959; 465446; -0.0188261; -0.0182736; -0.0222069; -0.021656; -0.026448
69.6; 681745; 463731; -0.0238142; -0.0233375; -0.0281041; -0.0276315; -0.0338599
69.8; 671150; 462026; -0.0302771; -0.0299068; -0.0354126; -0.0350455; -0.0425903
70; 660554; 460749; -0.0381531; -0.0378512; -0.0440324; -0.0437362; -0.0524457
70.2; 649937; 460790; -0.0472798; -0.0470547; -0.0537917; -0.0535738; -0.0632704
70.4; 639138; 461550; -0.0575249; -0.0573444; -0.0645544; -0.0643815; -0.0748962
70.6; 628317; 462575; -0.0686774; -0.0685385; -0.0761138; -0.0759815; -0.0871359
70.8; 617359; 464087; -0.0805636; -0.0803909; -0.0882981; -0.0881394; -0.0997848
71; 606733; 466003; -0.0929425; -0.0927779; -0.100874; -0.100726; -0.112694
71.2; 595776; 468233; -0.105627; -0.105489; -0.113645; -0.113521; -0.12562
71.4; 584817; 469737; -0.118468; -0.118343; -0.126459; -0.126341; -0.138385
71.6; 574629; 470595; -0.131262; -0.131131; -0.139093; -0.138971; -0.150756
71.8; 565946; 472332; -0.143803; -0.14367; -0.151337; -0.15122; -0.162517
72; 560127; 473702; -0.155825; -0.155652; -0.162888; -0.162718; -0.173254
72.2; 555588; 474020; -0.167038; -0.166827; -0.173407; -0.173207; -0.182647
72.4; 550323; 477726; -0.177404; -0.177127; -0.182971; -0.182717; -0.190875
72.6; 544707; 484435; -0.186753; -0.18648; -0.191514; -0.191226; -0.198077
72.8; 541581; 488415; -0.195064; -0.194655; -0.198994; -0.198616; -0.204191
73; 542823; 488010; -0.20199; -0.201536; -0.205087; -0.204618; -0.208855
73.2; 546720; 486398; -0.207359; -0.206782; -0.209477; -0.208915; -0.211644
73.4; 550129; 488508; -0.211034; -0.210419; -0.212158; -0.211528; -0.212647
73.6; 553897; 494184; -0.213144; -0.212407; -0.213277; -0.212517; -0.212091
73.8; 559687; 498305; -0.213752; -0.212893; -0.212925; -0.21207; -0.210151
74; 566017; 498165; -0.212785; -0.21186; -0.211043; -0.210092; -0.206706
74.2; 573438; 495782; -0.210173; -0.209158; -0.207469; -0.20643; -0.201526
74.4; 581545; 496943; -0.205989; -0.204873; -0.202341; -0.201217; -0.194824
74.6; 588232; 501603; -0.200294; -0.199105; -0.195825; -0.194622; -0.186923
74.8; 595228; 505913; -0.193169; -0.191905; -0.188014; -0.186735; -0.177969
75; 604965; 504556; -0.184721; -0.183401; -0.179004; -0.177666; -0.168007
75.2; 616310; 500494; -0.175048; -0.173663; -0.168836; -0.167437; -0.15702
75.4; 627364; 498126; -0.164355; -0.162924; -0.15775; -0.156305; -0.145275
75.6; 638202; 497450; -0.152813; -0.151421; -0.145893; -0.144521; -0.13298
75.8; 650264; 495452; -0.140697; -0.139307; -0.133604; -0.132129; -0.120279
76; 663025; 491871; -0.128199; -0.126747; -0.120948; -0.119405; -0.107324
76.2; 676028; 489748; -0.115436; -0.113992; -0.108118; -0.106579; -0.0943848
76.4; 689060; 489102; -0.102673; -0.101198; -0.0954006; -0.0938482; -0.0817627
76.6; 702351; 488848; -0.0900842; -0.0886101; -0.0830088; -0.0814742; -0.0697144
76.8; 713492; 488185; -0.0778734; -0.0764012; -0.0711207; -0.069669; -0.0584739
77; 721863; 486697; -0.0662358; -0.0648173; -0.0600503; -0.0585521; -0.0482247
77.2; 729462; 483910; -0.0553779; -0.0540137; -0.0498016; -0.0484428; -0.0391215
77.4; 737556; 479990; -0.0454627; -0.0441265; -0.0406578; -0.0392694; -0.0311622
77.6; 744233; 476309; -0.0365989; -0.0353655; -0.0325837; -0.0313273; -0.0244664
77.8; 747196; 475024; -0.0290301; -0.0278437; -0.0258493; -0.0246627; -0.0191339
78; 747054; 473612; -0.0228451; -0.021728; -0.0205461; -0.0193897; -0.0152338
78.2; 744490; 472007; -0.0181149; -0.0171207; -0.0166667; -0.0156872; -0.0128745
78.4; 738585; 469945; -0.014971; -0.0139759; -0.0144351; -0.0134117; -0.0120537
78.6; 729677; 468552; -0.013331; -0.0125286; -0.0137008; -0.0129057; -0.0129464
78.8; 719305; 467494; -0.0133924; -0.0125617; -0.0147101; -0.0138773; -0.0154495
79; 708766; 466064; -0.0149466; -0.0142806; -0.0172225; -0.0165536; -0.0196127
79.2; 697262; 464389; -0.0181101; -0.0175609; -0.0213193; -0.0207906; -0.0253108
79.4; 684506; 462020; -0.0228707; -0.022389; -0.0270178; -0.0265162; -0.0325098
79.6; 672513; 460505; -0.0291537; -0.028675; -0.0341078; -0.0337316; -0.0410686
79.8; 661955; 458190; -0.0367327; -0.0365002; -0.0425362; -0.0422525; -0.0507939
80; 651688; 458058; -0.0457014; -0.0454583; -0.0521438; -0.0518959; -0.0614813
80.2; 641488; 459027; -0.0557485; -0.0555746; -0.0627102; -0.06257; -0.0729842
80.4; 630992; 460289; -0.0667451; -0.0666174; -0.0741394; -0.0740188; -0.0850996
80.6; 620343; 461657; -0.0785384; -0.0783556; -0.0862599; -0.0860498; -0.0976721
80.8; 609330; 463016; -0.0908339; -0.0906792; -0.0987287; -0.0986136; -0.110525
81; 597916; 465624; -0.103495; -0.103372; -0.111518; -0.11138; -0.123472
81.2; 586648; 466974; -0.116348; -0.116195; -0.12434; -0.124215; -0.136285
81.4; 576386; 468084; -0.129149; -0.129032; -0.137016; -0.136906; -0.148745
81.6; 567418; 470126; -0.141753; -0.141613; -0.149353; -0.149223; -0.160632
81.8; 561220; 471023; -0.153878; -0.15371; -0.161043; -0.160883; -0.171582
82; 556779; 471323; -0.165213; -0.165015; -0.171717; -0.171525; -0.181176
82.2; 551784; 474391; -0.175716; -0.175447; -0.181439; -0.181177; -0.189577
82.4; 545956; 481021; -0.185224; -0.184979; -0.190124; -0.189876; -0.196936
82.6; 541812; 485817; -0.193759; -0.193355; -0.197838; -0.197445; -0.20326
82.8; 542365; 485592; -0.200953; -0.200499; -0.204198; -0.203741; -0.20822
83; 546065; 483946; -0.206588; -0.206051; -0.208881; -0.20835; -0.211339
83.2; 549570; 485424; -0.210549; -0.209926; -0.211845; -0.211207; -0.212611
83.4; 553327; 491524; -0.212883; -0.212203; -0.213178; -0.212482; -0.212294
83.6; 558364; 496209; -0.213784; -0.212913; -0.213116; -0.21224; -0.210581
83.8; 564135; 496473; -0.213056; -0.212171; -0.211471; -0.210564; -0.207415
84; 571947; 493462; -0.210718; -0.209727; -0.208167; -0.207159; -0.202489
84.2; 580084; 494051; -0.206766; -0.205689; -0.203265; -0.202172; -0.196
84.4; 586521; 499198; -0.201325; -0.200155; -0.196984; -0.195796; -0.188293
84.6; 592808; 503721; -0.194424; -0.193179; -0.189376; -0.188113; -0.179506
84.8; 602097; 503580; -0.186209; -0.184898; -0.180582; -0.179255; -0.169741
85; 613663; 498881; -0.176742; -0.175363; -0.170609; -0.169215; -0.158917
85.2; 624665; 495549; -0.166181; -0.164762; -0.159626; -0.158194; -0.147239
85.4; 635707; 495765; -0.154763; -0.153342; -0.147878; -0.146464; -0.134983
85.6; 647264; 494715; -0.142696; -0.141332; -0.13561; -0.134173; -0.122325
85.8; 659424; 491665; -0.130279; -0.128814; -0.123014; -0.121493; -0.109403
86; 671954; 488890; -0.117545; -0.116119; -0.110177; -0.108735; -0.0964758
86.2; 684648; 487653; -0.1048; -0.103302; -0.0974496; -0.0959788; -0.0838104
86.4; 697488; 486721; -0.0921663; -0.0906874; -0.0850408; -0.0835087; -0.0716659
86.6; 709457; 485654; -0.0798587; -0.0784098; -0.0730545; -0.0715935; -0.0602815
86.8; 719663; 484359; -0.0680779; -0.0666854; -0.0617873; -0.0603486; -0.0498523
87; 727757; 482100; -0.0570899; -0.0556944; -0.051432; -0.0499868; -0.0405235
87.2; 735236; 479006; -0.0469826; -0.0456674; -0.0420349; -0.0407079; -0.0323713
87.4; 741083; 476456; -0.0379808; -0.0367238; -0.0338319; -0.0325498; -0.025482
87.6; 744242; 473517; -0.0302217; -0.0290288; -0.0268932; -0.0256936; -0.019926
87.8; 744377; 471924; -0.023815; -0.0227104; -0.0213425; -0.0202206; -0.0157894
88; 741582; 471053; -0.0188652; -0.0178471; -0.0172585; -0.0162273; -0.0131546
88.2; 735782; 469446; -0.0154328; -0.0144966; -0.0147169; -0.0137757; -0.0121087
88.4; 727657; 467898; -0.0135748; -0.0127303; -0.0137813; -0.0129272; -0.0127063
88.6; 717191; 466673; -0.0132973; -0.0125421; -0.0144488; -0.0136929; -0.0149669
88.8; 706061; 464873; -0.0146205; -0.0139362; -0.0167282; -0.0160441; -0.0188332
89; 694597; 462717; -0.0175212; -0.0169212; -0.0205786; -0.0199792; -0.0242675
89.2; 683000; 461285; -0.0219631; -0.0214854; -0.0259446; -0.0254729; -0.0312043
89.4; 672124; 459637; -0.0279496; -0.0275379; -0.0328099; -0.0324019; -0.0395194
89.6; 661436; 457478; -0.0353693; -0.0350473; -0.0410231; -0.0407053; -0.0490687
89.8; 650871; 456956; -0.0441148; -0.0438631; -0.0504507; -0.0502077; -0.0596375
90; 640425; 457539; -0.0540177; -0.0538255; -0.0609183; -0.060734; -0.0710471
90.2; 630111; 458401; -0.064897; -0.0647591; -0.0722386; -0.0721107; -0.083114
90.4; 619721; 459985; -0.076604; -0.0763813; -0.084267; -0.0840633; -0.0956198
90.6; 609328; 461734; -0.0888099; -0.0886572; -0.0966951; -0.0965584; -0.108447
90.8; 598507; 463965; -0.101401; -0.101271; -0.109403; -0.109285; -0.121352
91; 587255; 466263; -0.114224; -0.114069; -0.122229; -0.122092; -0.134176
91.2; 576278; 467324; -0.127026; -0.126923; -0.134922; -0.134826; -0.146708
91.4; 566711; 467747; -0.139673; -0.139569; -0.147317; -0.147243; -0.158719
91.6; 560575; 468965; -0.151922; -0.151751; -0.159181; -0.159015; -0.169869
91.8; 556300; 469788; -0.163396; -0.163219; -0.170038; -0.169854; -0.17972
92; 551541; 472501; -0.174071; -0.173792; -0.179925; -0.179674; -0.188309
92.2; 545799; 478837; -0.183729; -0.183489; -0.188779; -0.188525; -0.195823
92.4; 542050; 483429; -0.192398; -0.192012; -0.196612; -0.196249; -0.202276
92.6; 541395; 484524; -0.199785; -0.199367; -0.203179; -0.202778; -0.207498
92.8; 543804; 483145; -0.205726; -0.205201; -0.208203; -0.207655; -0.210923
93; 547023; 483780; -0.210024; -0.209411; -0.211473; -0.21086; -0.212514
93.2; 550112; 489264; -0.212663; -0.212029; -0.213109; -0.212449; -0.21248
93.4; 555053; 495066; -0.213833; -0.212993; -0.213294; -0.212435; -0.210965
93.6; 561446; 496604; -0.213361; -0.212477; -0.211886; -0.211008; -0.208044
93.8; 568944; 494428; -0.211266; -0.210305; -0.208817; -0.207949; -0.203466
94; 576662; 492882; -0.207523; -0.206454; -0.204205; -0.203085; -0.197194
94.2; 583538; 496717; -0.202246; -0.201093; -0.198055; -0.196881; -0.189619
94.4; 590402; 501490; -0.19557; -0.194313; -0.190633; -0.189377; -0.180955
94.6; 598616; 502147; -0.187541; -0.18624; -0.182007; -0.180693; -0.171332
94.8; 609438; 499010; -0.17834; -0.176978; -0.172292; -0.170907; -0.160736
95; 620094; 495525; -0.168033; -0.166612; -0.16154; -0.1601; -0.149237
95.2; 630596; 494608; -0.156796; -0.155361; -0.149954; -0.148515; -0.137102
95.4; 642954; 494282; -0.14483; -0.143441; -0.137775; -0.136294; -0.124488
95.6; 656155; 491362; -0.132403; -0.130972; -0.125164; -0.123637; -0.111556
95.8; 668796; 488692; -0.119638; -0.11819; -0.112264; -0.110813; -0.0985522
96; 680681; 487802; -0.106819; -0.105317; -0.09948; -0.0979462; -0.085769
96.2; 692465; 487352; -0.0941145; -0.0926127; -0.0869309; -0.0854184; -0.0735052
96.4; 703592; 485711; -0.0817186; -0.0803039; -0.0748496; -0.0734264; -0.0620017
96.6; 713782; 483056; -0.0699302; -0.0685008; -0.0635343; -0.0620803; -0.0514358
96.8; 722618; 480479; -0.0588407; -0.0574517; -0.0530412; -0.0516489; -0.0419609
97; 730916; 478764; -0.0486176; -0.047304; -0.0435394; -0.0421994; -0.0336459
97.2; 737870; 476116; -0.0394641; -0.0381771; -0.0351595; -0.0338653; -0.0265542
97.4; 742379; 473817; -0.0314449; -0.0302455; -0.0279728; -0.0267618; -0.0207593
97.6; 743998; 471326; -0.0247451; -0.0236293; -0.0221388; -0.0209991; -0.0163523
97.8; 742062; 469054; -0.0194921; -0.0184625; -0.0177508; -0.0167216; -0.0134425
98; 736016; 468390; -0.0157822; -0.0148336; -0.0149471; -0.0139808; -0.012127
98.2; 726967; 467102; -0.0136665; -0.0128098; -0.0137432; -0.0128821; -0.012468
98.4; 716864; 465641; -0.0131827; -0.0124062; -0.0141943; -0.0134207; -0.0144845
98.6; 705834; 464095; -0.0143045; -0.0136096; -0.0162619; -0.0155594; -0.0181133
98.8; 694600; 462085; -0.016993; -0.0163791; -0.0198842; -0.0192763; -0.0233043
99; 683725; 460567; -0.0212008; -0.0207032; -0.0250148; -0.0245235; -0.0299867
99.2; 673120; 459318; -0.026926; -0.0265075; -0.0316284; -0.0312123; -0.0380718
99.4; 662255; 457574; -0.0340781; -0.0337456; -0.0395953; -0.0392683; -0.0474081
99.6; 651265; 455811; -0.0425736; -0.0423107; -0.0488038; -0.0485495; -0.0578108
99.8; 640788; 455971; -0.0522535; -0.052062; -0.0590807; -0.0588981; -0.069092
100; 630367; 456876; -0.0629754; -0.0628318; -0.0702728; -0.0701392; -0.0810753
100.2; 619740; 458710; -0.0745795; -0.0743733; -0.0822207; -0.0820276; -0.0935479
100.4; 609496; 460673; -0.0867529; -0.0865779; -0.0946219; -0.0944629; -0.106343
100.6; 599066; 462684; -0.0993381; -0.0992133; -0.107326; -0.107218; -0.119264
100.8; 588080; 465297; -0.112171; -0.112018; -0.120177; -0.120034; -0.132119
101; 577391; 466789; -0.124994; -0.124878; -0.1329; -0.132795; -0.144699
101.2; 567751; 467996; -0.137661; -0.137533; -0.145348; -0.145227; -0.156769
101.4; 560192; 469501; -0.14995; -0.149789; -0.157275; -0.157116; -0.168074
101.6; 554972; 469670; -0.161538; -0.161353; -0.168282; -0.168104; -0.178137
101.8; 550471; 470824; -0.172307; -0.172068; -0.178311; -0.178077; -0.186928
102; 545436; 476468; -0.182192; -0.18189; -0.187387; -0.187086; -0.19465
102.2; 541222; 482387; -0.19104; -0.190689; -0.195415; -0.195066; -0.201335
102.4; 540527; 483465; -0.198696; -0.198259; -0.202251; -0.201816; -0.206794
102.6; 544238; 482118; -0.20485; -0.20435; -0.20749; -0.206982; -0.210511
102.8; 548238; 482688; -0.209376; -0.208778; -0.211016; -0.210407; -0.212361
103; 551444; 487353; -0.212285; -0.211587; -0.212913; -0.212203; -0.212561
103.2; 555543; 493255; -0.213626; -0.212837; -0.213275; -0.212474; -0.211289
103.4; 560889; 494706; -0.213438; -0.212557; -0.212152; -0.211255; -0.208591
103.6; 568224; 492742; -0.211633; -0.21067; -0.209402; -0.208425; -0.204262
103.8; 576010; 492091; -0.208198; -0.207162; -0.205016; -0.203962; -0.19829
104; 582739; 495232; -0.20324; -0.202102; -0.199177; -0.198019; -0.190951
104.2; 589400; 500194; -0.196829; -0.195603; -0.192002; -0.19076; -0.182502
104.4; 597605; 501841; -0.189047; -0.187761; -0.183595; -0.182293; -0.173052
104.6; 608435; 498922; -0.179978; -0.178627; -0.173992; -0.172627; -0.162552
104.8; 619702; 495657; -0.169768; -0.168364; -0.163334; -0.161917; -0.151147
105; 630348; 494426; -0.158645; -0.157203; -0.151859; -0.150418; -0.139102
105.2; 641469; 493582; -0.146737; -0.145399; -0.139703; -0.138336; -0.126568
105.4; 653485; 490562; -0.134432; -0.132997; -0.127246; -0.125705; -0.113712
105.6; 666384; 487546; -0.121764; -0.120313; -0.114446; -0.112931; -0.100744
105.8; 679522; 485791; -0.108962; -0.107494; -0.101627; -0.100119; -0.0879305
106; 692293; 486340; -0.0962358; -0.0947818; -0.0890389; -0.0875232; -0.0755494
106.2; 703294; 485373; -0.0838356; -0.0823469; -0.0769096; -0.0753815; -0.0638787
106.4; 713260; 483386; -0.0718745; -0.0704571; -0.0653923; -0.0639314; -0.0531251
106.6; 722834; 481273; -0.0606185; -0.0592143; -0.0547027; -0.0532852; -0.0434144
106.8; 730753; 478609; -0.0502032; -0.0488573; -0.0449841; -0.043625; -0.0348652
107; 736531; 475773; -0.0408263; -0.0395592; -0.0363954; -0.0351028; -0.0275758
107.2; 741034; 472892; -0.032654; -0.0314387; -0.0290457; -0.0278195; -0.0216061
107.4; 743003; 471363; -0.0257742; -0.0246407; -0.0230178; -0.0218727; -0.0169967
107.6; 740997; 469881; -0.0203212; -0.0192798; -0.0184383; -0.0173779; -0.0138685
107.8; 736277; 468061; -0.016374; -0.0154155; -0.0153652; -0.0144057; -0.0122717
108; 728872; 466857; -0.0139836; -0.0131071; -0.0138907; -0.0130034; -0.0123142
108.2; 718987; 465406; -0.0131833; -0.012397; -0.014023; -0.0132335; -0.0140164
108.4; 707817; 463988; -0.0139895; -0.0132852; -0.0157764; -0.0150752; -0.0173548
108.6; 696362; 462210; -0.0163841; -0.0157501; -0.0191252; -0.0184897; -0.0222807
108.8; 684771; 460380; -0.0203277; -0.0198068; -0.0240066; -0.0234885; -0.0287484
109; 673646; 458337; -0.0258215; -0.0253782; -0.0304015; -0.0299642; -0.0366487
109.2; 663135; 456411; -0.032773; -0.0324285; -0.0381827; -0.0378428; -0.0458199
109.4; 652837; 455301; -0.041094; -0.0408242; -0.0472285; -0.0469639; -0.0560757
109.6; 642826; 455959; -0.0506262; -0.0504142; -0.057365; -0.057162; -0.0672237
109.8; 632804; 456371; -0.0611958; -0.0610453; -0.0684102; -0.0682713; -0.0790749
110; 622215; 457610; -0.0726481; -0.0724579; -0.0802186; -0.0800482; -0.091444
110.2; 611357; 459796; -0.0847212; -0.0845417; -0.0925485; -0.0923764; -0.104183
110.4; 600336; 461967; -0.0972207; -0.0970745; -0.105192; -0.105067; -0.117098
110.6; 589303; 463933; -0.109997; -0.109851; -0.118016; -0.117882; -0.129985
110.8; 578730; 465045; -0.122822; -0.122709; -0.130772; -0.130666; -0.142641
111; 568869; 466513; -0.135557; -0.135417; -0.143307; -0.143177; -0.154837
111.2; 561074; 468282; -0.147935; -0.147791; -0.155354; -0.15521; -0.166319
111.4; 556118; 468916; -0.159702; -0.159513; -0.166567; -0.166382; -0.176612
111.6; 552071; 469848; -0.170613; -0.170391; -0.176738; -0.176525; -0.185568
111.8; 546926; 474956; -0.180664; -0.180363; -0.18598; -0.185679; -0.193434
112; 541841; 481018; -0.189672; -0.189337; -0.194164; -0.193828; -0.200277
112.2; 540284; 483047; -0.19754; -0.197114; -0.201216; -0.200795; -0.205963
112.4; 543179; 481511; -0.203943; -0.203459; -0.206739; -0.206245; -0.210013
112.6; 547394; 481449; -0.20872; -0.208144; -0.210525; -0.209947; -0.212161
112.8; 550891; 485300; -0.21189; -0.211198; -0.21269; -0.211984; -0.212617
113; 554666; 491201; -0.213485; -0.212719; -0.213299; -0.21252; -0.211596
113.2; 559785; 493861; -0.213571; -0.212701; -0.212444; -0.211563; -0.209154
113.4; 567221; 492589; -0.212047; -0.211108; -0.209979; -0.209023; -0.205114
113.6; 575147; 491458; -0.208894; -0.207872; -0.205864; -0.204826; -0.199392
113.8; 581544; 494055; -0.204189; -0.203061; -0.200254; -0.199108; -0.192245
114; 587906; 498986; -0.197996; -0.196793; -0.193275; -0.192055; -0.183952
114.2; 595985; 501603; -0.190422; -0.189144; -0.185056; -0.183763; -0.174653
114.4; 606369; 499003; -0.181555; -0.18022; -0.175653; -0.174303; -0.164352
114.6; 617567; 494992; -0.171508; -0.170114; -0.16515; -0.163742; -0.153089
114.8; 628431; 493524; -0.160521; -0.15908; -0.153801; -0.152352; -0.141139
115; 639197; 493071; -0.148722; -0.147384; -0.141734; -0.140377; -0.128688
115.2; 651051; 490289; -0.136486; -0.135062; -0.129322; -0.127818; -0.115862
115.4; 664308; 487354; -0.123869; -0.12242; -0.116569; -0.115037; -0.102873
115.6; 677513; 485641; -0.11107; -0.109629; -0.103745; -0.102205; -0.0899982
115.8; 690234; 484928; -0.0983393; -0.0968783; -0.0911079; -0.0895592; -0.0775198
116; 702506; 484483; -0.0858673; -0.0843898; -0.0788805; -0.0773496; -0.0657328
116.2; 713276; 483056; -0.073843; -0.0723478; -0.0672582; -0.0657513; -0.0548223
116.4; 722646; 480945; -0.0624467; -0.0609968; -0.0564319; -0.0549741; -0.0449584
116.6; 730524; 478444; -0.0518544; -0.0505287; -0.0465558; -0.0451813; -0.036268
116.8; 737209; 475698; -0.042317; -0.0410262; -0.0377783; -0.0364694; -0.0287862
117; 741948; 472965; -0.03394; -0.0327101; -0.0302037; -0.0289816; -0.0225762
117.2; 743552; 471032; -0.0268408; -0.0257118; -0.0239638; -0.0227947; -0.0177128
117.4; 741961; 469661; -0.0211595; -0.0200931; -0.0191125; -0.0180508; -0.0142929
117.6; 737724; 467859; -0.0169437; -0.0159706; -0.0157741; -0.0147924; -0.0124041
117.8; 730731; 466575; -0.0142802; -0.0133977; -0.0140177; -0.0131188; -0.0121521
118; 720864; 465541; -0.0132085; -0.0124033; -0.0138749; -0.0130777; -0.013591
118.2; 709856; 463980; -0.0137344; -0.0130215; -0.0153686; -0.0146503; -0.0166848
118.4; 698488; 461789; -0.0158733; -0.0152241; -0.0184691; -0.0178185; -0.0213816
118.6; 686859; 459837; -0.0195616; -0.0190307; -0.0231012; -0.0225803; -0.0276235
118.8; 675788; 458063; -0.0248146; -0.024353; -0.0292673; -0.0288085; -0.035294
119; 665333; 456621; -0.0315245; -0.0311771; -0.0368155; -0.0364708; -0.0442597
119.2; 655090; 455207; -0.039633; -0.0393435; -0.0456552; -0.0453727; -0.054311
119.4; 644631; 455283; -0.0489749; -0.0487611; -0.0556121; -0.0554074; -0.0653063
119.6; 634207; 456046; -0.0593911; -0.0592264; -0.0665248; -0.0663687; -0.0770461
119.8; 623547; 457208; -0.0707096; -0.0705328; -0.0782181; -0.0780584; -0.0893489
120; 612840; 458842; -0.0826943; -0.0825045; -0.0904811; -0.090303; -0.102045
120.2; 602104; 461354; -0.0951236; -0.0949733; -0.103079; -0.102948; -0.114953
120.4; 590953; 463671; -0.10787; -0.107727; -0.115895; -0.115765; -0.12788
120.6; 580081; 464509; -0.1207; -0.120587; -0.12868; -0.128575; -0.140601
120.8; 570316; 465818; -0.133474; -0.133333; -0.141276; -0.141145; -0.15289
121; 562207; 467711; -0.14593; -0.145792; -0.15342; -0.153288; -0.164516
121.2; 556726; 468535; -0.157816; -0.157638; -0.164792; -0.164614; -0.175012
121.4; 552296; 469427; -0.168876; -0.168655; -0.175126; -0.174917; -0.184167
121.6; 547235; 473699; -0.179077; -0.17879; -0.184529; -0.18424; -0.192207
121.8; 542227; 480083; -0.18827; -0.187952; -0.192896; -0.192583; -0.199241
122; 540014; 482649; -0.19635; -0.195928; -0.200169; -0.199749; -0.205148
122.2; 542182; 481441; -0.202995; -0.202527; -0.205948; -0.205474; -0.20949
122.4; 545997; 481263; -0.208027; -0.207509; -0.210001; -0.209483; -0.211951
122.6; 548896; 484716; -0.211518; -0.210804; -0.212476; -0.211761; -0.212662
122.8; 552737; 490555; -0.21335; -0.212613; -0.213322; -0.212569; -0.211888
123; 558101; 493342; -0.213733; -0.212865; -0.212758; -0.211872; -0.209707
123.2; 565115; 492748; -0.212458; -0.211537; -0.210536; -0.209599; -0.205916
123.4; 573197; 491494; -0.209547; -0.208539; -0.206659; -0.205632; -0.200419
123.6; 580621; 493486; -0.205069; -0.203957; -0.201264; -0.200133; -0.193469
123.8; 586623; 498244; -0.199079; -0.197884; -0.194468; -0.193257; -0.185329
124; 593669; 501137; -0.191709; -0.190436; -0.186438; -0.185153; -0.176196
124.2; 603434; 498843; -0.18306; -0.181732; -0.177254; -0.17591; -0.166114
124.4; 614313; 494850; -0.173223; -0.171835; -0.166949; -0.165546; -0.15503
124.6; 625587; 493314; -0.162398; -0.160963; -0.155748; -0.154299; -0.143191
124.8; 637185; 493065; -0.150743; -0.14938; -0.14379; -0.142432; -0.13082
125; 649312; 491253; -0.138567; -0.137165; -0.13143; -0.129938; -0.118011
125.2; 661963; 488026; -0.125989; -0.124549; -0.118697; -0.11717; -0.105004
125.4; 674813; 485624; -0.113186; -0.111743; -0.105844; -0.104305; -0.092068
125.6; 687733; 484782; -0.100409; -0.0989488; -0.0931435; -0.0915991; -0.079497
125.8; 699397; 484320; -0.0878548; -0.0864007; -0.0808318; -0.0792897; -0.0675881
126; 709761; 483231; -0.0757138; -0.0742919; -0.0690928; -0.0675869; -0.0565426
126.2; 719358; 481109; -0.0642338; -0.0628105; -0.0581484; -0.0566716; -0.0465139
126.4; 727772; 478330; -0.0535336; -0.0521878; -0.0481265; -0.0467165; -0.0376293
126.6; 735070; 475434; -0.0438152; -0.042518; -0.0391396; -0.0378402; -0.0299456
126.8; 740843; 472767; -0.0352392; -0.0339952; -0.0313789; -0.0301166; -0.0235051
127; 743752; 470610; -0.0278927; -0.0267332; -0.0248781; -0.0236855; -0.018399
127.2; 743355; 469348; -0.0219255; -0.0208639; -0.0197475; -0.0186925; -0.0147224
127.4; 739385; 467872; -0.0174609; -0.0164733; -0.0161717; -0.0151613; -0.0125827
127.6; 731992; 466292; -0.0145418; -0.0136481; -0.0141412; -0.0132454; -0.012068
127.8; 722252; 464935; -0.0132391; -0.0124167; -0.0137631; -0.0129464; -0.0132387
128; 711366; 463480; -0.0135273; -0.0128099; -0.0150088; -0.0142801; -0.0160698
128.2; 699990; 461485; -0.0154342; -0.0147802; -0.0178602; -0.0172099; -0.0205015
128.4; 688475; 460272; -0.0188879; -0.0183316; -0.0222572; -0.0217105; -0.0264871
128.6; 677622; 458636; -0.023876; -0.0234145; -0.0281682; -0.0277062; -0.0339296
128.8; 667197; 456512; -0.03034; -0.029971; -0.0354919; -0.0351241; -0.0426947
129; 656832; 454700; -0.0382061; -0.0379083; -0.0441168; -0.0438275; -0.052593
129.2; 646321; 454598; -0.0473362; -0.0471094; -0.053893; -0.0536732; -0.063447
129.4; 635738; 455594; -0.057575; -0.0574105; -0.0646531; -0.0644966; -0.0750859
129.6; 625004; 456553; -0.0687549; -0.0685944; -0.0762251; -0.07608; -0.0873023
129.8; 614413; 458046; -0.0806791; -0.0804702; -0.0884361; -0.0882392; -0.0999454
130; 603697; 460053; -0.0930543; -0.0929019; -0.100988; -0.100856; -0.112827
130.2; 592459; 463080; -0.105772; -0.105632; -0.113786; -0.113657; -0.125752
130.4; 581498; 464462; -0.118611; -0.118489; -0.126594; -0.126482; -0.138517
130.6; 571712; 465249; -0.131394; -0.131263; -0.139221; -0.1391; -0.150879
130.8; 563329; 467321; -0.143913; -0.14377; -0.151458; -0.15132; -0.16264
131; 557130; 468462; -0.155901; -0.155734; -0.162976; -0.16281; -0.173366
131.2; 552475; 468669; -0.167096; -0.166878; -0.173479; -0.173271; -0.182739
131.4; 547583; 472194; -0.177431; -0.177177; -0.18302; -0.182777; -0.190958
131.6; 542462; 478469; -0.186808; -0.186493; -0.191577; -0.191257; -0.198142
131.8; 539752; 482291; -0.195101; -0.194696; -0.199048; -0.198656; -0.204258
132; 540981; 481653; -0.20203; -0.201582; -0.205133; -0.204667; -0.208909
132.2; 544350; 481153; -0.207367; -0.206833; -0.209474; -0.208979; -0.211679
132.4; 547865; 483833; -0.211093; -0.210444; -0.212213; -0.211543; -0.212668
132.6; 552052; 489232; -0.213205; -0.21246; -0.213314; -0.212563; -0.212106
132.8; 556678; 493287; -0.213785; -0.212939; -0.212954; -0.212089; -0.210149
133; 562971; 492960; -0.21277; -0.21185; -0.211009; -0.210068; -0.206644
133.2; 571244; 491252; -0.210099; -0.209103; -0.207378; -0.206373; -0.201434
133.4; 579092; 492361; -0.205866; -0.204775; -0.202225; -0.201116; -0.194712
133.6; 585065; 496711; -0.200136; -0.198952; -0.19567; -0.194465; -0.186765
133.8; 591649; 499954; -0.193004; -0.191747; -0.187843; -0.186573; -0.177789
134; 601506; 499278; -0.18457; -0.183254; -0.178837; -0.177507; -0.167819
134.2; 612620; 495687; -0.174941; -0.173562; -0.168716; -0.167323; -0.156877
134.4; 623306; 493502; -0.16428; -0.162854; -0.157661; -0.156222; -0.145157
134.6; 634224; 493167; -0.152748; -0.151362; -0.145823; -0.144442; -0.13288
134.8; 646673; 491231; -0.140614; -0.139232; -0.133497; -0.132048; -0.120151
135; 659809; 487537; -0.128072; -0.126639; -0.120816; -0.119278; -0.107164
135.2; 672710; 485142; -0.115273; -0.113823; -0.107943; -0.106411; -0.0942001
135.4; 685451; 484332; -0.102484; -0.101011; -0.0952051; -0.0936637; -0.0815536
135.6; 697650; 484234; -0.0899047; -0.0883725; -0.0828049; -0.0812617; -0.0694955
135.8; 708501; 483355; -0.0777071; -0.0762055; -0.0709725; -0.0694649; -0.0582939
136; 717952; 481035; -0.0661158; -0.0646424; -0.0598997; -0.0584189; -0.0480844
136.2; 726533; 478642; -0.0552566; -0.0538942; -0.0497105; -0.0483061; -0.039008
136.4; 733963; 475910; -0.0453789; -0.0440713; -0.0405591; -0.0392513; -0.031125
136.6; 739732; 473243; -0.0365857; -0.035348; -0.0325847; -0.0313233; -0.0244811
136.8; 742370; 471479; -0.0290331; -0.0278621; -0.0258634; -0.0246767; -0.0191481
137; 741956; 469552; -0.0228411; -0.0217567; -0.0205206; -0.0194296; -0.0152344
137.2; 738932; 467353; -0.01812; -0.0171208; -0.0166725; -0.0156538; -0.0128255
137.4; 732575; 465850; -0.0149434; -0.0140279; -0.0143812; -0.0134643; -0.0120337
137.6; 723244; 464947; -0.013362; -0.0125368; -0.0137283; -0.0128975; -0.012928
137.8; 712539; 464033; -0.0133851; -0.0126413; -0.014702; -0.0139558; -0.0154923
138; 701432; 461906; -0.0150144; -0.0143397; -0.0172861; -0.0166141; -0.0196659
138.2; 689955; 459912; -0.018202; -0.0176331; -0.021426; -0.0208604; -0.0254057
138.4; 678746; 458219; -0.0229397; -0.0224594; -0.0270891; -0.0266129; -0.0326159
138.6; 668351; 456436; -0.0291671; -0.0287798; -0.0341861; -0.0338036; -0.0411712
138.8; 658094; 454807; -0.0368099; -0.036505; -0.0426042; -0.0423058; -0.0508861
139; 647593; 454619; -0.0457506; -0.0455063; -0.052207; -0.0519698; -0.0615913
139.2; 636966; 454940; -0.0558231; -0.0556472; -0.0628194; -0.0626523; -0.0731158
139.4; 626416; 455658; -0.0668567; -0.066711; -0.0742674; -0.0741346; -0.0852524
139.6; 615603; 457522; -0.078693; -0.0784661; -0.0864071; -0.0861959; -0.0978411
139.8; 604940; 459671; -0.0909848; -0.090835; -0.0988984; -0.0987668; -0.110705
140; 594050; 462145; -0.103652; -0.103518; -0.111666; -0.111543; -0.123634
140.2; 583149; 463887; -0.116494; -0.116357; -0.124494; -0.12437; -0.136439
140.4; 572861; 464992; -0.129286; -0.129168; -0.137156; -0.137044; -0.148889
140.6; 564017; 466704; -0.141874; -0.141732; -0.149479; -0.149344; -0.160762
140.8; 557633; 467952; -0.153976; -0.153815; -0.161147; -0.160985; -0.171694
141; 552973; 468199; -0.165313; -0.165102; -0.171815; -0.171614; -0.181271
141.2; 547926; 471164; -0.175804; -0.175548; -0.181525; -0.181276; -0.189671
141.4; 542337; 477358; -0.185339; -0.185045; -0.190232; -0.189951; -0.197032
141.6; 539324; 481927; -0.193833; -0.193435; -0.19792; -0.197518; -0.203337
141.8; 540151; 481591; -0.200989; -0.200551; -0.204233; -0.203794; -0.208266
142; 543994; 480206; -0.206588; -0.206043; -0.20888; -0.208336; -0.211326
142.2; 548031; 482134; -0.210526; -0.20991; -0.211819; -0.211182; -0.212575
142.4; 551756; 488097; -0.212893; -0.21216; -0.213177; -0.212442; -0.212262
142.6; 555954; 492707; -0.21372; -0.212894; -0.21306; -0.212214; -0.210546
142.8; 561970; 492151; -0.212991; -0.212089; -0.211397; -0.210481; -0.207324
143; 570169; 490149; -0.210638; -0.209653; -0.208082; -0.207086; -0.202409
143.2; 577542; 490828; -0.206676; -0.205606; -0.203182; -0.20209; -0.195919
143.4; 583710; 495581; -0.201225; -0.200048; -0.196876; -0.195682; -0.188166
143.6; 590588; 499871; -0.194326; -0.193084; -0.189261; -0.188006; -0.17937
143.8; 600075; 499744; -0.186095; -0.184787; -0.180442; -0.179121; -0.169558
144; 611201; 495722; -0.176624; -0.175256; -0.170463; -0.16908; -0.158727
144.2; 621655; 492946; -0.166082; -0.164661; -0.159511; -0.158077; -0.147089
144.4; 632416; 492859; -0.15466; -0.153247; -0.147771; -0.146366; -0.134871
144.6; 644026; 491331; -0.142578; -0.141215; -0.135497; -0.134063; -0.122217
144.8; 656547; 487952; -0.130123; -0.128688; -0.122892; -0.121357; -0.109288
145; 669550; 485253; -0.117377; -0.115936; -0.110059; -0.108538; -0.0963438
145.2; 682620; 483898; -0.10461; -0.103127; -0.0973091; -0.0957741; -0.083639
145.4; 695458; 484318; -0.0919762; -0.0904837; -0.0848363; -0.0833212; -0.0714688
145.6; 706301; 484058; -0.0796535; -0.0782372; -0.0728312; -0.0714172; -0.0600688
145.8; 715076; 481709; -0.067948; -0.0665281; -0.0616233; -0.0601819; -0.0496416
146; 723499; 478939; -0.0569648; -0.0555938; -0.0512689; -0.0498816; -0.0403468
146.2; 731642; 475539; -0.0468973; -0.045558; -0.0419333; -0.0405828; -0.0322274
146.4; 737934; 472454; -0.0378985; -0.0366178; -0.0337411; -0.0324463; -0.0253723
146.6; 741557; 470817; -0.0300876; -0.0289289; -0.0267886; -0.0255993; -0.0198481
146.8; 743248; 468900; -0.0236777; -0.0225485; -0.0212285; -0.0200997; -0.0157201
147; 741273; 466940; -0.0186933; -0.0176955; -0.0171327; -0.0161052; -0.0130949
147.2; 734721; 465904; -0.0153026; -0.0143761; -0.014615; -0.0136914; -0.012065
147.4; 725154; 465208; -0.0134912; -0.0126594; -0.0137195; -0.0128876; -0.0127006
147.6; 714531; 463534; -0.0132968; -0.0125372; -0.0144608; -0.0136934; -0.0149902
147.8; 703273; 462031; -0.0146841; -0.0140144; -0.0167865; -0.0161225; -0.0189002
148; 691421; 460392; -0.0176194; -0.0170329; -0.0206726; -0.0200907; -0.024366
148.2; 680509; 458389; -0.0220756; -0.0215866; -0.026064; -0.0255768; -0.0313219
148.4; 670416; 456966; -0.0280381; -0.0276308; -0.0329102; -0.0325075; -0.039646
148.6; 659933; 454819; -0.0354202; -0.0351072; -0.0410936; -0.0407876; -0.0491742
148.8; 649227; 453777; -0.0441479; -0.0438986; -0.0505136; -0.0502679; -0.0597416
149; 638709; 454221; -0.0540505; -0.0538705; -0.0609779; -0.0608073; -0.0711619
149.2; 628270; 455189; -0.0649616; -0.064821; -0.0723263; -0.0721967; -0.0832367
149.4; 617358; 457043; -0.0767134; -0.0764892; -0.0843925; -0.0841879; -0.095778
149.6; 606809; 459038; -0.0889555; -0.0887992; -0.0968463; -0.0967043; -0.10861
149.8; 596197; 461633; -0.101588; -0.101452; -0.109584; -0.109462; -0.121524
150; 585261; 463563; -0.114414; -0.114271; -0.122411; -0.122281; -0.13435
150.2; 574872; 464588; -0.127198; -0.127081; -0.135088; -0.134974; -0.14685
150.4; 565721; 466275; -0.139818; -0.139671; -0.147467; -0.147331; -0.158828
150.6; 558663; 467519; -0.151993; -0.151841; -0.159255; -0.159104; -0.16996
150.8; 553792; 467632; -0.163467; -0.163263; -0.170105; -0.169908; -0.17978
151; 548990; 469712; -0.174098; -0.173852; -0.179966; -0.179727; -0.188361
151.2; 543633; 475618; -0.18382; -0.183528; -0.188861; -0.188578; -0.195894
151.4; 539932; 481283; -0.19252; -0.192136; -0.196742; -0.196357; -0.202392
151.6; 539304; 482145; -0.199934; -0.199519; -0.203319; -0.202907; -0.207601
151.8; 542791; 480341; -0.20586; -0.205299; -0.208305; -0.207741; -0.21098
152; 547015; 481664; -0.210042; -0.209458; -0.211487; -0.210879; -0.212506
152.2; 551099; 486576; -0.212685; -0.211949; -0.21311; -0.212381; -0.212427
152.4; 555511; 492241; -0.213712; -0.21292; -0.213194; -0.212374; -0.210915
152.6; 560784; 492786; -0.21323; -0.212326; -0.211782; -0.210874; -0.20796
152.8; 568505; 490482; -0.21111; -0.210139; -0.208721; -0.207737; -0.203322
153; 576164; 490233; -0.207391; -0.206341; -0.204053; -0.202983; -0.19706
153.2; 582388; 494359; -0.20219; -0.20103; -0.197983; -0.196807; -0.189514
153.4; 588954; 499353; -0.195551; -0.194322; -0.190603; -0.189359; -0.180905
153.6; 597807; 499838; -0.187561; -0.186262; -0.182002; -0.180689; -0.171276
153.8; 609113; 496509; -0.178298; -0.176942; -0.172221; -0.17085; -0.160626
154; 620573; 493403; -0.167895; -0.166485; -0.161382; -0.15996; -0.149058
154.2; 631261; 492591; -0.156593; -0.155159; -0.14974; -0.14831; -0.13688
154.4; 642092; 491440; -0.144571; -0.143238; -0.137495; -0.136119; -0.124278
154.6; 654002; 488102; -0.132185; -0.13074; -0.124918; -0.12347; -0.111374
154.8; 666601; 485459; -0.119468; -0.118033; -0.11212; -0.11066; -0.0984334
155; 679458; 484018; -0.106679; -0.105229; -0.0993442; -0.0978818; -0.0856931
155.2; 691912; 483038; -0.0940386; -0.0925795; -0.0868602; -0.0853916; -0.0734671
155.4; 703805; 482214; -0.0816854; -0.0802563; -0.0748189; -0.0733759; -0.0619506
155.6; 714291; 480707; -0.0698664; -0.0684492; -0.0634647; -0.062037; -0.0513753
155.8; 723132; 478801; -0.0587414; -0.0573657; -0.0529458; -0.0515568; -0.0418659
156; 730818; 476581; -0.0484953; -0.0471679; -0.0434188; -0.0420771; -0.0335339
156.2; 737110; 473559; -0.0393036; -0.0380319; -0.0350178; -0.0337295; -0.0264433
156.4; 740643; 470909; -0.0313343; -0.0301259; -0.0278782; -0.0266541; -0.0206807
156.6; 741089; 469320; -0.0246902; -0.0235881; -0.0220868; -0.0209718; -0.0163264
156.8; 738687; 467602; -0.019507; -0.018477; -0.01777; -0.0167286; -0.0134486
157; 733442; 465952; -0.0158445; -0.0148986; -0.0149918; -0.0140378; -0.0121521
157.2; 725478; 464471; -0.0137413; -0.0128899; -0.0138031; -0.0129454; -0.0124924
157.4; 715507; 463492; -0.0132272; -0.0124598; -0.0142311; -0.0134619; -0.0145005
157.6; 704765; 461964; -0.0143098; -0.0136213; -0.016267; -0.0155789; -0.0181259
157.8; 693363; 459726; -0.0169741; -0.0163592; -0.0198847; -0.0192712; -0.0233272
158; 681968; 457965; -0.0211698; -0.0206792; -0.0250163; -0.0245316; -0.0300483
158.2; 671134; 456183; -0.0269239; -0.0264916; -0.0316667; -0.0312379; -0.03818
158.4; 660497; 454195; -0.0341099; -0.0337821; -0.0396657; -0.0393439; -0.047554
158.6; 649952; 453542; -0.0426573; -0.0423913; -0.0489157; -0.0486566; -0.0579677
158.8; 639500; 453938; -0.0523947; -0.0522007; -0.0592312; -0.0590458; -0.069261
159; 629289; 454888; -0.063144; -0.062998; -0.0704339; -0.0702977; -0.0812221
159.2; 618918; 456458; -0.0747511; -0.0745393; -0.0823735; -0.0821797; -0.0936693
159.4; 608435; 458202; -0.0868863; -0.0867372; -0.0947463; -0.0946088; -0.106457
159.6; 597573; 460591; -0.0994482; -0.0993058; -0.107439; -0.10731; -0.119364
159.8; 586422; 462763; -0.112252; -0.1121; -0.120267; -0.120132; -0.132236
160; 575867; 463431; -0.125049; -0.124947; -0.132981; -0.132885; -0.144825
160.2; 566551; 464871; -0.137752; -0.137601; -0.145461; -0.145323; -0.156921
160.4; 559209; 466829; -0.150039; -0.149898; -0.157388; -0.157246; -0.168239
160.6; 554216; 467270; -0.161667; -0.161479; -0.168419; -0.16824; -0.178292
160.8; 549850; 468733; -0.172456; -0.172214; -0.17845; -0.178215; -0.187056
161; 544764; 474343; -0.182334; -0.182035; -0.187506; -0.187211; -0.194736
161.2; 540628; 480110; -0.191159; -0.190811; -0.195509; -0.195157; -0.201381
161.4; 539760; 481261; -0.198791; -0.198356; -0.202316; -0.201885; -0.206815
161.6; 542855; 479782; -0.204915; -0.204416; -0.207537; -0.207027; -0.210518
161.8; 546813; 480317; -0.209404; -0.208809; -0.211032; -0.210426; -0.212358
162; 550586; 484595; -0.212278; -0.21158; -0.212896; -0.212191; -0.212534
162.2; 554769; 490495; -0.213605; -0.212816; -0.21325; -0.212444; -0.211254
162.4; 559720; 492262; -0.213404; -0.212526; -0.212115; -0.211226; -0.208556
162.6; 567047; 490700; -0.211599; -0.210642; -0.209368; -0.208395; -0.20423
162.8; 574970; 489871; -0.20816; -0.207131; -0.204974; -0.203924; -0.19824
163; 581885; 493165; -0.203205; -0.202061; -0.199125; -0.197965; -0.190872
163.2; 588270; 498380; -0.196763; -0.195548; -0.191917; -0.190684; -0.182385
163.4; 596449; 499919; -0.188958; -0.187671; -0.183484; -0.182181; -0.1729
163.6; 607289; 496691; -0.179868; -0.178521; -0.173868; -0.172505; -0.162399
163.8; 618271; 492802; -0.169639; -0.168237; -0.163202; -0.161787; -0.151006
164; 628743; 491977; -0.158495; -0.157059; -0.151714; -0.150279; -0.138964
164.2; 639725; 491449; -0.146573; -0.145245; -0.139551; -0.138188; -0.126434
164.4; 651862; 488297; -0.134273; -0.132833; -0.127089; -0.125549; -0.113559
164.6; 665067; 485135; -0.121612; -0.120168; -0.114266; -0.112809; -0.10059
164.8; 677995; 483815; -0.108812; -0.10738; -0.101472; -0.0999891; -0.0877686
165; 690897; 483263; -0.0961567; -0.0946149; -0.088925; -0.0873721; -0.0753883
165.2; 703208; 482597; -0.0836859; -0.0822449; -0.0767737; -0.075249; -0.063727
165.4; 713021; 481577; -0.0717441; -0.0703246; -0.0652276; -0.0638309; -0.052995
165.6; 721202; 479457; -0.0604961; -0.0591109; -0.0546329; -0.0531582; -0.0433293
165.8; 729659; 476352; -0.0501092; -0.0487442; -0.0448873; -0.0435635; -0.0348202
166; 736160; 473104; -0.0407102; -0.0394476; -0.0363098; -0.0350135; -0.0275364
166.2; 740195; 470412; -0.0325439; -0.0313295; -0.0289597; -0.0277323; -0.0215521
166.4; 742122; 468802; -0.0256729; -0.0245479; -0.022931; -0.0218035; -0.0169488
166.6; 740632; 467576; -0.0202387; -0.0192032; -0.0183655; -0.0173071; -0.013807
166.8; 735302; 466190; -0.0163296; -0.0153665; -0.0153235; -0.0143598; -0.0122314
167; 727606; 464626; -0.0139609; -0.0130991; -0.0138626; -0.0129923; -0.0122849
167.2; 717663; 463458; -0.0131962; -0.0124113; -0.0140373; -0.0132452; -0.0140256
167.4; 706548; 462337; -0.0140107; -0.0133095; -0.0158063; -0.0151112; -0.0174073
167.6; 695173; 459973; -0.0164088; -0.0157957; -0.0191681; -0.0185541; -0.0223644
167.8; 683894; 458128; -0.0203673; -0.019842; -0.0240709; -0.0235479; -0.0288513
168; 673167; 456271; -0.0258594; -0.0254308; -0.0304668; -0.0300443; -0.0367688
168.2; 662526; 454361; -0.0328319; -0.0324794; -0.0382684; -0.0379203; -0.0459462
168.4; 651930; 453428; -0.0411623; -0.0409023; -0.0473135; -0.0470602; -0.0561959
168.6; 641830; 453682; -0.0507226; -0.0505133; -0.0574678; -0.0572664; -0.0673354
168.8; 631534; 454409; -0.0613243; -0.061171; -0.0685392; -0.0683965; -0.0792032
169; 620891; 455939; -0.0727852; -0.0725993; -0.0803535; -0.0801858; -0.0915778
169.2; 610350; 457960; -0.0848487; -0.0846924; -0.0926742; -0.0925331; -0.104325
169.4; 599669; 460221; -0.0973488; -0.0972031; -0.105327; -0.105198; -0.117232
169.6; 588635; 462200; -0.110113; -0.109961; -0.118141; -0.118001; -0.130127
169.8; 577825; 463145; -0.12294; -0.122826; -0.130899; -0.130797; -0.142791
170; 567852; 464289; -0.13567; -0.135541; -0.14343; -0.143315; -0.154987
170.2; 560460; 465845; -0.148064; -0.147926; -0.155491; -0.155354; -0.166474
170.4; 555699; 466197; -0.159819; -0.15965; -0.166677; -0.166528; -0.17675
170.6; 551512; 467534; -0.170746; -0.17051; -0.176875; -0.176628; -0.185676
170.8; 545918; 473260; -0.180778; -0.180495; -0.18607; -0.185811; -0.193533
171; 540582; 479793; -0.189782; -0.189436; -0.194273; -0.1939; -0.200346
171.2; 538660; 482188; -0.197615; -0.197223; -0.201268; -0.200894; -0.206009
171.4; 541368; 479992; -0.204055; -0.203558; -0.206827; -0.206323; -0.210056
171.6; 545232; 479826; -0.208829; -0.208251; -0.210611; -0.210025; -0.212202
171.8; 548176; 483271; -0.211964; -0.211299; -0.212735; -0.21206; -0.212632
172; 553022; 489727; -0.213534; -0.212757; -0.213323; -0.212522; -0.211554
172.2; 558621; 492802; -0.213582; -0.212728; -0.212392; -0.211611; -0.20912
172.4; 564981; 490462; -0.212046; -0.211119; -0.209927; -0.209052; -0.205077
172.6; 572164; 489659; -0.208868; -0.20784; -0.205769; -0.20483; -0.199321
172.8; 579051; 491932; -0.204144; -0.203015; -0.200208; -0.19903; -0.192155
173; 585672; 497271; -0.197913; -0.19669; -0.19317; -0.191937; -0.183811
173.2; 593772; 500132; -0.190286; -0.189003; -0.184894; -0.183607; -0.174459
173.4; 604105; 497288; -0.181427; -0.180085; -0.175518; -0.174161; -0.164199
173.6; 615204; 493313; -0.171387; -0.169992; -0.16503; -0.163617; -0.152964
173.8; 625999; 491364; -0.160389; -0.15896; -0.153668; -0.152224; -0.140987
174; 636802; 491051; -0.148601; -0.147247; -0.1416; -0.140234; -0.128532
174.2; 648769; 489563; -0.136349; -0.134896; -0.129158; -0.127653; -0.115665
174.4; 661325; 485957; -0.123733; -0.122208; -0.116392; -0.114849; -0.102666
174.6; 674711; 483503; -0.110931; -0.109412; -0.103553; -0.102029; -0.0897902
174.8; 687829; 483509; -0.0981946; -0.0966789; -0.0909279; -0.0893931; -0.07734
175; 699899; 482754; -0.0857198; -0.0841964; -0.0787171; -0.0771774; -0.0655678
175.2; 710568; 481842; -0.0736686; -0.0722308; -0.0670945; -0.0656377; -0.0546941
175.4; 719318; 479854; -0.0623029; -0.0609162; -0.0562973; -0.0548966; -0.0448663
175.6; 726996; 476772; -0.0517563; -0.0503924; -0.0464407; -0.0450742; -0.0361633
175.8; 734447; 472857; -0.0421845; -0.0409032; -0.0376552; -0.0363479; -0.0286652
176; 740131; 470011; -0.0337835; -0.0325647; -0.0300641; -0.0288368; -0.0224431
176.2; 742772; 468171; -0.0266858; -0.0255151; -0.0238159; -0.0226415; -0.0176004
176.4; 742436; 466874; -0.0209451; -0.0199208; -0.0189562; -0.0179058; -0.0142159
176.6; 738420; 465386; -0.0167959; -0.0158145; -0.0156791; -0.0146923; -0.0123949
176.8; 730347; 464660; -0.0141849; -0.0133162; -0.0139742; -0.0131028; -0.0122272
177; 719681; 463722; -0.0132054; -0.0124013; -0.0139246; -0.0131106; -0.0137077
177.2; 708523; 461748; -0.0138014; -0.0130949; -0.0154514; -0.014753; -0.0168188
177.4; 697322; 459861; -0.0159739; -0.0153467; -0.0185689; -0.0179409; -0.0214933
177.6; 685891; 458998; -0.0196637; -0.0191242; -0.0231936; -0.022655; -0.0276812
177.8; 675200; 456574; -0.024876; -0.0244339; -0.0293107; -0.0288768; -0.0353226
178; 664902; 453905; -0.031579; -0.0312101; -0.0368622; -0.0364978; -0.0442798
178.2; 654369; 452887; -0.03966; -0.0393956; -0.0456935; -0.0454347; -0.0543794
178.4; 643567; 453119; -0.0490271; -0.0488042; -0.0556953; -0.055478; -0.0654291
178.6; 632688; 453875; -0.059471; -0.0593183; -0.0666411; -0.0664991; -0.077236
178.8; 622184; 454987; -0.0708222; -0.0706558; -0.0783662; -0.0782196; -0.0895693
179; 611952; 456852; -0.0828544; -0.0826625; -0.090666; -0.0904869; -0.102276
179.2; 601526; 459307; -0.0952899; -0.0951476; -0.103254; -0.103134; -0.11515
179.4; 590727; 461786; -0.108033; -0.107884; -0.116052; -0.11591; -0.128018
179.6; 579749; 463176; -0.120854; -0.120732; -0.12881; -0.128703; -0.140696
179.8; 569495; 463847; -0.133581; -0.133485; -0.14135; -0.141289; -0.152966
180; 561538; 464154; -0.146052; -0.145916; -0.153526; -0.153411; -0.164613
180.2; 556665; 465100; -0.157932; -0.157756; -0.164905; -0.164738; -0.175142
180.4; 552204; 466705; -0.16897; -0.168749; -0.175236; -0.175006; -0.184277
180.6; 546522; 471713; -0.179152; -0.178864; -0.184595; -0.184335; -0.192302
180.8; 541454; 478427; -0.188319; -0.188019; -0.192949; -0.192642; -0.199303
181; 539259; 481008; -0.196436; -0.196009; -0.200226; -0.199844; -0.205211
181.2; 541168; 479436; -0.203113; -0.202656; -0.206061; -0.20557; -0.20956
181.4; 544767; 478667; -0.208185; -0.207596; -0.210109; -0.209549; -0.21197
181.6; 547901; 481819; -0.211532; -0.210922; -0.212475; -0.21182; -0.212634
181.8; 552432; 488194; -0.213377; -0.212595; -0.213305; -0.212527; -0.211786
182; 557370; 491432; -0.213663; -0.212823; -0.212659; -0.211816; -0.209602
182.2; 563206; 489673; -0.212424; -0.211473; -0.210511; -0.20953; -0.20587
182.4; 571487; 488241; -0.209484; -0.208469; -0.206602; -0.205573; -0.20038
182.6; 579380; 490146; -0.205008; -0.203901; -0.201201; -0.200083; -0.193425
182.8; 586004; 495194; -0.199036; -0.19782; -0.194422; -0.193189; -0.185265
183; 593424; 499022; -0.191642; -0.190369; -0.186359; -0.185071; -0.176097
183.2; 602609; 496702; -0.182988; -0.181658; -0.177167; -0.175822; -0.165999
183.4; 613459; 492844; -0.173118; -0.171727; -0.166822; -0.165418; -0.154861
183.6; 624541; 490633; -0.162254; -0.160828; -0.155573; -0.154136; -0.142965
183.8; 635533; 489886; -0.150579; -0.149195; -0.143593; -0.142211; -0.130547
184; 647183; 489077; -0.138364; -0.136962; -0.131209; -0.129708; -0.117742
184.2; 659341; 485623; -0.125782; -0.124335; -0.118485; -0.116949; -0.104784
184.4; 672283; 482653; -0.11305; -0.111528; -0.105675; -0.104146; -0.0919167
184.6; 685447; 483066; -0.100266; -0.098805; -0.0929912; -0.0915027; -0.0794063
184.8; 697386; 482761; -0.0877359; -0.086268; -0.0806923; -0.0792101; -0.0675154
185; 708153; 481087; -0.0756206; -0.0741609; -0.0689588; -0.0675085; -0.0564357
185.2; 716939; 479218; -0.0641093; -0.0627378; -0.0580049; -0.0566015; -0.0463919
185.4; 724623; 476302; -0.053418; -0.052057; -0.0479668; -0.0466046; -0.0374759
185.6; 732736; 472605; -0.043683; -0.0423873; -0.0390006; -0.0376789; -0.0297508
185.8; 738350; 470433; -0.0350831; -0.0338653; -0.0312092; -0.0299767; -0.0233295
186; 740354; 469134; -0.0277728; -0.0265981; -0.0247411; -0.0235768; -0.0182817
186.2; 740603; 466539; -0.0218169; -0.0207467; -0.0196739; -0.0185789; -0.0146619
186.4; 738506; 464025; -0.017385; -0.0163591; -0.0161213; -0.0150723; -0.0125514
186.6; 731896; 464117; -0.0144466; -0.013583; -0.0140809; -0.0132224; -0.0120953
186.8; 722619; 462565; -0.0132027; -0.0123117; -0.0137753; -0.0128607; -0.0132515
187; 713039; 460804; -0.0134759; -0.0127309; -0.0149894; -0.0142418; -0.0160991
187.2; 702245; 459694; -0.0153893; -0.0147115; -0.017876; -0.0171545; -0.0205352
187.4; 689752; 458138; -0.0188918; -0.0182863; -0.0223019; -0.0216836; -0.0265417
187.6; 677969; 455740; -0.0238807; -0.0234575; -0.0281947; -0.0277774; -0.0340259
187.8; 667265; 453085; -0.0304404; -0.0300616; -0.0355962; -0.0352301; -0.0428111
188; 655911; 452499; -0.0383268; -0.0380673; -0.0442447; -0.0439799; -0.052731
188.2; 644778; 452930; -0.0474872; -0.0472762; -0.0540404; -0.0538342; -0.063596
188.4; 634604; 453626; -0.0577385; -0.0575547; -0.064799; -0.0646412; -0.0752162
188.6; 624761; 454437; -0.0688659; -0.0687358; -0.0763321; -0.0762225; -0.0874267
188.8; 614166; 455911; -0.0807703; -0.0805578; -0.0885442; -0.0883242; -0.100052
189; 603534; 458391; -0.0931292; -0.0929677; -0.101072; -0.100944; -0.112942
189.2; 592178; 460414; -0.105829; -0.10571; -0.113869; -0.113753; -0.125884
189.4; 581304; 461942; -0.118722; -0.118573; -0.126722; -0.126585; -0.138661
189.6; 571160; 463305; -0.131514; -0.1314; -0.139354; -0.139252; -0.15105
189.8; 562597; 464579; -0.144065; -0.143928; -0.151617; -0.151479; -0.162808
190; 556943; 465966; -0.156059; -0.155874; -0.163115; -0.162938; -0.173471
190.2; 552309; 466760; -0.167218; -0.167019; -0.173575; -0.173384; -0.182799
190.4; 547239; 470854; -0.177551; -0.177268; -0.183124; -0.182846; -0.191011
190.6; 541968; 477060; -0.186891; -0.186575; -0.191654; -0.191338; -0.198215
190.8; 539473; 479570; -0.195148; -0.194754; -0.199107; -0.198714; -0.204325
191; 541071; 478729; -0.202047; -0.201577; -0.205149; -0.204677; -0.208937
191.2; 544893; 478146; -0.207337; -0.206791; -0.209469; -0.208917; -0.211649
191.4; 548421; 481362; -0.211035; -0.210385; -0.212159; -0.211496; -0.212631
191.6; 552429; 487212; -0.213148; -0.212411; -0.213272; -0.212523; -0.212084
191.8; 557161; 490999; -0.213741; -0.212895; -0.212912; -0.212056; -0.210122
192; 563247; 490092; -0.21273; -0.211821; -0.210964; -0.210037; -0.206603
192.2; 571150; 488666; -0.210077; -0.209084; -0.207344; -0.206333; -0.201368
192.4; 578203; 490352; -0.205851; -0.204755; -0.202188; -0.201075; -0.19464
192.6; 584623; 495493; -0.200121; -0.198944; -0.195638; -0.194441; -0.186705
192.8; 591658; 498822; -0.19297; -0.191714; -0.187798; -0.186528; -0.177723
193; 601635; 496865; -0.1845; -0.183185; -0.178758; -0.177427; -0.167723
193.2; 613073; 493048; -0.174806; -0.173427; -0.168572; -0.167178; -0.156714
193.4; 623550; 491031; -0.164098; -0.162674; -0.157469; -0.156033; -0.14495
193.6; 633965; 491328; -0.152552; -0.151163; -0.145619; -0.144235; -0.132661
193.8; 645734; 489874; -0.140425; -0.139054; -0.133303; -0.131863; -0.11995
194; 658279; 485718; -0.127937; -0.126491; -0.120667; -0.119135; -0.107012
194.2; 671396; 483770; -0.115172; -0.113737; -0.107797; -0.106363; -0.0941
194.4; 684321; 482862; -0.102389; -0.100948; -0.0951239; -0.093581; -0.0814603
194.6; 696796; 481938; -0.0898042; -0.0883211; -0.0827102; -0.0812002; -0.069417
194.8; 707762; 481798; -0.0775423; -0.0761508; -0.0708057; -0.0694002; -0.0581738
195; 716133; 479868; -0.065954; -0.0645197; -0.0597345; -0.0582976; -0.047936
195.2; 724078; 476737; -0.0550975; -0.0537575; -0.0495386; -0.0481763; -0.0388498
195.4; 731776; 473960; -0.0452095; -0.0438978; -0.0403911; -0.0390648; -0.0309365
195.6; 737220; 471048; -0.0364407; -0.0351945; -0.0324324; -0.0311731; -0.0243236
195.8; 740163; 469133; -0.0289093; -0.0277617; -0.0257483; -0.0245809; -0.0190518
196; 740311; 468066; -0.0227647; -0.0216691; -0.020455; -0.0193557; -0.0151871
196.2; 737167; 466177; -0.0180782; -0.0170834; -0.016647; -0.0156383; -0.012834
196.4; 731183; 464133; -0.0149365; -0.014028; -0.0143942; -0.0134765; -0.0120702
196.6; 722365; 463302; -0.0133692; -0.0125415; -0.0137445; -0.0129163; -0.0129632
196.8; 711519; 462121; -0.0133898; -0.0126517; -0.0147166; -0.0139729; -0.0155216
197; 700199; 459939; -0.0150186; -0.0143588; -0.0172986; -0.0166404; -0.0196954
197.2; 688530; 458315; -0.018215; -0.0176369; -0.0214501; -0.020876; -0.0254429
197.4; 677365; 456656; -0.0229466; -0.0224838; -0.0271135; -0.0266528; -0.0326778
197.6; 666841; 454668; -0.0292098; -0.0288154; -0.034249; -0.0338581; -0.0412624
197.8; 656493; 452868; -0.0368774; -0.0365778; -0.0426898; -0.0423978; -0.0510086
198; 646340; 452419; -0.0458533; -0.0456079; -0.0523248; -0.052086; -0.0617329
198.2; 636228; 453247; -0.0559545; -0.0557795; -0.0629583; -0.0627924; -0.0732689
198.4; 625802; 454552; -0.0669993; -0.0668543; -0.0744132; -0.0742819; -0.0854054
198.6; 615132; 456292; -0.0788233; -0.0786163; -0.0865396; -0.0863478; -0.0979862
198.8; 604365; 458140; -0.091112; -0.0909579; -0.0990296; -0.0988932; -0.110839
199; 593280; 460624; -0.103769; -0.10363; -0.111788; -0.11166; -0.123763
199.2; 582166; 462041; -0.116601; -0.116474; -0.124607; -0.124495; -0.136572
199.4; 571858; 462780; -0.129402; -0.129275; -0.137278; -0.137157; -0.149017
199.6; 563388; 464875; -0.141983; -0.141845; -0.149592; -0.149464; -0.160892
199.8; 557302; 466223; -0.154093; -0.153933; -0.161267; -0.161106; -0.171821
200; 552815; 466517; -0.16543; -0.165219; -0.171931; -0.171732; -0.181389
