0.005; 15297.9; 7695.42; 5.02138e-05; 5.0062e-05; 5.01598e-05; 4.9951e-05; 4.92613e-05
0.25; 67131.1; 83751.8; 0.0359102; 0.0343652; 0.0357441; 0.0341888; 0.0344773
0.5; 84062.4; 79439; 0.189646; 0.190701; 0.18852; 0.189681; 0.187265
0.75; 77088.9; 79925.8; 0.38698; 0.387147; 0.384177; 0.384417; 0.379424
1; 86834; 88117.6; 0.571938; 0.571312; 0.567189; 0.566341; 0.558245
1.25; 98670.7; 90024; 0.685998; 0.685976; 0.677913; 0.677935; 0.663817
1.5; 113231; 134537; 0.698726; 0.70025; 0.686482; 0.688215; 0.666182
1.75; 134791; 137906; 0.62512; 0.625008; 0.608732; 0.608978; 0.580481
2; 151714; 156840; 0.532766; 0.532792; 0.515462; 0.51494; 0.48449
2.25; 164947; 159882; 0.511141; 0.511513; 0.495558; 0.495292; 0.467612
2.5; 140465; 138452; 0.540361; 0.538879; 0.526004; 0.525651; 0.501641
2.75; 130439; 127153; 0.540024; 0.541551; 0.528087; 0.52961; 0.508012
3; 126314; 133124; 0.497621; 0.496862; 0.487821; 0.487021; 0.470205
3.25; 132799; 142586; 0.440654; 0.439925; 0.434541; 0.43378; 0.423399
3.5; 135931; 132727; 0.437405; 0.439023; 0.436762; 0.438375; 0.436511
3.75; 114674; 115443; 0.473695; 0.4731; 0.477613; 0.476941; 0.483995
4; 112799; 111101; 0.48852; 0.488819; 0.496037; 0.496408; 0.50942
4.25; 120089; 122407; 0.476897; 0.478337; 0.487716; 0.488887; 0.507081
4.5; 148894; 153106; 0.468723; 0.468893; 0.482067; 0.482477; 0.505904
4.75; 137835; 134676; 0.509427; 0.508018; 0.524817; 0.52337; 0.550911
5; 115277; 112209; 0.554088; 0.553335; 0.569806; 0.570169; 0.598487
5.25; 102685; 104448; 0.575359; 0.576676; 0.591724; 0.592958; 0.62096
5.5; 106881; 106136; 0.579768; 0.578826; 0.59452; 0.594774; 0.621508
5.75; 136052; 129294; 0.589332; 0.58786; 0.601183; 0.599515; 0.620904
6; 127614; 127499; 0.622708; 0.622651; 0.628955; 0.628609; 0.639494
6.25; 109219; 116125; 0.649645; 0.649803; 0.651979; 0.6533; 0.657811
6.5; 113042; 113878; 0.655943; 0.655471; 0.657519; 0.656809; 0.659693
6.75; 120955; 111661; 0.642181; 0.642946; 0.642609; 0.641527; 0.641162
7; 135162; 118437; 0.62354; 0.622377; 0.618192; 0.618339; 0.610025
7.25; 134682; 127073; 0.613213; 0.613478; 0.601421; 0.602428; 0.581995
7.5; 125119; 128173; 0.607945; 0.60898; 0.591802; 0.590581; 0.560966
7.75; 116848; 127989; 0.594815; 0.595615; 0.575432; 0.57628; 0.542013
8; 118426; 124004; 0.568085; 0.567625; 0.550366; 0.550087; 0.519307
8.25; 132029; 125259; 0.531634; 0.530967; 0.516996; 0.516885; 0.49179
8.5; 156136; 128262; 0.498347; 0.499658; 0.485377; 0.486442; 0.462998
8.75; 137419; 153479; 0.48322; 0.48249; 0.469424; 0.468379; 0.44448
9; 135085; 136423; 0.473982; 0.473243; 0.463662; 0.462904; 0.445181
9.25; 132782; 135625; 0.460621; 0.461832; 0.455928; 0.456335; 0.447242
9.5; 148985; 137855; 0.445949; 0.445936; 0.445665; 0.446615; 0.446486
9.75; 163667; 160909; 0.440545; 0.439591; 0.442976; 0.443213; 0.448377
10; 147611; 153401; 0.453071; 0.451731; 0.460127; 0.458623; 0.471541
10.25; 149304; 145716; 0.469214; 0.469311; 0.480795; 0.481679; 0.502213
10.5; 152122; 142378; 0.484311; 0.485344; 0.500147; 0.500395; 0.527357
10.75; 157362; 151167; 0.500915; 0.500099; 0.517867; 0.516792; 0.546706
11; 162018; 159054; 0.521169; 0.519938; 0.53686; 0.537263; 0.565971
11.25; 159459; 159061; 0.547525; 0.546633; 0.562671; 0.562354; 0.589487
11.5; 154853; 154059; 0.576833; 0.577593; 0.591645; 0.591213; 0.616311
11.75; 150784; 149484; 0.604263; 0.605312; 0.616953; 0.618025; 0.639719
12; 152359; 145358; 0.624106; 0.624334; 0.635033; 0.633996; 0.65254
12.25; 155205; 146485; 0.633914; 0.6339; 0.639879; 0.64094; 0.651785
12.5; 157352; 150251; 0.636356; 0.636449; 0.637849; 0.637991; 0.640591
12.75; 157421; 158278; 0.635045; 0.635498; 0.631975; 0.630968; 0.624791
13; 155344; 158553; 0.631557; 0.632022; 0.623299; 0.62347; 0.608666
13.25; 151376; 153309; 0.624337; 0.623492; 0.611854; 0.612695; 0.591875
13.5; 150895; 149780; 0.608452; 0.608489; 0.594403; 0.595299; 0.571027
13.75; 154897; 151835; 0.584222; 0.585315; 0.569698; 0.570068; 0.54385
14; 161699; 154336; 0.556016; 0.555934; 0.539773; 0.540511; 0.512429
14.25; 163012; 163184; 0.527648; 0.52669; 0.51028; 0.511404; 0.482272
14.5; 162523; 170424; 0.501813; 0.503046; 0.486322; 0.4872; 0.459361
14.75; 165083; 164063; 0.483238; 0.482942; 0.469772; 0.470452; 0.447405
15; 166108; 164313; 0.467317; 0.466595; 0.457553; 0.458062; 0.441794
15.25; 168739; 168460; 0.452668; 0.45305; 0.447633; 0.44828; 0.439376
15.5; 176483; 170226; 0.441953; 0.442581; 0.441633; 0.441498; 0.440346
15.75; 180209; 185840; 0.441028; 0.441058; 0.444605; 0.443918; 0.449884
16; 178600; 173331; 0.449997; 0.449583; 0.45736; 0.457128; 0.470308
16.25; 174676; 171373; 0.463329; 0.463318; 0.474145; 0.474901; 0.494143
16.5; 176020; 176703; 0.47955; 0.480621; 0.493885; 0.494597; 0.519041
16.75; 183860; 176840; 0.499823; 0.500375; 0.516319; 0.515949; 0.544199
17; 181909; 177523; 0.524002; 0.523442; 0.540506; 0.540485; 0.569843
17.25; 179617; 178982; 0.550409; 0.550064; 0.566104; 0.567221; 0.595418
17.5; 177744; 173270; 0.576503; 0.577596; 0.592782; 0.591482; 0.618525
17.75; 174541; 171260; 0.60162; 0.600507; 0.613468; 0.61427; 0.636261
18; 172273; 169439; 0.61929; 0.620229; 0.629194; 0.629546; 0.646232
18.25; 173400; 168328; 0.631809; 0.632262; 0.638126; 0.637218; 0.64753
18.5; 172339; 171008; 0.6388; 0.637472; 0.639488; 0.639165; 0.641391
18.75; 172139; 170781; 0.638711; 0.638449; 0.635569; 0.634964; 0.629457
19; 171898; 172818; 0.632917; 0.634132; 0.626448; 0.625663; 0.612988
19.25; 170682; 170868; 0.622105; 0.622826; 0.610935; 0.612047; 0.592306
19.5; 170545; 171624; 0.605194; 0.605195; 0.591242; 0.59176; 0.567543
19.75; 174835; 173244; 0.582518; 0.582368; 0.56709; 0.566697; 0.539691
20; 176252; 176038; 0.556722; 0.556093; 0.540254; 0.539501; 0.510919
20.25; 178670; 179990; 0.530234; 0.529257; 0.512641; 0.51378; 0.48427
20.5; 182585; 183425; 0.504091; 0.505345; 0.489237; 0.489442; 0.462447
20.75; 182639; 187105; 0.482728; 0.482354; 0.470101; 0.468919; 0.446673
21; 184654; 186869; 0.464416; 0.463588; 0.454264; 0.45458; 0.437656
21.25; 191799; 190928; 0.44944; 0.450529; 0.444181; 0.444974; 0.435133
21.5; 194805; 192875; 0.441427; 0.441938; 0.440948; 0.44054; 0.4391
21.75; 198947; 195417; 0.44121; 0.440813; 0.444752; 0.443645; 0.449751
22; 194947; 197212; 0.448734; 0.447394; 0.455592; 0.454402; 0.467101
22.25; 193580; 196728; 0.460625; 0.461504; 0.471634; 0.471649; 0.490174
22.5; 197098; 194982; 0.478248; 0.479348; 0.492291; 0.492967; 0.516864
22.75; 195561; 192975; 0.50024; 0.500261; 0.516237; 0.516638; 0.54478
23; 197475; 191911; 0.524404; 0.524531; 0.54151; 0.54187; 0.571825
23.25; 193956; 189444; 0.549783; 0.550843; 0.566602; 0.567568; 0.596454
23.5; 189002; 188267; 0.575735; 0.57624; 0.590621; 0.591471; 0.617418
23.75; 185350; 184972; 0.599172; 0.599409; 0.611532; 0.611939; 0.633523
24; 181417; 180966; 0.618645; 0.61809; 0.628027; 0.627209; 0.643798
24.25; 180143; 180220; 0.632399; 0.631299; 0.637901; 0.637049; 0.647311
24.5; 178905; 173853; 0.639401; 0.638507; 0.641017; 0.640041; 0.643266
24.75; 178966; 177422; 0.639443; 0.639627; 0.636797; 0.636645; 0.631784
25; 175777; 176203; 0.633231; 0.634141; 0.625951; 0.626958; 0.613825
25.25; 175725; 178194; 0.621273; 0.622316; 0.610226; 0.611096; 0.591194
25.5; 174141; 178608; 0.604322; 0.604322; 0.590629; 0.589902; 0.565652
25.75; 176628; 178596; 0.582774; 0.581852; 0.567051; 0.565964; 0.538809
26; 179240; 178320; 0.55764; 0.556919; 0.541241; 0.540344; 0.511924
26.25; 180560; 181981; 0.530356; 0.531695; 0.515054; 0.514517; 0.486379
26.5; 183461; 184403; 0.505579; 0.505505; 0.489777; 0.491096; 0.464027
26.75; 186534; 188043; 0.483013; 0.481931; 0.4698; 0.469117; 0.446663
27; 186582; 196062; 0.463564; 0.463263; 0.454032; 0.453184; 0.436431
27.25; 192643; 192282; 0.450367; 0.449219; 0.444341; 0.444284; 0.434711
27.5; 196574; 195491; 0.442324; 0.442113; 0.441758; 0.441088; 0.440027
27.75; 198056; 193009; 0.441122; 0.441992; 0.44552; 0.444528; 0.451091
28; 195891; 197326; 0.448526; 0.447458; 0.455674; 0.454608; 0.467634
28.25; 194380; 198196; 0.460781; 0.460048; 0.47156; 0.470351; 0.489389
28.5; 196806; 195904; 0.477542; 0.478404; 0.491156; 0.49196; 0.515359
28.75; 194706; 194560; 0.499059; 0.500406; 0.515059; 0.516243; 0.543534
29; 195630; 191916; 0.524283; 0.524689; 0.541151; 0.542032; 0.57154
29.25; 192717; 187843; 0.551258; 0.549863; 0.567142; 0.567762; 0.596981
29.5; 188954; 187104; 0.575658; 0.576346; 0.591968; 0.590676; 0.618126
29.75; 185598; 183472; 0.598547; 0.59936; 0.611139; 0.612063; 0.633782
30; 181324; 184056; 0.61747; 0.618138; 0.627093; 0.62704; 0.643277
30.25; 180080; 179040; 0.631122; 0.631706; 0.637385; 0.636358; 0.646419
30.5; 178985; 176723; 0.639293; 0.638686; 0.640365; 0.640413; 0.642833
30.75; 176150; 177086; 0.640443; 0.639508; 0.636907; 0.637341; 0.63212
31; 176437; 173932; 0.633533; 0.634882; 0.626521; 0.627767; 0.614828
31.25; 174266; 177930; 0.621933; 0.622065; 0.610737; 0.611526; 0.592087
31.5; 175873; 178207; 0.604858; 0.603605; 0.590637; 0.590041; 0.56602
31.75; 176287; 179028; 0.582447; 0.581813; 0.566883; 0.565693; 0.538555
32; 178035; 180108; 0.557654; 0.556997; 0.540716; 0.540636; 0.511528
32.25; 181866; 182273; 0.531161; 0.531753; 0.514469; 0.51565; 0.486397
32.5; 181900; 183435; 0.505772; 0.506434; 0.491605; 0.490284; 0.464393
32.75; 185456; 189766; 0.4835; 0.482272; 0.469534; 0.470361; 0.447318
33; 188794; 192627; 0.462978; 0.463849; 0.453522; 0.453841; 0.436665
33.25; 191426; 195419; 0.449246; 0.449625; 0.444484; 0.443378; 0.434287
33.5; 196482; 196487; 0.442509; 0.441417; 0.440713; 0.441496; 0.439602
33.75; 198196; 191494; 0.441617; 0.441597; 0.444702; 0.445329; 0.450982
34; 195735; 199390; 0.447658; 0.448378; 0.455703; 0.454668; 0.467719
34.25; 193862; 196290; 0.459859; 0.460674; 0.470719; 0.471009; 0.48942
34.5; 196222; 196284; 0.477124; 0.47834; 0.490722; 0.491948; 0.515165
34.75; 196637; 195703; 0.498974; 0.499983; 0.515029; 0.515649; 0.54311
35; 193705; 191534; 0.524199; 0.524277; 0.541196; 0.541284; 0.570988
35.25; 193756; 188870; 0.550978; 0.549867; 0.567862; 0.566541; 0.596513
35.5; 187552; 187016; 0.575291; 0.576427; 0.590503; 0.591736; 0.617867
35.75; 185384; 184172; 0.598675; 0.598783; 0.611548; 0.611336; 0.633682
36; 183950; 182782; 0.618159; 0.617055; 0.627458; 0.626543; 0.643421
36.25; 177629; 179504; 0.631563; 0.631001; 0.636975; 0.636758; 0.646629
36.5; 179644; 177095; 0.638494; 0.639422; 0.640654; 0.640157; 0.642948
36.75; 176370; 175876; 0.639669; 0.640418; 0.636761; 0.637559; 0.632115
37; 174899; 175096; 0.634891; 0.633759; 0.626844; 0.627516; 0.614669
37.25; 175332; 178918; 0.622394; 0.621748; 0.611695; 0.610588; 0.592003
37.5; 175009; 177130; 0.604675; 0.603866; 0.590802; 0.589983; 0.566085
37.75; 176716; 179614; 0.58273; 0.581803; 0.566512; 0.566455; 0.538847
38; 178318; 180066; 0.557805; 0.557187; 0.540876; 0.540922; 0.51184
38.25; 181236; 181514; 0.532201; 0.531151; 0.515866; 0.514739; 0.48663
38.5; 182109; 184898; 0.506469; 0.506167; 0.491306; 0.490947; 0.464539
38.75; 184996; 188875; 0.483491; 0.482625; 0.469489; 0.470618; 0.447306
39; 188219; 194476; 0.463873; 0.46325; 0.453644; 0.453884; 0.436613
39.25; 191439; 194611; 0.44989; 0.449411; 0.44462; 0.443688; 0.434528
39.5; 196934; 194913; 0.442114; 0.442058; 0.441392; 0.441117; 0.439801
39.75; 197456; 192944; 0.441373; 0.441917; 0.444725; 0.445295; 0.450898
40; 195300; 198922; 0.447585; 0.448477; 0.454779; 0.455425; 0.467491
40.25; 194532; 195939; 0.459713; 0.460663; 0.470447; 0.470934; 0.489089
40.5; 196281; 197907; 0.477088; 0.477992; 0.490727; 0.491469; 0.514858
40.75; 194416; 194874; 0.498678; 0.499855; 0.514608; 0.515709; 0.54299
41; 196104; 191659; 0.523817; 0.524238; 0.540875; 0.541392; 0.571063
41.25; 191955; 189204; 0.550857; 0.549508; 0.567725; 0.566439; 0.596604
41.5; 188515; 186869; 0.575357; 0.575989; 0.590954; 0.591067; 0.61788
41.75; 185778; 184753; 0.598243; 0.599121; 0.610741; 0.612025; 0.633647
42; 181073; 182501; 0.617244; 0.617822; 0.626702; 0.627023; 0.643181
42.25; 180679; 180607; 0.630965; 0.631419; 0.637094; 0.636378; 0.646431
42.5; 177244; 176269; 0.63866; 0.638951; 0.640752; 0.639836; 0.642897
42.75; 176838; 176578; 0.640192; 0.639667; 0.637499; 0.636857; 0.632358
43; 176731; 175019; 0.634903; 0.633852; 0.627159; 0.627608; 0.615143
43.25; 173907; 177783; 0.622353; 0.622322; 0.610958; 0.612008; 0.592481
43.5; 174838; 178591; 0.604389; 0.604831; 0.59013; 0.591297; 0.566412
43.75; 176577; 179144; 0.582447; 0.582456; 0.566137; 0.567067; 0.538881
44; 178032; 180019; 0.557261; 0.557849; 0.540412; 0.541417; 0.5118
44.25; 181347; 182385; 0.531103; 0.5323; 0.514694; 0.51595; 0.486686
44.5; 182494; 184175; 0.506772; 0.506087; 0.490723; 0.491843; 0.464769
44.75; 185174; 188919; 0.483651; 0.482883; 0.470465; 0.470159; 0.447634
45; 188136; 193882; 0.463313; 0.464182; 0.454516; 0.45337; 0.436753
45.25; 191282; 195961; 0.449428; 0.449981; 0.443736; 0.444478; 0.434335
45.5; 196744; 194455; 0.442114; 0.441866; 0.440711; 0.441447; 0.439497
45.75; 197447; 193631; 0.442003; 0.44107; 0.445222; 0.444545; 0.450722
46; 196327; 198388; 0.448479; 0.447589; 0.45564; 0.4546; 0.467499
46.25; 192969; 196271; 0.460721; 0.459685; 0.470786; 0.47066; 0.48913
46.5; 196787; 197478; 0.477764; 0.477272; 0.490871; 0.491253; 0.514782
46.75; 194067; 194314; 0.498833; 0.499386; 0.514508; 0.5154; 0.542683
47; 195914; 193168; 0.523281; 0.524295; 0.540469; 0.541181; 0.570657
47.25; 192772; 188465; 0.549461; 0.550398; 0.566263; 0.567364; 0.59636
47.5; 188407; 186915; 0.575876; 0.575124; 0.591374; 0.590332; 0.61771
47.75; 185531; 185247; 0.599039; 0.598097; 0.611556; 0.611027; 0.633532
48; 181051; 181772; 0.617479; 0.617501; 0.626523; 0.627185; 0.643251
48.25; 180055; 180641; 0.630629; 0.631734; 0.636292; 0.637217; 0.646524
48.5; 178857; 177255; 0.638569; 0.639107; 0.640308; 0.640348; 0.64294
48.75; 175830; 175514; 0.640253; 0.639692; 0.637468; 0.636922; 0.632344
49; 176707; 176282; 0.63483; 0.633974; 0.627717; 0.627079; 0.61513
49.25; 173812; 176775; 0.622216; 0.622579; 0.611397; 0.611698; 0.592549
49.5; 174773; 179441; 0.604161; 0.605265; 0.590281; 0.591348; 0.566499
49.75; 176716; 178267; 0.582084; 0.583062; 0.566295; 0.567218; 0.539092
50; 178352; 181087; 0.557248; 0.558187; 0.540722; 0.54149; 0.512059
50.25; 180098; 181848; 0.531345; 0.532313; 0.514913; 0.515995; 0.486806
50.5; 183321; 185212; 0.506129; 0.507031; 0.490955; 0.491863; 0.464877
50.75; 184996; 187805; 0.483244; 0.483581; 0.469841; 0.471004; 0.447696
51; 187811; 193892; 0.464378; 0.463446; 0.453633; 0.454532; 0.43688
51.25; 191630; 195652; 0.450075; 0.449452; 0.444084; 0.444161; 0.434246
51.5; 196127; 195408; 0.441917; 0.442205; 0.44159; 0.44056; 0.439353
51.75; 197608; 194013; 0.441201; 0.441877; 0.445055; 0.444643; 0.45063
52; 195584; 198048; 0.447393; 0.44834; 0.45434; 0.455594; 0.467407
52.25; 194377; 196697; 0.459398; 0.460763; 0.470334; 0.470909; 0.489093
52.5; 196412; 196874; 0.476969; 0.477866; 0.490959; 0.490954; 0.514648
52.75; 194002; 195771; 0.498828; 0.499153; 0.515192; 0.51439; 0.542438
53; 195018; 191615; 0.52352; 0.52376; 0.540973; 0.540305; 0.570385
53.25; 193191; 190300; 0.549153; 0.550363; 0.565948; 0.567312; 0.596201
53.5; 188335; 186309; 0.575863; 0.57478; 0.591352; 0.59008; 0.617619
53.75; 185322; 184369; 0.598618; 0.598228; 0.611018; 0.611447; 0.633645
54; 181355; 182794; 0.616886; 0.617985; 0.626393; 0.627344; 0.64339
54.25; 179820; 179751; 0.630911; 0.631411; 0.637066; 0.636428; 0.646517
54.5; 177900; 178005; 0.639097; 0.638478; 0.640645; 0.639891; 0.642856
54.75; 176856; 176297; 0.640337; 0.639316; 0.637048; 0.637091; 0.632236
55; 175594; 175708; 0.634348; 0.634242; 0.627214; 0.627442; 0.61514
55.25; 175589; 177472; 0.621746; 0.623092; 0.611072; 0.612174; 0.59277
55.5; 174636; 178573; 0.60471; 0.605052; 0.590624; 0.591479; 0.566857
55.75; 176152; 178699; 0.583481; 0.582252; 0.56708; 0.56705; 0.539391
56; 177717; 180776; 0.558264; 0.557773; 0.541982; 0.540754; 0.512208
56.25; 181035; 181721; 0.531414; 0.532652; 0.515391; 0.515817; 0.486883
56.5; 182872; 184722; 0.506663; 0.50655; 0.491162; 0.491654; 0.464815
56.75; 184900; 189161; 0.483834; 0.483003; 0.470996; 0.46989; 0.447719
57; 188574; 192116; 0.464309; 0.463604; 0.454139; 0.454159; 0.436985
57.25; 191021; 197732; 0.449965; 0.449627; 0.443862; 0.444301; 0.434073
57.5; 194960; 194072; 0.442451; 0.441828; 0.440775; 0.441371; 0.439214
57.75; 200080; 194805; 0.441809; 0.441035; 0.444361; 0.445138; 0.450562
58; 193493; 197086; 0.448305; 0.447275; 0.454706; 0.455123; 0.467375
58.25; 195713; 197205; 0.460665; 0.45958; 0.470321; 0.470977; 0.489067
58.5; 195320; 196389; 0.478005; 0.476893; 0.490459; 0.491387; 0.514498
58.75; 193983; 195629; 0.499452; 0.498502; 0.514285; 0.515157; 0.54227
59; 195459; 192346; 0.523676; 0.523287; 0.540175; 0.540728; 0.570151
59.25; 193215; 189690; 0.54896; 0.550089; 0.567044; 0.565761; 0.595939
59.5; 188071; 186910; 0.575209; 0.575046; 0.590036; 0.591065; 0.617562
59.75; 186038; 184076; 0.598706; 0.597903; 0.611227; 0.611049; 0.63358
60; 181371; 182905; 0.617496; 0.617309; 0.627295; 0.626388; 0.643356
60.25; 179430; 179793; 0.631345; 0.63101; 0.636149; 0.637395; 0.646563
60.5; 178047; 177246; 0.638983; 0.638684; 0.640561; 0.640078; 0.642922
60.75; 177030; 177098; 0.64002; 0.639765; 0.637569; 0.636697; 0.632291
61; 175263; 174801; 0.634904; 0.633682; 0.627587; 0.627153; 0.615242
61.25; 175327; 178053; 0.622599; 0.622199; 0.612208; 0.611163; 0.592935
61.5; 175291; 177670; 0.604441; 0.60546; 0.591489; 0.590858; 0.567078
61.75; 175683; 178719; 0.582535; 0.583504; 0.567454; 0.566962; 0.539521
62; 177987; 181541; 0.557998; 0.558388; 0.541869; 0.54111; 0.512258
62.25; 180629; 181087; 0.532826; 0.531544; 0.516218; 0.515175; 0.486813
62.5; 182720; 185189; 0.506946; 0.506482; 0.492006; 0.490958; 0.464827
62.75; 184779; 189409; 0.48355; 0.483391; 0.471023; 0.469943; 0.447752
63; 188703; 192284; 0.464045; 0.464079; 0.454639; 0.453908; 0.437136
63.25; 191122; 195719; 0.450086; 0.449625; 0.444004; 0.444239; 0.434082
63.5; 194466; 195386; 0.4425; 0.441571; 0.440493; 0.441308; 0.438925
63.75; 199563; 195344; 0.441605; 0.440956; 0.444543; 0.444558; 0.450271
64; 194779; 196898; 0.447379; 0.448049; 0.455195; 0.454487; 0.467318
64.25; 193924; 197167; 0.459475; 0.460463; 0.471044; 0.470069; 0.489079
64.5; 198145; 196482; 0.477053; 0.477654; 0.491468; 0.490339; 0.514608
64.75; 192006; 194422; 0.49835; 0.499401; 0.515151; 0.514126; 0.542227
65; 195802; 193675; 0.523122; 0.52366; 0.540667; 0.539959; 0.56991
65.25; 192759; 188748; 0.550048; 0.548685; 0.566134; 0.566205; 0.595556
65.5; 188161; 188972; 0.574637; 0.575192; 0.58977; 0.590867; 0.617297
65.75; 186320; 183013; 0.597813; 0.598497; 0.610715; 0.611326; 0.633566
66; 180958; 182833; 0.617785; 0.616828; 0.62631; 0.627369; 0.643509
66.25; 179953; 179655; 0.631375; 0.630908; 0.63688; 0.636711; 0.646693
66.5; 177793; 177322; 0.638393; 0.639217; 0.64086; 0.639746; 0.642909
66.75; 176518; 177351; 0.639808; 0.640033; 0.636783; 0.637478; 0.632246
67; 175733; 176020; 0.634878; 0.633843; 0.627043; 0.627719; 0.615167
67.25; 174254; 177484; 0.622602; 0.622335; 0.61158; 0.611888; 0.592954
67.5; 176003; 178773; 0.604607; 0.60547; 0.591293; 0.591351; 0.567342
67.75; 175854; 177887; 0.582859; 0.583501; 0.567028; 0.567897; 0.53996
68; 178030; 180898; 0.558441; 0.558385; 0.541395; 0.542126; 0.512619
68.25; 179804; 182111; 0.532937; 0.531887; 0.516499; 0.515301; 0.486984
68.5; 181837; 185665; 0.507321; 0.506526; 0.491704; 0.491526; 0.464824
68.75; 185189; 188971; 0.483166; 0.484058; 0.470007; 0.471122; 0.447753
69; 188748; 192378; 0.463727; 0.464372; 0.4547; 0.453759; 0.437022
69.25; 191277; 195702; 0.449632; 0.450029; 0.444165; 0.444021; 0.434061
69.5; 195013; 196233; 0.441623; 0.442407; 0.440249; 0.441431; 0.438801
69.75; 198334; 194179; 0.44122; 0.441318; 0.444957; 0.444003; 0.450084
70; 195288; 198634; 0.448267; 0.447098; 0.454904; 0.454595; 0.467086
70.25; 194346; 195971; 0.460134; 0.45967; 0.469861; 0.471026; 0.488911
70.5; 195659; 197627; 0.476562; 0.477748; 0.49033; 0.491035; 0.514379
70.75; 193771; 194651; 0.498258; 0.498888; 0.513873; 0.514842; 0.541988
71; 195560; 193034; 0.522797; 0.523362; 0.539986; 0.540085; 0.569711
71.25; 191829; 189823; 0.548671; 0.54965; 0.566491; 0.565474; 0.595411
71.5; 188464; 187771; 0.574985; 0.574698; 0.589578; 0.590887; 0.617192
71.75; 185981; 183962; 0.598591; 0.597601; 0.611368; 0.610572; 0.633481
72; 180973; 183198; 0.617493; 0.616892; 0.626905; 0.626583; 0.643445
72.25; 179604; 179449; 0.631199; 0.630693; 0.636074; 0.637225; 0.646655
72.5; 177635; 177871; 0.638867; 0.638442; 0.640621; 0.639778; 0.642883
72.75; 177215; 177758; 0.639966; 0.639814; 0.637457; 0.636839; 0.632355
73; 175039; 175204; 0.635041; 0.634062; 0.627186; 0.628046; 0.615489
73.25; 174048; 178108; 0.623083; 0.6225; 0.611878; 0.612334; 0.593393
73.5; 174998; 176910; 0.60486; 0.605797; 0.591772; 0.591494; 0.567676
73.75; 175762; 180607; 0.582625; 0.583909; 0.567617; 0.567484; 0.540071
74; 178051; 179887; 0.558104; 0.55867; 0.54173; 0.541786; 0.51266
74.25; 180565; 182463; 0.533068; 0.531825; 0.515512; 0.516423; 0.487127
74.5; 181917; 185145; 0.507103; 0.507139; 0.491447; 0.492172; 0.465015
74.75; 184752; 189265; 0.483438; 0.484551; 0.470382; 0.471443; 0.448057
75; 188420; 191885; 0.464856; 0.464029; 0.454008; 0.455165; 0.437342
75.25; 190653; 197428; 0.45018; 0.449781; 0.443981; 0.444378; 0.434027
75.5; 194413; 193934; 0.44188; 0.44207; 0.441034; 0.44051; 0.43865
75.75; 199858; 197372; 0.441335; 0.441188; 0.444935; 0.443887; 0.449913
76; 193667; 196511; 0.447522; 0.447954; 0.454294; 0.455198; 0.467028
76.25; 194479; 197578; 0.459251; 0.460517; 0.469981; 0.470826; 0.48885
76.5; 196196; 195728; 0.477276; 0.47671; 0.490959; 0.490128; 0.514252
76.75; 192917; 194804; 0.498862; 0.497775; 0.514605; 0.513661; 0.541773
77; 197158; 194177; 0.523106; 0.522605; 0.540136; 0.539514; 0.569521
77.25; 191758; 188869; 0.548323; 0.549513; 0.56531; 0.56616; 0.59518
77.5; 187538; 189036; 0.574748; 0.57471; 0.589654; 0.590529; 0.617
77.75; 185794; 183365; 0.59855; 0.597461; 0.610946; 0.610802; 0.633371
78; 181257; 183006; 0.617276; 0.616965; 0.627076; 0.626343; 0.643489
78.25; 179624; 180153; 0.630822; 0.630858; 0.636955; 0.636301; 0.646748
78.5; 178504; 177496; 0.638469; 0.63851; 0.639852; 0.640415; 0.64301
78.75; 176484; 176710; 0.639804; 0.639772; 0.636556; 0.63764; 0.632397
79; 174949; 176638; 0.634163; 0.634882; 0.627164; 0.627975; 0.615419
79.25; 175303; 178130; 0.622634; 0.623218; 0.611704; 0.612631; 0.593349
79.5; 173643; 178023; 0.605648; 0.605413; 0.591564; 0.591973; 0.567686
79.75; 176406; 179461; 0.584091; 0.582934; 0.567904; 0.567699; 0.540303
80; 178640; 179609; 0.558666; 0.55848; 0.542433; 0.541545; 0.512961
80.25; 180017; 182943; 0.531944; 0.533089; 0.516426; 0.515749; 0.487337
80.5; 182341; 184846; 0.507651; 0.506607; 0.491179; 0.492547; 0.465145
80.75; 185129; 188472; 0.484173; 0.483817; 0.471539; 0.470242; 0.447915
81; 187365; 193435; 0.464224; 0.464794; 0.45417; 0.454992; 0.437235
81.25; 191200; 196044; 0.449701; 0.450596; 0.44431; 0.444283; 0.434062
81.5; 194748; 195115; 0.441736; 0.442487; 0.44123; 0.44047; 0.438636
81.75; 198931; 195619; 0.440896; 0.441438; 0.443703; 0.444916; 0.449819
82; 194468; 197359; 0.44744; 0.447676; 0.454596; 0.454501; 0.466793
82.25; 195089; 197044; 0.459576; 0.460097; 0.470907; 0.469729; 0.488639
82.5; 195064; 196674; 0.477203; 0.47691; 0.490812; 0.49029; 0.514168
82.75; 194508; 195305; 0.498843; 0.497874; 0.514025; 0.514223; 0.541686
83; 194709; 192255; 0.523007; 0.522521; 0.539746; 0.539682; 0.569371
83.25; 192509; 191093; 0.54839; 0.549179; 0.566206; 0.56504; 0.595063
83.5; 189140; 186664; 0.574563; 0.574463; 0.589876; 0.590012; 0.616947
83.75; 185109; 185285; 0.598372; 0.597338; 0.610336; 0.61118; 0.633333
84; 181521; 181700; 0.617012; 0.61713; 0.627216; 0.626058; 0.643364
84.25; 178915; 180849; 0.630576; 0.631137; 0.636581; 0.636552; 0.646555
84.5; 178042; 177084; 0.638389; 0.638791; 0.63957; 0.640788; 0.642975
84.75; 177154; 177889; 0.639454; 0.640307; 0.637347; 0.63707; 0.632522
85; 175275; 175860; 0.634874; 0.634368; 0.628205; 0.627316; 0.615735
85.25; 174527; 176514; 0.623537; 0.622386; 0.612719; 0.611887; 0.593635
85.5; 174995; 179298; 0.605114; 0.606022; 0.592417; 0.591299; 0.567866
85.75; 175646; 178182; 0.583386; 0.583798; 0.567766; 0.567917; 0.540275
86; 177670; 181353; 0.558693; 0.55881; 0.541809; 0.542346; 0.51291
86.25; 180235; 181199; 0.53322; 0.532285; 0.516847; 0.515667; 0.487369
86.5; 182785; 186321; 0.507783; 0.506874; 0.49223; 0.491841; 0.465273
86.75; 184464; 188643; 0.484088; 0.484114; 0.470446; 0.471599; 0.448151
87; 188393; 192151; 0.463855; 0.465184; 0.454336; 0.454896; 0.437303
87.25; 190543; 196900; 0.450124; 0.449993; 0.443674; 0.444753; 0.433996
87.5; 195240; 194862; 0.442614; 0.441587; 0.440932; 0.440854; 0.43877
87.75; 199123; 195747; 0.44136; 0.441235; 0.445026; 0.443879; 0.44994
88; 193585; 196404; 0.447281; 0.44803; 0.454252; 0.454979; 0.466811
88.25; 195264; 197459; 0.459734; 0.459784; 0.469843; 0.470517; 0.488401
88.5; 194933; 196849; 0.477298; 0.47628; 0.49023; 0.490269; 0.513808
88.75; 194640; 195492; 0.498665; 0.497545; 0.513924; 0.513829; 0.541468
89; 195448; 193399; 0.52269; 0.522458; 0.539783; 0.539311; 0.569243
89.25; 192304; 189622; 0.548021; 0.549433; 0.565838; 0.565298; 0.595078
89.5; 188319; 187052; 0.575146; 0.573894; 0.589865; 0.589984; 0.616838
89.75; 185242; 184885; 0.597656; 0.597945; 0.611339; 0.610037; 0.633217
90; 181370; 182153; 0.616366; 0.617451; 0.626213; 0.626755; 0.643267
90.25; 179958; 181489; 0.630325; 0.631065; 0.635987; 0.636916; 0.646542
90.5; 177096; 176800; 0.63809; 0.638864; 0.640533; 0.639735; 0.643031
90.75; 178008; 177081; 0.640408; 0.63945; 0.637655; 0.636979; 0.632728
91; 174323; 175820; 0.635018; 0.634565; 0.628331; 0.627531; 0.615913
91.25; 175067; 177638; 0.622847; 0.623508; 0.612727; 0.612237; 0.593766
91.5; 173596; 177756; 0.605678; 0.605734; 0.591827; 0.59213; 0.567959
91.75; 176697; 180536; 0.583511; 0.583759; 0.567306; 0.568517; 0.540398
92; 177547; 179160; 0.558388; 0.559002; 0.542088; 0.542075; 0.513021
92.25; 180015; 183043; 0.533281; 0.532319; 0.516973; 0.515745; 0.487547
92.5; 182969; 185258; 0.507781; 0.507231; 0.491742; 0.492687; 0.465468
92.75; 183928; 188848; 0.483708; 0.484916; 0.470986; 0.471369; 0.448205
93; 188335; 192657; 0.464686; 0.464726; 0.455313; 0.454115; 0.437225
93.25; 191397; 197902; 0.45077; 0.449698; 0.443982; 0.444771; 0.434138
93.5; 194782; 193859; 0.44232; 0.441937; 0.440813; 0.441063; 0.438865
93.75; 198664; 195691; 0.441605; 0.441149; 0.444993; 0.443956; 0.449874
94; 194332; 197693; 0.448238; 0.447218; 0.454064; 0.455066; 0.466519
94.25; 192564; 196859; 0.459474; 0.459927; 0.469706; 0.470346; 0.488112
94.5; 196870; 198278; 0.47624; 0.476999; 0.490223; 0.489912; 0.513626
94.75; 193474; 194139; 0.497564; 0.498055; 0.51353; 0.513747; 0.541346
95; 195906; 193746; 0.522155; 0.522485; 0.539066; 0.539679; 0.569204
95.25; 192656; 189625; 0.549096; 0.547904; 0.564952; 0.565831; 0.594943
95.5; 187822; 187884; 0.574186; 0.574526; 0.590237; 0.589241; 0.616637
95.75; 184645; 185167; 0.59729; 0.598047; 0.6107; 0.610273; 0.63292
96; 180915; 182645; 0.617193; 0.616282; 0.625739; 0.626799; 0.642939
96.25; 179856; 181161; 0.630606; 0.630528; 0.63639; 0.636335; 0.646498
96.5; 178139; 177429; 0.637919; 0.638954; 0.640707; 0.639694; 0.643285
96.75; 176282; 176988; 0.639909; 0.639943; 0.636994; 0.637825; 0.633023
97; 174791; 175323; 0.634754; 0.634694; 0.627495; 0.628323; 0.615991
97.25; 175156; 178886; 0.623125; 0.623178; 0.612891; 0.612011; 0.593711
97.5; 174418; 178480; 0.605844; 0.605768; 0.592543; 0.591524; 0.567912
97.75; 173825; 179533; 0.583734; 0.584024; 0.568001; 0.568267; 0.540579
98; 179630; 180574; 0.558576; 0.559522; 0.541933; 0.543035; 0.513532
98.25; 180037; 181621; 0.532565; 0.53364; 0.516132; 0.517319; 0.488083
98.5; 181275; 185940; 0.508261; 0.507196; 0.491983; 0.492974; 0.465795
98.75; 185490; 188522; 0.484502; 0.484509; 0.470956; 0.471763; 0.448356
99; 187194; 193351; 0.46434; 0.465247; 0.454639; 0.454822; 0.43714
99.25; 190213; 197566; 0.450804; 0.450006; 0.444631; 0.444454; 0.434281
99.5; 196534; 195049; 0.4427; 0.442001; 0.441477; 0.440954; 0.439203
99.75; 197477; 192420; 0.441205; 0.441854; 0.444981; 0.444283; 0.450061
100; 194178; 200461; 0.447422; 0.447878; 0.454269; 0.454565; 0.466252
100.25; 192633; 196538; 0.459847; 0.459094; 0.469435; 0.469945; 0.487585
100.5; 196387; 198134; 0.476582; 0.476071; 0.489522; 0.489876; 0.513088
100.75; 194726; 195804; 0.497479; 0.497672; 0.513252; 0.513552; 0.54109
101; 195497; 192036; 0.521978; 0.522417; 0.539121; 0.539505; 0.569266
101.25; 192703; 189984; 0.54788; 0.54905; 0.564799; 0.566053; 0.595146
101.5; 186858; 186949; 0.574334; 0.57416; 0.589672; 0.589649; 0.61664
101.75; 185239; 186701; 0.598137; 0.596868; 0.610905; 0.609707; 0.632653
102; 181374; 182663; 0.616456; 0.616788; 0.625894; 0.626401; 0.642826
102.25; 178959; 181037; 0.629989; 0.631008; 0.635861; 0.636793; 0.646552
102.5; 178696; 177661; 0.638017; 0.638837; 0.640032; 0.640456; 0.643436
102.75; 176904; 176374; 0.639592; 0.640289; 0.637198; 0.637794; 0.633228
103; 175074; 175543; 0.635116; 0.634514; 0.627793; 0.628346; 0.616258
103.25; 174106; 178756; 0.623757; 0.622755; 0.612923; 0.612227; 0.593857
103.5; 175586; 178285; 0.605588; 0.606362; 0.59245; 0.591929; 0.568069
103.75; 174461; 179949; 0.583553; 0.584557; 0.567932; 0.568611; 0.540667
104; 177280; 180536; 0.558944; 0.559435; 0.542202; 0.542934; 0.513493
104.25; 181521; 182511; 0.533758; 0.532736; 0.517413; 0.516276; 0.488116
104.5; 181567; 184902; 0.508021; 0.507591; 0.492651; 0.492506; 0.465927
104.75; 184506; 189096; 0.48406; 0.484996; 0.470856; 0.471969; 0.44847
105; 188313; 193315; 0.464536; 0.465122; 0.454913; 0.45464; 0.437175
105.25; 189895; 197310; 0.450443; 0.450571; 0.445112; 0.444133; 0.434314
105.5; 195698; 194599; 0.442984; 0.441846; 0.441683; 0.440808; 0.439184
105.75; 198242; 193623; 0.441465; 0.441509; 0.444445; 0.444752; 0.450051
106; 194142; 198566; 0.446962; 0.448087; 0.4538; 0.454878; 0.466294
106.25; 193450; 197720; 0.45956; 0.45902; 0.469392; 0.46968; 0.487472
106.5; 196568; 198049; 0.47649; 0.475836; 0.489754; 0.489275; 0.512864
106.75; 193967; 195598; 0.49698; 0.497982; 0.513346; 0.51315; 0.540847
107; 195307; 192312; 0.521839; 0.522535; 0.539153; 0.539324; 0.569073
107.25; 191968; 189880; 0.548903; 0.547954; 0.565116; 0.565613; 0.594991
107.5; 188830; 187361; 0.574436; 0.573843; 0.58988; 0.589305; 0.616623
107.75; 184407; 185974; 0.59709; 0.597574; 0.610417; 0.609967; 0.632694
108; 181390; 182420; 0.616278; 0.616623; 0.625395; 0.626642; 0.642781
108.25; 179952; 180748; 0.630938; 0.62994; 0.636508; 0.636028; 0.646462
108.5; 177914; 178408; 0.638565; 0.638396; 0.640635; 0.639901; 0.643387
108.75; 176218; 175976; 0.639743; 0.640423; 0.63739; 0.637807; 0.633257
109; 175822; 176001; 0.634527; 0.635447; 0.627706; 0.628733; 0.616387
109.25; 173366; 177797; 0.622983; 0.623697; 0.612325; 0.613012; 0.593994
109.5; 175692; 179762; 0.60585; 0.605949; 0.59218; 0.592128; 0.568098
109.75; 175137; 178139; 0.584237; 0.58367; 0.568521; 0.567923; 0.540704
110; 178035; 182319; 0.559371; 0.559094; 0.542774; 0.542539; 0.513647
110.25; 180841; 181298; 0.532863; 0.533961; 0.516365; 0.517641; 0.488332
110.5; 181379; 183967; 0.507989; 0.508203; 0.492973; 0.492666; 0.466074
110.75; 184455; 190103; 0.485259; 0.484261; 0.472064; 0.471129; 0.448538
111; 188030; 192481; 0.465307; 0.464531; 0.454579; 0.455132; 0.437243
111.25; 189996; 198329; 0.450325; 0.450579; 0.444202; 0.444945; 0.434293
111.5; 196312; 193833; 0.441782; 0.442929; 0.440821; 0.441594; 0.43921
111.75; 197873; 194023; 0.44143; 0.441608; 0.444259; 0.444994; 0.45007
112; 194630; 198155; 0.448011; 0.446963; 0.453972; 0.454608; 0.466166
112.25; 192856; 197899; 0.459363; 0.459092; 0.469758; 0.469152; 0.487349
112.5; 196435; 197653; 0.475852; 0.476399; 0.489995; 0.48893; 0.512799
112.75; 194060; 195663; 0.496919; 0.497935; 0.513165; 0.513221; 0.540798
113; 195160; 192685; 0.521566; 0.522438; 0.538572; 0.539584; 0.568969
113.25; 193616; 189565; 0.547691; 0.548828; 0.564659; 0.565763; 0.594897
113.5; 186457; 187931; 0.574161; 0.573868; 0.588924; 0.590027; 0.61654
113.75; 186001; 184229; 0.597817; 0.596724; 0.609756; 0.610531; 0.632662
114; 181452; 183916; 0.616222; 0.616529; 0.625602; 0.626283; 0.642677
114.25; 178854; 180573; 0.629746; 0.630896; 0.636362; 0.635927; 0.646341
114.5; 178948; 178005; 0.63857; 0.638211; 0.640532; 0.63987; 0.643369
114.75; 176336; 175592; 0.640494; 0.639628; 0.63777; 0.637492; 0.633384
115; 174880; 176708; 0.634851; 0.635341; 0.628484; 0.6283; 0.616663
115.25; 174623; 176426; 0.623042; 0.623876; 0.613221; 0.612454; 0.594245
115.5; 174532; 179934; 0.606573; 0.605568; 0.59279; 0.591851; 0.568245
115.75; 176121; 179010; 0.58442; 0.583828; 0.56864; 0.568037; 0.540697
116; 177318; 180688; 0.559556; 0.559043; 0.54308; 0.542236; 0.513539
116.25; 180007; 182679; 0.533754; 0.53318; 0.517127; 0.516971; 0.488316
116.5; 182814; 184223; 0.507758; 0.508571; 0.492304; 0.493525; 0.466265
116.75; 184605; 189332; 0.484331; 0.485353; 0.471563; 0.471839; 0.448714
117; 187090; 192521; 0.46496; 0.465108; 0.455252; 0.45467; 0.437337
117.25; 190612; 196978; 0.451025; 0.450014; 0.444984; 0.444187; 0.434179
117.5; 196272; 195657; 0.442723; 0.441956; 0.441389; 0.440795; 0.438914
117.75; 197927; 192961; 0.441471; 0.441256; 0.444836; 0.44399; 0.449733
118; 194363; 199831; 0.447034; 0.447844; 0.454518; 0.453936; 0.466109
118.25; 193183; 196112; 0.458717; 0.459733; 0.469278; 0.469685; 0.487436
118.5; 196151; 197496; 0.476253; 0.476025; 0.488981; 0.490002; 0.51288
118.75; 195436; 196256; 0.497089; 0.497662; 0.512727; 0.513514; 0.540685
119; 193500; 191678; 0.521523; 0.522288; 0.538658; 0.539177; 0.56868
119.25; 194726; 190663; 0.548764; 0.547466; 0.565494; 0.564577; 0.59462
119.5; 187186; 186273; 0.573644; 0.574022; 0.589915; 0.588681; 0.616342
119.75; 184838; 185843; 0.596695; 0.597549; 0.610177; 0.609874; 0.63261
120; 183063; 183206; 0.616221; 0.616458; 0.625322; 0.626597; 0.642803
120.25; 178389; 180010; 0.629917; 0.630791; 0.63601; 0.636431; 0.64649
120.5; 178527; 178292; 0.638091; 0.638747; 0.64054; 0.639963; 0.643456
120.75; 176786; 176027; 0.640403; 0.639697; 0.638005; 0.637235; 0.633371
121; 175261; 175923; 0.635419; 0.63457; 0.627988; 0.628585; 0.616542
121.25; 174845; 177442; 0.623361; 0.623496; 0.612353; 0.613248; 0.594212
121.5; 174456; 177902; 0.605976; 0.606178; 0.591927; 0.592746; 0.568285
121.75; 175593; 180267; 0.584319; 0.584034; 0.568447; 0.568447; 0.540924
122; 178574; 179682; 0.559571; 0.559243; 0.543038; 0.542614; 0.513815
122.25; 180241; 182352; 0.533031; 0.534118; 0.516775; 0.51757; 0.488491
122.5; 182356; 184252; 0.507857; 0.508603; 0.49251; 0.493398; 0.46624
122.75; 184716; 188600; 0.485278; 0.484464; 0.472209; 0.471151; 0.448579
123; 187522; 194840; 0.465331; 0.464684; 0.455221; 0.454566; 0.437197
123.25; 190804; 193901; 0.450791; 0.450293; 0.445099; 0.444183; 0.434296
123.5; 195902; 196502; 0.442554; 0.4422; 0.441285; 0.441068; 0.439068
123.75; 198657; 192011; 0.441148; 0.441613; 0.443821; 0.445025; 0.449763
124; 195531; 200231; 0.447027; 0.447812; 0.454012; 0.45424; 0.465869
124.25; 191708; 196064; 0.45943; 0.458834; 0.469821; 0.468767; 0.487062
124.5; 196834; 198114; 0.476749; 0.475348; 0.489876; 0.488879; 0.51267
124.75; 194751; 195051; 0.497878; 0.496803; 0.513426; 0.51291; 0.540842
125; 195638; 191960; 0.522059; 0.521699; 0.53939; 0.53864; 0.568995
125.25; 194384; 189131; 0.54748; 0.548715; 0.564514; 0.565641; 0.59482
125.5; 187037; 187957; 0.574458; 0.573229; 0.589472; 0.5891; 0.6163
125.75; 185266; 184031; 0.597056; 0.597222; 0.610432; 0.609541; 0.632444
126; 181805; 184029; 0.615833; 0.616743; 0.625422; 0.626274; 0.642589
126.25; 179544; 179719; 0.630396; 0.630179; 0.635788; 0.636514; 0.646408
126.5; 178770; 177827; 0.638536; 0.638324; 0.639798; 0.640763; 0.643531
126.75; 176664; 176073; 0.640169; 0.639986; 0.638071; 0.637282; 0.63346
127; 175794; 176409; 0.635422; 0.634621; 0.628703; 0.62799; 0.61665
127.25; 174381; 176069; 0.62388; 0.623057; 0.612272; 0.613451; 0.594305
127.5; 175153; 179694; 0.606198; 0.606065; 0.592314; 0.592486; 0.568372
127.75; 175833; 178296; 0.584118; 0.584376; 0.569029; 0.567989; 0.540954
128; 177760; 181395; 0.559407; 0.559597; 0.543226; 0.54258; 0.513862
128.25; 180464; 182461; 0.533325; 0.533922; 0.516723; 0.51769; 0.488486
128.5; 182008; 183802; 0.507825; 0.508786; 0.493346; 0.49273; 0.46632
128.75; 185281; 188577; 0.484685; 0.485165; 0.472044; 0.471443; 0.448672
129; 187328; 193733; 0.465475; 0.46474; 0.45438; 0.455594; 0.437301
129.25; 190638; 196416; 0.45094; 0.450405; 0.444707; 0.444756; 0.434324
129.5; 196141; 195002; 0.442133; 0.442841; 0.441829; 0.440696; 0.43909
129.75; 198187; 192889; 0.441053; 0.441768; 0.444209; 0.444729; 0.449831
130; 195073; 198974; 0.447124; 0.447562; 0.453583; 0.454633; 0.465976
130.25; 193212; 196935; 0.459352; 0.458734; 0.469705; 0.46878; 0.487085
130.5; 195756; 198192; 0.47642; 0.475316; 0.489537; 0.488819; 0.512431
130.75; 195062; 194329; 0.497307; 0.497032; 0.512904; 0.512905; 0.54044
131; 195308; 193632; 0.521857; 0.521719; 0.538686; 0.539005; 0.568691
131.25; 192932; 188315; 0.548356; 0.547556; 0.564326; 0.565513; 0.594626
131.5; 187461; 188422; 0.574131; 0.573228; 0.589827; 0.588528; 0.616243
131.75; 185843; 184326; 0.597233; 0.596691; 0.609662; 0.610129; 0.632534
132; 181650; 183857; 0.615938; 0.616303; 0.625378; 0.626114; 0.642604
132.25; 179019; 180282; 0.629623; 0.630657; 0.636548; 0.635502; 0.646335
132.5; 178471; 177424; 0.638287; 0.638372; 0.640183; 0.64019; 0.643438
132.75; 176979; 176469; 0.640583; 0.639705; 0.637265; 0.638223; 0.633545
133; 175043; 176179; 0.635707; 0.634621; 0.628836; 0.62816; 0.616818
133.25; 174598; 176656; 0.624138; 0.623043; 0.613579; 0.612494; 0.594547
133.5; 175026; 179413; 0.606767; 0.605683; 0.592584; 0.592528; 0.568634
133.75; 175519; 179078; 0.584916; 0.583852; 0.568325; 0.568986; 0.541127
134; 178514; 180525; 0.559879; 0.559618; 0.542829; 0.543411; 0.514024
134.25; 179471; 181365; 0.533306; 0.53454; 0.518058; 0.516854; 0.488647
134.5; 182463; 186054; 0.509039; 0.508104; 0.49319; 0.493319; 0.466449
134.75; 184947; 187000; 0.485325; 0.484957; 0.471505; 0.472384; 0.448855
135; 186667; 194076; 0.464579; 0.46573; 0.455326; 0.454773; 0.437374
135.25; 191465; 197887; 0.450789; 0.450303; 0.445023; 0.444188; 0.434188
135.5; 196077; 193404; 0.442817; 0.441973; 0.441116; 0.441208; 0.438997
135.75; 197130; 193922; 0.441176; 0.441788; 0.444089; 0.444895; 0.449771
136; 194820; 198800; 0.447013; 0.447794; 0.453707; 0.454535; 0.465875
136.25; 193757; 196506; 0.459328; 0.458692; 0.468628; 0.469756; 0.487034
136.5; 195432; 198556; 0.47606; 0.475419; 0.488537; 0.489582; 0.512373
136.75; 195042; 194854; 0.497439; 0.49641; 0.512252; 0.513101; 0.540228
137; 195015; 193154; 0.521755; 0.521315; 0.538211; 0.538971; 0.568441
137.25; 193294; 188828; 0.54705; 0.548469; 0.564116; 0.565316; 0.594418
137.5; 187471; 188692; 0.574033; 0.573154; 0.588899; 0.589247; 0.616157
137.75; 185519; 183742; 0.597181; 0.596598; 0.610484; 0.609141; 0.632394
138; 181207; 184240; 0.615641; 0.616479; 0.625749; 0.625655; 0.642579
138.25; 179505; 180125; 0.629727; 0.630377; 0.635502; 0.636472; 0.646388
138.5; 179001; 178204; 0.638313; 0.638158; 0.639761; 0.640501; 0.643451
138.75; 176729; 176213; 0.639874; 0.640186; 0.637235; 0.638109; 0.633542
139; 174947; 176050; 0.634604; 0.635727; 0.628104; 0.628923; 0.616907
139.25; 174356; 177273; 0.623285; 0.624142; 0.61259; 0.613716; 0.594689
139.5; 174803; 179030; 0.605808; 0.607047; 0.592247; 0.593255; 0.568855
139.75; 175372; 179263; 0.584117; 0.58496; 0.568193; 0.569475; 0.541377
140; 177988; 180850; 0.559716; 0.559945; 0.543111; 0.543357; 0.514185
140.25; 180545; 181652; 0.534714; 0.533308; 0.518281; 0.516872; 0.488769
140.5; 182271; 185198; 0.508373; 0.508941; 0.493039; 0.493656; 0.466583
140.75; 183742; 187734; 0.484872; 0.485608; 0.471684; 0.472365; 0.448934
141; 188538; 193877; 0.465595; 0.465149; 0.455625; 0.454816; 0.437448
141.25; 190646; 196966; 0.451237; 0.45021; 0.445116; 0.444317; 0.434184
141.5; 194895; 193578; 0.442587; 0.442222; 0.441144; 0.441035; 0.438781
141.75; 199748; 195565; 0.441358; 0.441392; 0.444116; 0.444577; 0.449544
142; 194098; 198201; 0.446786; 0.447892; 0.453374; 0.454678; 0.46576
142.25; 191633; 196130; 0.458676; 0.459397; 0.469008; 0.469373; 0.486952
142.5; 197693; 198729; 0.475844; 0.475615; 0.489006; 0.489021; 0.512263
142.75; 193530; 195007; 0.496781; 0.496917; 0.512366; 0.512795; 0.540108
143; 195447; 193114; 0.521109; 0.521488; 0.538285; 0.538431; 0.568203
143.25; 194043; 189574; 0.546892; 0.548075; 0.564897; 0.564014; 0.594157
143.5; 186876; 187677; 0.574044; 0.57267; 0.588945; 0.588772; 0.615953
143.75; 186337; 184738; 0.596429; 0.597141; 0.609303; 0.610143; 0.632394
144; 180210; 183650; 0.615931; 0.616119; 0.625337; 0.626014; 0.642552
144.25; 180234; 180451; 0.630435; 0.629672; 0.636144; 0.635863; 0.646417
144.5; 178307; 178260; 0.63761; 0.638778; 0.640473; 0.639794; 0.643539
144.75; 176735; 176015; 0.639969; 0.640004; 0.637893; 0.637474; 0.633646
145; 175761; 175640; 0.635554; 0.634806; 0.628296; 0.628827; 0.616973
145.25; 174433; 178238; 0.624349; 0.623393; 0.612797; 0.61378; 0.594782
145.5; 173480; 177957; 0.607229; 0.606018; 0.592746; 0.59309; 0.568927
145.75; 176242; 179877; 0.584878; 0.584609; 0.569092; 0.568961; 0.541531
146; 177320; 180276; 0.559725; 0.560134; 0.543537; 0.543184; 0.514367
146.25; 180772; 182626; 0.533447; 0.534667; 0.518156; 0.517183; 0.489022
146.5; 182558; 184423; 0.509264; 0.508209; 0.493188; 0.493702; 0.466684
146.75; 183658; 188284; 0.485469; 0.485309; 0.471843; 0.472446; 0.44898
147; 187918; 194585; 0.465032; 0.466042; 0.455878; 0.454773; 0.437461
147.25; 190472; 195620; 0.451143; 0.450586; 0.444584; 0.445081; 0.434269
147.5; 195045; 195570; 0.442871; 0.442067; 0.440721; 0.441584; 0.438841
147.75; 198772; 193309; 0.441013; 0.441743; 0.444658; 0.443976; 0.449463
148; 195009; 199461; 0.447176; 0.447356; 0.454348; 0.453433; 0.465464
148.25; 190983; 196883; 0.459346; 0.458307; 0.469147; 0.468705; 0.486579
148.5; 197888; 197257; 0.475798; 0.475316; 0.48903; 0.488623; 0.512029
148.75; 193453; 196234; 0.496669; 0.496703; 0.512679; 0.512219; 0.540031
149; 195503; 192274; 0.520999; 0.521378; 0.538292; 0.538258; 0.56817
149.25; 193419; 190249; 0.54673; 0.548029; 0.563782; 0.564924; 0.594088
149.5; 186923; 187762; 0.573252; 0.57317; 0.58822; 0.589166; 0.615788
149.75; 185659; 185020; 0.597059; 0.5961; 0.609172; 0.609859; 0.632143
150; 181387; 183499; 0.615614; 0.61601; 0.625757; 0.625253; 0.642452
