0.005; 15756.3; 7957.9; 5.05082e-05; 5.03968e-05; 5.05358e-05; 5.03755e-05; 4.97637e-05
0.25; 67448.8; 82324.2; 0.0359935; 0.0343183; 0.0359463; 0.0342767; 0.0348602
0.5; 84222.5; 80685.5; 0.189357; 0.190316; 0.189216; 0.190079; 0.18935
0.75; 77305.2; 80265.1; 0.387622; 0.386494; 0.386714; 0.385989; 0.385084
1; 86929.2; 89600.5; 0.574108; 0.574341; 0.572881; 0.572568; 0.570082
1.25; 97964.1; 91671.2; 0.69345; 0.695172; 0.690621; 0.692306; 0.686581
1.5; 115179; 147376; 0.717129; 0.717721; 0.712693; 0.713253; 0.705184
1.75; 142299; 145360; 0.656514; 0.656266; 0.650205; 0.649852; 0.638818
2; 154018; 158000; 0.578134; 0.579371; 0.57102; 0.571533; 0.558228
2.25; 163827; 164711; 0.572102; 0.573527; 0.565732; 0.565573; 0.553229
2.5; 141636; 138889; 0.612359; 0.611467; 0.604667; 0.604188; 0.591329
2.75; 127426; 126658; 0.619247; 0.619552; 0.610654; 0.611281; 0.596196
3; 126091; 130258; 0.578106; 0.579461; 0.569324; 0.570003; 0.553683
3.25; 131968; 131428; 0.519217; 0.519854; 0.510109; 0.510979; 0.494812
3.5; 134523; 124309; 0.508201; 0.506408; 0.500366; 0.498453; 0.485515
3.75; 110951; 115618; 0.527632; 0.528744; 0.520466; 0.52114; 0.507924
4; 114250; 114542; 0.527192; 0.526353; 0.519639; 0.519777; 0.50734
4.25; 118580; 121251; 0.494434; 0.49407; 0.488259; 0.486987; 0.476011
4.5; 137040; 144013; 0.452872; 0.453754; 0.447376; 0.448344; 0.438345
4.75; 140802; 137127; 0.453363; 0.454625; 0.45061; 0.450363; 0.444376
5; 122264; 120002; 0.472174; 0.472334; 0.469722; 0.470014; 0.465671
5.25; 105114; 103370; 0.472422; 0.47161; 0.470343; 0.470832; 0.468111
5.5; 103804; 106402; 0.450563; 0.451884; 0.451226; 0.450407; 0.450105
5.75; 127725; 134848; 0.43235; 0.431643; 0.433015; 0.433474; 0.435417
6; 130175; 122557; 0.450302; 0.449131; 0.45313; 0.452496; 0.458176
6.25; 117802; 119296; 0.470231; 0.471658; 0.474579; 0.475522; 0.482335
6.5; 116730; 115327; 0.476913; 0.476318; 0.481698; 0.481312; 0.490029
6.75; 123321; 120754; 0.469974; 0.468664; 0.475738; 0.474443; 0.485125
7; 146873; 141161; 0.470381; 0.470484; 0.477435; 0.477686; 0.490032
7.25; 132149; 133804; 0.496909; 0.497801; 0.504782; 0.505764; 0.519212
7.5; 125406; 117321; 0.522179; 0.520713; 0.530205; 0.52941; 0.544455
7.75; 127294; 125874; 0.533318; 0.532983; 0.54225; 0.54128; 0.556821
8; 134254; 133339; 0.536288; 0.535455; 0.545038; 0.544246; 0.559994
8.25; 157371; 143146; 0.542732; 0.543111; 0.550864; 0.551836; 0.566131
8.5; 143562; 147101; 0.565817; 0.566677; 0.572986; 0.574104; 0.586367
8.75; 135284; 135786; 0.591404; 0.589968; 0.597593; 0.597611; 0.609647
9; 136065; 134587; 0.606746; 0.606815; 0.614475; 0.613282; 0.626298
9.25; 139960; 135946; 0.612386; 0.613192; 0.619291; 0.620539; 0.632436
9.5; 150110; 145105; 0.613943; 0.61467; 0.620789; 0.620433; 0.631641
9.75; 155380; 150003; 0.618964; 0.618713; 0.623833; 0.62285; 0.631217
10; 151964; 151868; 0.629938; 0.629103; 0.631261; 0.63229; 0.635715
10.25; 145574; 147906; 0.642414; 0.642248; 0.642849; 0.642615; 0.643441
10.5; 139982; 143154; 0.649693; 0.650167; 0.64991; 0.64884; 0.648379
10.75; 143485; 141481; 0.647607; 0.648176; 0.646788; 0.647003; 0.645169
11; 151090; 145814; 0.638057; 0.637385; 0.635681; 0.636319; 0.632978
11.25; 157597; 154134; 0.626151; 0.625506; 0.622396; 0.622955; 0.617147
11.5; 158050; 156726; 0.617395; 0.618451; 0.61245; 0.613284; 0.604041
11.75; 153904; 154791; 0.613924; 0.614362; 0.607066; 0.607616; 0.595432
12; 147929; 150312; 0.610292; 0.609297; 0.601946; 0.601919; 0.588147
12.25; 146223; 147687; 0.599231; 0.598723; 0.591273; 0.590512; 0.576717
12.5; 153605; 150888; 0.580874; 0.57972; 0.572939; 0.571896; 0.558595
12.75; 159842; 154713; 0.558783; 0.558179; 0.551047; 0.550222; 0.536912
13; 163794; 159035; 0.539471; 0.539985; 0.531917; 0.531065; 0.517059
13.25; 162975; 160936; 0.526336; 0.527258; 0.517803; 0.518181; 0.502582
13.5; 158872; 158683; 0.517371; 0.517536; 0.50793; 0.508955; 0.492662
13.75; 155447; 153757; 0.507039; 0.506079; 0.49872; 0.497495; 0.483294
14; 158418; 155301; 0.491696; 0.490874; 0.484182; 0.484063; 0.471578
14.25; 165419; 159269; 0.473719; 0.473029; 0.467225; 0.468181; 0.457789
14.5; 173026; 164020; 0.457581; 0.458229; 0.453403; 0.453393; 0.445497
14.75; 173052; 166994; 0.448515; 0.449208; 0.445459; 0.444768; 0.438547
15; 169677; 166386; 0.446809; 0.445678; 0.443737; 0.44263; 0.437802
15.25; 165891; 164182; 0.446743; 0.446324; 0.44473; 0.444305; 0.440997
15.5; 165728; 163462; 0.445448; 0.446291; 0.445541; 0.445376; 0.444738
15.75; 170893; 165254; 0.442878; 0.443575; 0.444778; 0.444734; 0.447436
16; 177120; 169922; 0.441467; 0.441195; 0.444426; 0.444887; 0.450462
16.25; 182715; 173638; 0.444838; 0.443651; 0.448545; 0.449147; 0.456899
16.5; 181792; 174604; 0.453987; 0.453817; 0.45917; 0.459336; 0.468616
16.75; 176175; 171855; 0.467437; 0.468826; 0.473822; 0.474243; 0.484383
17; 172835; 170089; 0.482558; 0.482926; 0.488725; 0.489993; 0.500945
17.25; 174390; 171007; 0.495033; 0.494801; 0.502386; 0.502647; 0.515817
17.5; 180241; 173996; 0.505386; 0.505143; 0.514097; 0.513619; 0.528909
17.75; 186372; 177981; 0.516885; 0.516941; 0.526471; 0.525809; 0.542283
18; 187782; 180135; 0.532872; 0.531915; 0.541701; 0.541571; 0.557799
18.25; 183252; 178777; 0.551388; 0.550955; 0.559361; 0.560458; 0.575206
18.5; 177499; 176638; 0.569351; 0.570661; 0.577865; 0.578252; 0.592175
18.75; 175965; 176431; 0.586099; 0.585173; 0.593391; 0.592827; 0.606172
19; 179153; 178222; 0.597567; 0.596749; 0.604822; 0.603576; 0.6165
19.25; 184505; 181131; 0.606537; 0.606105; 0.613218; 0.612476; 0.624254
19.5; 187166; 183349; 0.616074; 0.615068; 0.621651; 0.62076; 0.631046
19.75; 185544; 182774; 0.625722; 0.625846; 0.630103; 0.630052; 0.637595
20; 180374; 180963; 0.634966; 0.635869; 0.637668; 0.63851; 0.642782
20.25; 176844; 179073; 0.64189; 0.641636; 0.64267; 0.643067; 0.644808
20.5; 178199; 179075; 0.643519; 0.642789; 0.642914; 0.642989; 0.64259
20.75; 180953; 180977; 0.640456; 0.639862; 0.638873; 0.63883; 0.636558
21; 185443; 183753; 0.635225; 0.634723; 0.63293; 0.63225; 0.628407
21.25; 186549; 183993; 0.630024; 0.629078; 0.626437; 0.625474; 0.619639
21.5; 184045; 182989; 0.624543; 0.623598; 0.619214; 0.619041; 0.610468
21.75; 179867; 181083; 0.617415; 0.616525; 0.610676; 0.610737; 0.599746
22; 178463; 180872; 0.606858; 0.605889; 0.599132; 0.599025; 0.586309
22.25; 181643; 182496; 0.592469; 0.591652; 0.584138; 0.584146; 0.570276
22.5; 184427; 184764; 0.576123; 0.575216; 0.567495; 0.567423; 0.553077
22.75; 187657; 185958; 0.560069; 0.558937; 0.550987; 0.551297; 0.536499
23; 188204; 185868; 0.545207; 0.544331; 0.536043; 0.536488; 0.521377
23.25; 185423; 183147; 0.530595; 0.531487; 0.522776; 0.522077; 0.507358
23.5; 183448; 182384; 0.516762; 0.517182; 0.508637; 0.508259; 0.493533
23.75; 184624; 182613; 0.502375; 0.501146; 0.493193; 0.494187; 0.479562
24; 187367; 184373; 0.485854; 0.48644; 0.478943; 0.478886; 0.466263
24.25; 190420; 186055; 0.471745; 0.472213; 0.466343; 0.465334; 0.45508
24.5; 192332; 186790; 0.461455; 0.460315; 0.456039; 0.455788; 0.447203
24.75; 190952; 185259; 0.453312; 0.453059; 0.449082; 0.449567; 0.442574
25; 188386; 185381; 0.447658; 0.448187; 0.444844; 0.44546; 0.440304
25.25; 187963; 185022; 0.443598; 0.444242; 0.442336; 0.442366; 0.439598
25.5; 189059; 187090; 0.440698; 0.44115; 0.440971; 0.440507; 0.440414
25.75; 191542; 189036; 0.439469; 0.440231; 0.441458; 0.44091; 0.443518
26; 193826; 189497; 0.441788; 0.442142; 0.445267; 0.444384; 0.44982
26.25; 194121; 189324; 0.448327; 0.447457; 0.452472; 0.451767; 0.459505
26.5; 191617; 186955; 0.457323; 0.456554; 0.46241; 0.462134; 0.471597
26.75; 190401; 186476; 0.467768; 0.467601; 0.473715; 0.47407; 0.484757
27; 189703; 187312; 0.478697; 0.479322; 0.485448; 0.486501; 0.498176
27.25; 189900; 188157; 0.490289; 0.49141; 0.498105; 0.498992; 0.512038
27.5; 192515; 189950; 0.503668; 0.50424; 0.511857; 0.512782; 0.52696
27.75; 192308; 189077; 0.518841; 0.518991; 0.5272; 0.528297; 0.543213
28; 190586; 188569; 0.535542; 0.535267; 0.544539; 0.544237; 0.56011
28.25; 187984; 186273; 0.552851; 0.551592; 0.561627; 0.560409; 0.576375
28.5; 186364; 186957; 0.568441; 0.567667; 0.57629; 0.57651; 0.591007
28.75; 185729; 186897; 0.582145; 0.58232; 0.589402; 0.590555; 0.603552
29; 186471; 187971; 0.594326; 0.595664; 0.601995; 0.602137; 0.614455
29.25; 186205; 188148; 0.606979; 0.606788; 0.61305; 0.613289; 0.624162
29.5; 186078; 186686; 0.618572; 0.617417; 0.623376; 0.623297; 0.632669
29.75; 184366; 184746; 0.627811; 0.627692; 0.632539; 0.631328; 0.639237
30; 182217; 183278; 0.634868; 0.635423; 0.637937; 0.638028; 0.642957
30.25; 182111; 184044; 0.639175; 0.639782; 0.640466; 0.641299; 0.643349
30.5; 182477; 183768; 0.640771; 0.640784; 0.64108; 0.640472; 0.640764
30.75; 183137; 184314; 0.639989; 0.639246; 0.638691; 0.637881; 0.63594
31; 183759; 184359; 0.636987; 0.636345; 0.633808; 0.634335; 0.629527
31.25; 182430; 183333; 0.632193; 0.631909; 0.627788; 0.628696; 0.621596
31.5; 181775; 182537; 0.625408; 0.62525; 0.62038; 0.620305; 0.611611
31.75; 181434; 182517; 0.616502; 0.615724; 0.610536; 0.60952; 0.599361
32; 180995; 183103; 0.604861; 0.60407; 0.597718; 0.597119; 0.58507
32.25; 182442; 183914; 0.591421; 0.590453; 0.583134; 0.583167; 0.569524
32.5; 183212; 184037; 0.576977; 0.575926; 0.56783; 0.568499; 0.553651
32.75; 183860; 184744; 0.562054; 0.561214; 0.552878; 0.553229; 0.538043
33; 184078; 183238; 0.546918; 0.546338; 0.537642; 0.538242; 0.522737
33.25; 183703; 182904; 0.53105; 0.531607; 0.522242; 0.523174; 0.507631
33.5; 184886; 183685; 0.515273; 0.516255; 0.507348; 0.507442; 0.492761
33.75; 185707; 183976; 0.500562; 0.500175; 0.493036; 0.491919; 0.478649
34; 187981; 185625; 0.486435; 0.485398; 0.478897; 0.478582; 0.46617
34.25; 188727; 185869; 0.473283; 0.473129; 0.466627; 0.467275; 0.456002
34.5; 188525; 185896; 0.462568; 0.462636; 0.457026; 0.457827; 0.448378
34.75; 189438; 186402; 0.453934; 0.454126; 0.449644; 0.450438; 0.44307
35; 188510; 186119; 0.44704; 0.447612; 0.44429; 0.444875; 0.439782
35.25; 189440; 187716; 0.442118; 0.442948; 0.440859; 0.441312; 0.438558
35.5; 190425; 188952; 0.439757; 0.440199; 0.43959; 0.44017; 0.439712
35.75; 190660; 189512; 0.439824; 0.440419; 0.440994; 0.441853; 0.443702
36; 191588; 190069; 0.442574; 0.443797; 0.445368; 0.44644; 0.450689
36.25; 190778; 188354; 0.448546; 0.449318; 0.452518; 0.453488; 0.460135
36.5; 190976; 188094; 0.457069; 0.456674; 0.4621; 0.462185; 0.471359
36.75; 190666; 187923; 0.467084; 0.465969; 0.473163; 0.472412; 0.483726
37; 190519; 188438; 0.477898; 0.477433; 0.485295; 0.484189; 0.497106
37.25; 190990; 189401; 0.490364; 0.490281; 0.49858; 0.497581; 0.511643
37.5; 190212; 189285; 0.504433; 0.50452; 0.513168; 0.512433; 0.527359
37.75; 189981; 188692; 0.5199; 0.519711; 0.528818; 0.528247; 0.543803
38; 188916; 188115; 0.536014; 0.535448; 0.544924; 0.544333; 0.560186
38.25; 187939; 187638; 0.55207; 0.551093; 0.560835; 0.559928; 0.575763
38.5; 186982; 187627; 0.567075; 0.566671; 0.57568; 0.574937; 0.590062
38.75; 186417; 188486; 0.581489; 0.581267; 0.589581; 0.588872; 0.602951
39; 185570; 187866; 0.595347; 0.594637; 0.602328; 0.601862; 0.61452
39.25; 184732; 187658; 0.60782; 0.607234; 0.614096; 0.613437; 0.62468
39.5; 184286; 186657; 0.618839; 0.618307; 0.624267; 0.623397; 0.633024
39.75; 183625; 185226; 0.628064; 0.627227; 0.631862; 0.631693; 0.638997
40; 182642; 185095; 0.634734; 0.633995; 0.637135; 0.637337; 0.642249
40.25; 183434; 184696; 0.638531; 0.638773; 0.639844; 0.640462; 0.642784
40.5; 182159; 184247; 0.640061; 0.641017; 0.640182; 0.641078; 0.6408
40.75; 182606; 184395; 0.639906; 0.640376; 0.638591; 0.639079; 0.636552
41; 181979; 184102; 0.637689; 0.637271; 0.634936; 0.63476; 0.63024
41.25; 181124; 183399; 0.632999; 0.631954; 0.628948; 0.62828; 0.621842
41.5; 181783; 183374; 0.625299; 0.624926; 0.620653; 0.619555; 0.611326
41.75; 181709; 183559; 0.615416; 0.615664; 0.609894; 0.609088; 0.598895
42; 181536; 183966; 0.604105; 0.604062; 0.597487; 0.59674; 0.584902
42.25; 182607; 184089; 0.591289; 0.591054; 0.583975; 0.582903; 0.569893
42.5; 182199; 184061; 0.576934; 0.57741; 0.569224; 0.568546; 0.554387
42.75; 182788; 183805; 0.561862; 0.562789; 0.553636; 0.553757; 0.538603
43; 183162; 184038; 0.546605; 0.547089; 0.537642; 0.538568; 0.522819
43.25; 184025; 184017; 0.530891; 0.531204; 0.522035; 0.522755; 0.507251
43.5; 185254; 183698; 0.515682; 0.51508; 0.507315; 0.50677; 0.492447
43.75; 186145; 185316; 0.500721; 0.499887; 0.492967; 0.491942; 0.478701
44; 186896; 184905; 0.486509; 0.48619; 0.479212; 0.479149; 0.466633
44.25; 187606; 186139; 0.473385; 0.474279; 0.467016; 0.468078; 0.45657
44.5; 188111; 186025; 0.462627; 0.463266; 0.457581; 0.457857; 0.448574
44.75; 189058; 186422; 0.454154; 0.453653; 0.450113; 0.449602; 0.442777
45; 188844; 187701; 0.447428; 0.446443; 0.444666; 0.443665; 0.439297
45.25; 189742; 188217; 0.442522; 0.441956; 0.441166; 0.440439; 0.438278
45.5; 189783; 188580; 0.440464; 0.439624; 0.44042; 0.439529; 0.439841
45.75; 190036; 189690; 0.44082; 0.440138; 0.442071; 0.441509; 0.444079
46; 190666; 189291; 0.443509; 0.443431; 0.446135; 0.446198; 0.450881
46.25; 190710; 189269; 0.448582; 0.44915; 0.452533; 0.453237; 0.459919
46.5; 190708; 188598; 0.456059; 0.456891; 0.461317; 0.462047; 0.470804
46.75; 190895; 188870; 0.465703; 0.466447; 0.471951; 0.472667; 0.483224
47; 190615; 189363; 0.477078; 0.477858; 0.484156; 0.484973; 0.496989
47.25; 190254; 188361; 0.48995; 0.490935; 0.497727; 0.498756; 0.511909
47.5; 189988; 189628; 0.504247; 0.505134; 0.512615; 0.513464; 0.527659
47.75; 189258; 188243; 0.519416; 0.520252; 0.528244; 0.528855; 0.543805
48; 188601; 188761; 0.534994; 0.535927; 0.543855; 0.544788; 0.559839
48.25; 187960; 188547; 0.550731; 0.551586; 0.559495; 0.560342; 0.575264
48.5; 186906; 188249; 0.566293; 0.566851; 0.574832; 0.575139; 0.589706
48.75; 186222; 188526; 0.58146; 0.581233; 0.589544; 0.588876; 0.602961
49; 185108; 187844; 0.595798; 0.594497; 0.602831; 0.601754; 0.614764
49.25; 184442; 187359; 0.607738; 0.607578; 0.61401; 0.613851; 0.62491
49.5; 183952; 186794; 0.617927; 0.619066; 0.623331; 0.624178; 0.632977
49.75; 183306; 186209; 0.627086; 0.627732; 0.631014; 0.632027; 0.638722
50; 183292; 185190; 0.633806; 0.634557; 0.636839; 0.637206; 0.642004
50.25; 182575; 185796; 0.638308; 0.638957; 0.640128; 0.640121; 0.642734
50.5; 182118; 184218; 0.640719; 0.640687; 0.641029; 0.640586; 0.640992
50.75; 181869; 184550; 0.64066; 0.640032; 0.63945; 0.638705; 0.636845
51; 181572; 183539; 0.637859; 0.637287; 0.635111; 0.634848; 0.630435
51.25; 182038; 184228; 0.632467; 0.632395; 0.628272; 0.62889; 0.621848
51.5; 181035; 183392; 0.625091; 0.624932; 0.619692; 0.620291; 0.611214
51.75; 181459; 184797; 0.615752; 0.615325; 0.609371; 0.609562; 0.598836
52; 181687; 183793; 0.60476; 0.60376; 0.597611; 0.59695; 0.585057
52.25; 181569; 184080; 0.591803; 0.591066; 0.58426; 0.58316; 0.570171
52.5; 182397; 184061; 0.577863; 0.57691; 0.569415; 0.56882; 0.55464
52.75; 182486; 184668; 0.562741; 0.562067; 0.554204; 0.553396; 0.538731
53; 183292; 183957; 0.547345; 0.546327; 0.53861; 0.537587; 0.522795
53.25; 184188; 183878; 0.531483; 0.530611; 0.522759; 0.52202; 0.507228
53.5; 184445; 184594; 0.515935; 0.51506; 0.507644; 0.506617; 0.492471
53.75; 186229; 184712; 0.501106; 0.499997; 0.493047; 0.492329; 0.478913
54; 186512; 185574; 0.486905; 0.486218; 0.479245; 0.479577; 0.466901
54.25; 187387; 185121; 0.473867; 0.47397; 0.467168; 0.468134; 0.456684
54.5; 188085; 186417; 0.462703; 0.463184; 0.458032; 0.457378; 0.448539
54.75; 188661; 187393; 0.453599; 0.454118; 0.450165; 0.449413; 0.44266
55; 189000; 186919; 0.446678; 0.447109; 0.443718; 0.444478; 0.439207
55.25; 189656; 188519; 0.441957; 0.442634; 0.440509; 0.441169; 0.438299
55.5; 189317; 189339; 0.439738; 0.440547; 0.440187; 0.439967; 0.439972
55.75; 190290; 188959; 0.440142; 0.44091; 0.442207; 0.441521; 0.444212
56; 190614; 189963; 0.442996; 0.443881; 0.446115; 0.446168; 0.450874
56.25; 189831; 189155; 0.448612; 0.448926; 0.452449; 0.45307; 0.45974
56.5; 191400; 189217; 0.456526; 0.456174; 0.461058; 0.461996; 0.47059
56.75; 190347; 189114; 0.466371; 0.46561; 0.471753; 0.472669; 0.483098
57; 190699; 188807; 0.47781; 0.477098; 0.484322; 0.484795; 0.496991
57.25; 189933; 189352; 0.490742; 0.490083; 0.498396; 0.498073; 0.51192
57.5; 190343; 188671; 0.505016; 0.504221; 0.513512; 0.512451; 0.527602
57.75; 189024; 188877; 0.520063; 0.519339; 0.528609; 0.52822; 0.543655
58; 188905; 188869; 0.535644; 0.534975; 0.544272; 0.544041; 0.559632
58.25; 188046; 188190; 0.551323; 0.550831; 0.560131; 0.559501; 0.575095
58.5; 186146; 188812; 0.56682; 0.566248; 0.575361; 0.574531; 0.589661
58.75; 187033; 188151; 0.581796; 0.580822; 0.589704; 0.58866; 0.602934
59; 184790; 188000; 0.595365; 0.594872; 0.602558; 0.601991; 0.614781
59.25; 183906; 187719; 0.607184; 0.60795; 0.613556; 0.614145; 0.624865
59.5; 184869; 186562; 0.618029; 0.618795; 0.623171; 0.62419; 0.632919
59.75; 183180; 186243; 0.627406; 0.627342; 0.631176; 0.631788; 0.638669
60; 182914; 185552; 0.634635; 0.633783; 0.636918; 0.63718; 0.642013
60.25; 182552; 184899; 0.638854; 0.638497; 0.640022; 0.640326; 0.642794
60.5; 182500; 184586; 0.640437; 0.64101; 0.640421; 0.641248; 0.641035
60.75; 181854; 184565; 0.639862; 0.640852; 0.638646; 0.639523; 0.636864
61; 181536; 183724; 0.637305; 0.637813; 0.634709; 0.6352; 0.630402
61.25; 181771; 184169; 0.632689; 0.632169; 0.628665; 0.628464; 0.621793
61.5; 181167; 183305; 0.625553; 0.624528; 0.620488; 0.61954; 0.611206
61.75; 181312; 184323; 0.615236; 0.615931; 0.609707; 0.609346; 0.598924
62; 182216; 184143; 0.603899; 0.604672; 0.596861; 0.597789; 0.585158
62.25; 181329; 184186; 0.59144; 0.591524; 0.583341; 0.584217; 0.570305
62.5; 182333; 184168; 0.577492; 0.577341; 0.569212; 0.569092; 0.554686
62.75; 182939; 184050; 0.562588; 0.562262; 0.554111; 0.553501; 0.53872
63; 182920; 183996; 0.546943; 0.546812; 0.538358; 0.537873; 0.522782
63.25; 183856; 184198; 0.530621; 0.531628; 0.52209; 0.522801; 0.507273
63.5; 184824; 184818; 0.515316; 0.515745; 0.506842; 0.507482; 0.492523
63.75; 185637; 184617; 0.501088; 0.500036; 0.492946; 0.492467; 0.478945
64; 187180; 185614; 0.486891; 0.486319; 0.47988; 0.479036; 0.466941
64.25; 187293; 185374; 0.473659; 0.47426; 0.46777; 0.467624; 0.456731
64.5; 187773; 186243; 0.462607; 0.463326; 0.457764; 0.457713; 0.448593
64.75; 188775; 187162; 0.4538; 0.453979; 0.449678; 0.449963; 0.442703
65; 188973; 187562; 0.446932; 0.446977; 0.443733; 0.444558; 0.439237
65.25; 189347; 188812; 0.442293; 0.442385; 0.440656; 0.441072; 0.438283
65.5; 189474; 188927; 0.440193; 0.440167; 0.44037; 0.439803; 0.439917
65.75; 189829; 189395; 0.440766; 0.44032; 0.442391; 0.441311; 0.444122
66; 190656; 189918; 0.443942; 0.442911; 0.446241; 0.445992; 0.450813
66.25; 189751; 188775; 0.448714; 0.448767; 0.452381; 0.453108; 0.459757
66.5; 191575; 189505; 0.455833; 0.456822; 0.461095; 0.46196; 0.470647
66.75; 190262; 188663; 0.465885; 0.466036; 0.472122; 0.472253; 0.483081
67; 190432; 189589; 0.477879; 0.476926; 0.484809; 0.484166; 0.496871
67.25; 189991; 188899; 0.490768; 0.489945; 0.498737; 0.497557; 0.511759
67.5; 189728; 189152; 0.504624; 0.504462; 0.513248; 0.512516; 0.527473
67.75; 189377; 189204; 0.51943; 0.519812; 0.52863; 0.528037; 0.543573
68; 188580; 188794; 0.535215; 0.535253; 0.54445; 0.543737; 0.559586
68.25; 187661; 188627; 0.551424; 0.550513; 0.56005; 0.559412; 0.575053
68.5; 186730; 188771; 0.566809; 0.566066; 0.575366; 0.574354; 0.589588
68.75; 185821; 188398; 0.581399; 0.581104; 0.589541; 0.588701; 0.602884
69; 184946; 187983; 0.594995; 0.595113; 0.601941; 0.602464; 0.614709
69.25; 184333; 187761; 0.607249; 0.607775; 0.613231; 0.614347; 0.624789
69.5; 183653; 186953; 0.617897; 0.618778; 0.62358; 0.623631; 0.632828
69.75; 183357; 186480; 0.62704; 0.627537; 0.631841; 0.630999; 0.638647
70; 182845; 185176; 0.634244; 0.633938; 0.637243; 0.636666; 0.641955
70.25; 182670; 185539; 0.638994; 0.638187; 0.639967; 0.640238; 0.642744
70.5; 182139; 184717; 0.640856; 0.640553; 0.640391; 0.641257; 0.641034
70.75; 181444; 184166; 0.640132; 0.640608; 0.638826; 0.639408; 0.636929
71; 181907; 184560; 0.637256; 0.637945; 0.635023; 0.635016; 0.63051
71.25; 181282; 183497; 0.632675; 0.632253; 0.628723; 0.628509; 0.621881
71.5; 181164; 184337; 0.625571; 0.624587; 0.620144; 0.619969; 0.61126
71.75; 181499; 184237; 0.616071; 0.61517; 0.609682; 0.609432; 0.598934
72; 181398; 183947; 0.604806; 0.603912; 0.597359; 0.597444; 0.585214
72.25; 181592; 184732; 0.591898; 0.591239; 0.583768; 0.583985; 0.570412
72.5; 182112; 183587; 0.577606; 0.577447; 0.569053; 0.569497; 0.554835
72.75; 182546; 184732; 0.562504; 0.562615; 0.553666; 0.554232; 0.538881
73; 183122; 184040; 0.54669; 0.547285; 0.537815; 0.538648; 0.522916
73.25; 183724; 184652; 0.530706; 0.531698; 0.52212; 0.522918; 0.507337
73.5; 184617; 184769; 0.515233; 0.516021; 0.506763; 0.50773; 0.492599
73.75; 185982; 184743; 0.500362; 0.500988; 0.492418; 0.493213; 0.479063
74; 186548; 185383; 0.486265; 0.487152; 0.479121; 0.479999; 0.467058
74.25; 186950; 185792; 0.473593; 0.474542; 0.467331; 0.468269; 0.456844
74.5; 188188; 186740; 0.462737; 0.463448; 0.45748; 0.458215; 0.448676
74.75; 188316; 186434; 0.453652; 0.454252; 0.44959; 0.450132; 0.442704
75; 188861; 188511; 0.446454; 0.447415; 0.443678; 0.444544; 0.439179
75.25; 188770; 187615; 0.441785; 0.442734; 0.440268; 0.44131; 0.438227
75.5; 190268; 189712; 0.439699; 0.440528; 0.43966; 0.44043; 0.439938
75.75; 189221; 189454; 0.440124; 0.440879; 0.441498; 0.442168; 0.44417
76; 190409; 189603; 0.443015; 0.443811; 0.44565; 0.44655; 0.450814
76.25; 190550; 189260; 0.448591; 0.448884; 0.452516; 0.45291; 0.45966
76.5; 190237; 189739; 0.456656; 0.455969; 0.461779; 0.461158; 0.470488
76.75; 190908; 188846; 0.466379; 0.465403; 0.472607; 0.471572; 0.482914
77; 190062; 189364; 0.476958; 0.477597; 0.484149; 0.484585; 0.496777
77.25; 189885; 189267; 0.489803; 0.490687; 0.497572; 0.498557; 0.511771
77.5; 190132; 189310; 0.504226; 0.504747; 0.512748; 0.512974; 0.527523
77.75; 188634; 188284; 0.519361; 0.519816; 0.528398; 0.528209; 0.543556
78; 188814; 189722; 0.53489; 0.535503; 0.544002; 0.544062; 0.559495
78.25; 187507; 188188; 0.550434; 0.55137; 0.559155; 0.560141; 0.574956
78.5; 186580; 189106; 0.566536; 0.566146; 0.574613; 0.574935; 0.589525
78.75; 186407; 188143; 0.581633; 0.580675; 0.589464; 0.588645; 0.602867
79; 184940; 187830; 0.594806; 0.595138; 0.60263; 0.601679; 0.614708
79.25; 184547; 187782; 0.607074; 0.60791; 0.614062; 0.613509; 0.624805
79.5; 183820; 186766; 0.61829; 0.618434; 0.623231; 0.624014; 0.632825
79.75; 182879; 186617; 0.627669; 0.626876; 0.630969; 0.631792; 0.638571
80; 183251; 185649; 0.634154; 0.633951; 0.636976; 0.636828; 0.641888
80.25; 182408; 185245; 0.638097; 0.639065; 0.640348; 0.639839; 0.642749
80.5; 181573; 184962; 0.640589; 0.640842; 0.641117; 0.640594; 0.641092
80.75; 182611; 183647; 0.640947; 0.639861; 0.63948; 0.638854; 0.636988
81; 181044; 184181; 0.63774; 0.63753; 0.635352; 0.634757; 0.630536
81.25; 181490; 183928; 0.632039; 0.632962; 0.628878; 0.628409; 0.621897
81.5; 181685; 183874; 0.624929; 0.625274; 0.620147; 0.619993; 0.611262
81.75; 180586; 184668; 0.615948; 0.615335; 0.609209; 0.609946; 0.598966
82; 181811; 183891; 0.604816; 0.603953; 0.597022; 0.597845; 0.585275
82.25; 182084; 184246; 0.591631; 0.591602; 0.583887; 0.583974; 0.57048
82.5; 181702; 184148; 0.577393; 0.577794; 0.569461; 0.569232; 0.554912
82.75; 182764; 183843; 0.562311; 0.562913; 0.554176; 0.553816; 0.538914
83; 183381; 184479; 0.546682; 0.547341; 0.538359; 0.538128; 0.522902
83.25; 183635; 184129; 0.530715; 0.531679; 0.52208; 0.522935; 0.507321
83.5; 185190; 184503; 0.515314; 0.51596; 0.50692; 0.5076; 0.492607
83.75; 185852; 184814; 0.500288; 0.501084; 0.493011; 0.492657; 0.479094
84; 186462; 185334; 0.486501; 0.486961; 0.480046; 0.479137; 0.467085
84.25; 187638; 185275; 0.474186; 0.473981; 0.468002; 0.467627; 0.456845
84.5; 188264; 186415; 0.463443; 0.462691; 0.457738; 0.457901; 0.448633
84.75; 188351; 186840; 0.454363; 0.453548; 0.449836; 0.449897; 0.442705
85; 189074; 187382; 0.44699; 0.447001; 0.444468; 0.443876; 0.439228
85.25; 189446; 188672; 0.442038; 0.442684; 0.441298; 0.440457; 0.438276
85.5; 189634; 188959; 0.439918; 0.440453; 0.440299; 0.439882; 0.439922
85.75; 190211; 189285; 0.440419; 0.440675; 0.441723; 0.442001; 0.444163
86; 190426; 189764; 0.443147; 0.443708; 0.445626; 0.446634; 0.450864
86.25; 190376; 188935; 0.448198; 0.449222; 0.452488; 0.452957; 0.459757
86.5; 191096; 189280; 0.455817; 0.456694; 0.461674; 0.461221; 0.470541
86.75; 190624; 189019; 0.465481; 0.46628; 0.472523; 0.471644; 0.482938
87; 190406; 188746; 0.476999; 0.477641; 0.484732; 0.484021; 0.49672
87.25; 190295; 189458; 0.489916; 0.490644; 0.498401; 0.497721; 0.511676
87.5; 189695; 189250; 0.504081; 0.504851; 0.513218; 0.512433; 0.527451
87.75; 189470; 188434; 0.51921; 0.519871; 0.528702; 0.52787; 0.543586
88; 188747; 188775; 0.535075; 0.53522; 0.544124; 0.54394; 0.559578
88.25; 187932; 188320; 0.551463; 0.550342; 0.559162; 0.560158; 0.57499
88.5; 187016; 188530; 0.566424; 0.566361; 0.574634; 0.574954; 0.589501
88.75; 185991; 188354; 0.580575; 0.581823; 0.589473; 0.588619; 0.602792
89; 184997; 187913; 0.595195; 0.594804; 0.602419; 0.601871; 0.61464
89.25; 184668; 187258; 0.608041; 0.606896; 0.613889; 0.613646; 0.624771
89.5; 184048; 186879; 0.617939; 0.618671; 0.623773; 0.623431; 0.632882
89.75; 183325; 186009; 0.626779; 0.627671; 0.631251; 0.631477; 0.638625
90; 183278; 185519; 0.634378; 0.633736; 0.636432; 0.637397; 0.641919
90.25; 182607; 185101; 0.638987; 0.638257; 0.639867; 0.640365; 0.642719
90.5; 182005; 184333; 0.640506; 0.640963; 0.640836; 0.640857; 0.641036
90.75; 181955; 184171; 0.639861; 0.64091; 0.6393; 0.638967; 0.636955
91; 181991; 183940; 0.637571; 0.637649; 0.635344; 0.634736; 0.630542
91.25; 181497; 183727; 0.633026; 0.631888; 0.629079; 0.62817; 0.621897
91.5; 181298; 183951; 0.625361; 0.62481; 0.620552; 0.61959; 0.61128
91.75; 181761; 184134; 0.615225; 0.61613; 0.609781; 0.609432; 0.59898
92; 181521; 183930; 0.604081; 0.604794; 0.597116; 0.597811; 0.585271
92.25; 181681; 184379; 0.59169; 0.591588; 0.583509; 0.584366; 0.570469
92.5; 182253; 183498; 0.577767; 0.577394; 0.569075; 0.569603; 0.55492
92.75; 182754; 184413; 0.562627; 0.56252; 0.553725; 0.554246; 0.538953
93; 183468; 183900; 0.547334; 0.546659; 0.537965; 0.538549; 0.522957
93.25; 183875; 184485; 0.531662; 0.530858; 0.52218; 0.522973; 0.507379
93.5; 184956; 184418; 0.515168; 0.516269; 0.507021; 0.507633; 0.492658
93.75; 186036; 184827; 0.500635; 0.500847; 0.492497; 0.493235; 0.479092
94; 186523; 185036; 0.487228; 0.486259; 0.479165; 0.480005; 0.467053
94.25; 187442; 185691; 0.473824; 0.47429; 0.467338; 0.468221; 0.456797
94.5; 188595; 185841; 0.462501; 0.463546; 0.457714; 0.457872; 0.448653
94.75; 188482; 186908; 0.454051; 0.453793; 0.450248; 0.449455; 0.442721
95; 189036; 188006; 0.44737; 0.446575; 0.444348; 0.443963; 0.439211
95.25; 189979; 188086; 0.44268; 0.442007; 0.440718; 0.441011; 0.438279
95.5; 189100; 188882; 0.440503; 0.439856; 0.439839; 0.440333; 0.439916
95.75; 190343; 189252; 0.440862; 0.440191; 0.44173; 0.441923; 0.444098
96; 190299; 189330; 0.443253; 0.443431; 0.445803; 0.446251; 0.450727
96.25; 190640; 190163; 0.448086; 0.449156; 0.452161; 0.453087; 0.459644
96.5; 191409; 188211; 0.456024; 0.45642; 0.461064; 0.461752; 0.470487
96.75; 190591; 189020; 0.466004; 0.465784; 0.47199; 0.472211; 0.482964
97; 190211; 189161; 0.477327; 0.477366; 0.484257; 0.484568; 0.496776
97.25; 190311; 188607; 0.490091; 0.490484; 0.497822; 0.49831; 0.511678
97.5; 189864; 189284; 0.504504; 0.504366; 0.512683; 0.512876; 0.527383
97.75; 189302; 188998; 0.519485; 0.519449; 0.528105; 0.52827; 0.543447
98; 189125; 188693; 0.534942; 0.535214; 0.543756; 0.544132; 0.559463
98.25; 187469; 188404; 0.550333; 0.551383; 0.55909; 0.560155; 0.574987
98.5; 187128; 188360; 0.566159; 0.56657; 0.574563; 0.575001; 0.589512
98.75; 185792; 188368; 0.581162; 0.581176; 0.589208; 0.588859; 0.602795
99; 185235; 187881; 0.594944; 0.594977; 0.602553; 0.601673; 0.614619
99.25; 184611; 187421; 0.607384; 0.607407; 0.613832; 0.613551; 0.624705
99.5; 183870; 186969; 0.618197; 0.618255; 0.623125; 0.623912; 0.63279
99.75; 183644; 185995; 0.626942; 0.627421; 0.631115; 0.631539; 0.63858
100; 183143; 185747; 0.633587; 0.634499; 0.637086; 0.636742; 0.641947
100.25; 182415; 184858; 0.638363; 0.638882; 0.64045; 0.63982; 0.642788
100.5; 182294; 184588; 0.640999; 0.640487; 0.641088; 0.640642; 0.641066
100.75; 181827; 184118; 0.640798; 0.639966; 0.639242; 0.639014; 0.636926
101; 181744; 183845; 0.63745; 0.637752; 0.634865; 0.63516; 0.630482
101.25; 181701; 184277; 0.63192; 0.632989; 0.628036; 0.629173; 0.621885
101.5; 181218; 183782; 0.624803; 0.625406; 0.619803; 0.620381; 0.611329
101.75; 181137; 184262; 0.615811; 0.61566; 0.610075; 0.609282; 0.599066
102; 182018; 183995; 0.605055; 0.603996; 0.597845; 0.597298; 0.585387
102.25; 181435; 183850; 0.59194; 0.59153; 0.584125; 0.583958; 0.570565
102.5; 182277; 184256; 0.57754; 0.577771; 0.569569; 0.569242; 0.554963
102.75; 182597; 184050; 0.562585; 0.562656; 0.554462; 0.55358; 0.538962
103; 183232; 184243; 0.547319; 0.54677; 0.538454; 0.538151; 0.522996
103.25; 184254; 184292; 0.53184; 0.530804; 0.522106; 0.523199; 0.507494
103.5; 184318; 184703; 0.515615; 0.515995; 0.507363; 0.507501; 0.492777
103.75; 186126; 184294; 0.500334; 0.501349; 0.493477; 0.492474; 0.479213
104; 186895; 185736; 0.487065; 0.486608; 0.479767; 0.479574; 0.46713
104.25; 187065; 185219; 0.474494; 0.473766; 0.467565; 0.468113; 0.45682
104.5; 188290; 186787; 0.462653; 0.463459; 0.457468; 0.458131; 0.448599
104.75; 188602; 186481; 0.453602; 0.454314; 0.44956; 0.450172; 0.442721
105; 189046; 188198; 0.446895; 0.447157; 0.443689; 0.444723; 0.43928
105.25; 189168; 188067; 0.441913; 0.442837; 0.440517; 0.441297; 0.438352
105.5; 189493; 188969; 0.439822; 0.440537; 0.440349; 0.439851; 0.439956
105.75; 190473; 189467; 0.440467; 0.440543; 0.44224; 0.441359; 0.44405
106; 190055; 189420; 0.44352; 0.443129; 0.445942; 0.446015; 0.450623
106.25; 190439; 189491; 0.44909; 0.44809; 0.452201; 0.452921; 0.459513
106.5; 191198; 189371; 0.45645; 0.455916; 0.461001; 0.461705; 0.470403
106.75; 190462; 188702; 0.465716; 0.466; 0.471806; 0.472339; 0.482947
107; 190447; 189087; 0.476762; 0.477813; 0.484207; 0.484544; 0.496784
107.25; 189996; 188933; 0.489766; 0.490622; 0.498193; 0.497781; 0.511629
107.5; 189950; 189253; 0.503908; 0.50477; 0.513126; 0.512223; 0.52726
107.75; 189323; 189288; 0.519305; 0.519474; 0.528453; 0.527721; 0.543298
108; 188860; 188158; 0.535145; 0.534858; 0.543876; 0.543825; 0.559335
108.25; 187610; 189141; 0.551247; 0.550292; 0.559004; 0.560059; 0.574863
108.5; 186967; 188000; 0.566485; 0.566058; 0.574681; 0.574736; 0.589474
108.75; 185979; 188222; 0.581144; 0.581055; 0.589591; 0.588394; 0.602787
109; 185266; 188230; 0.59481; 0.594946; 0.602059; 0.602023; 0.614581
109.25; 184285; 187525; 0.607142; 0.607528; 0.613027; 0.614216; 0.624634
109.5; 183697; 186887; 0.617826; 0.618564; 0.623431; 0.623507; 0.632701
109.75; 183730; 186332; 0.626847; 0.62751; 0.631874; 0.630749; 0.638525
110; 182867; 185389; 0.634202; 0.633871; 0.6371; 0.636733; 0.641953
110.25; 182646; 185098; 0.639008; 0.638184; 0.639737; 0.64054; 0.642836
110.5; 182313; 184102; 0.640742; 0.640677; 0.6405; 0.641234; 0.641139
110.75; 181829; 184642; 0.639997; 0.640741; 0.639361; 0.638895; 0.636955
111; 181806; 183905; 0.637303; 0.637908; 0.635426; 0.634589; 0.630456
111.25; 181130; 184082; 0.632361; 0.63265; 0.628599; 0.628676; 0.621872
111.5; 181620; 184356; 0.625309; 0.625033; 0.619748; 0.620562; 0.61138
111.75; 181419; 183310; 0.616145; 0.615433; 0.609381; 0.610117; 0.599181
112; 181444; 184398; 0.604886; 0.604217; 0.597265; 0.597981; 0.585489
112.25; 182143; 183725; 0.592162; 0.591284; 0.583701; 0.584408; 0.57063
112.5; 181851; 183937; 0.578085; 0.577246; 0.569242; 0.569595; 0.55498
112.75; 182822; 184773; 0.563128; 0.562281; 0.553877; 0.554264; 0.538958
113; 183143; 183646; 0.547286; 0.546999; 0.538387; 0.538337; 0.522992
113.25; 183725; 184825; 0.530907; 0.531908; 0.523248; 0.522192; 0.507524
113.5; 185487; 184307; 0.515863; 0.515829; 0.507553; 0.507395; 0.492816
113.75; 185431; 184770; 0.501421; 0.500285; 0.492761; 0.49324; 0.479237
114; 186797; 184976; 0.486756; 0.486932; 0.479314; 0.48007; 0.467183
114.25; 187654; 185703; 0.473597; 0.474685; 0.467386; 0.468334; 0.456887
114.5; 188097; 186203; 0.463083; 0.463161; 0.457472; 0.458238; 0.448642
114.75; 188380; 187037; 0.454386; 0.453648; 0.449946; 0.449866; 0.442705
115; 189016; 187808; 0.447338; 0.446761; 0.444679; 0.443767; 0.439266
115.25; 189414; 188145; 0.442423; 0.442348; 0.441318; 0.440524; 0.43835
115.5; 189920; 188727; 0.440412; 0.439975; 0.440349; 0.439874; 0.439964
115.75; 190119; 189307; 0.440811; 0.440178; 0.441735; 0.441875; 0.444094
116; 190185; 189832; 0.443286; 0.443354; 0.445446; 0.446546; 0.45069
116.25; 190783; 188653; 0.448034; 0.449144; 0.452248; 0.452872; 0.459523
116.5; 190469; 189913; 0.455874; 0.456458; 0.461575; 0.461041; 0.470308
116.75; 190994; 188677; 0.466344; 0.465261; 0.472438; 0.471538; 0.482792
117; 190291; 188804; 0.477574; 0.476907; 0.484646; 0.48399; 0.496693
117.25; 190276; 189229; 0.490114; 0.490152; 0.498457; 0.497449; 0.511621
117.5; 190177; 188532; 0.504244; 0.504347; 0.512769; 0.512554; 0.527302
117.75; 189347; 189275; 0.519186; 0.519498; 0.527623; 0.528499; 0.54333
118; 188445; 188916; 0.534769; 0.535188; 0.543472; 0.544173; 0.559307
118.25; 188104; 187831; 0.550347; 0.551161; 0.559219; 0.559786; 0.57482
118.5; 186877; 188889; 0.56599; 0.566513; 0.574139; 0.575203; 0.589416
118.75; 185847; 187965; 0.581102; 0.581016; 0.588616; 0.589274; 0.602742
119; 185305; 188030; 0.595325; 0.59439; 0.602285; 0.601792; 0.614593
119.25; 185020; 187325; 0.607764; 0.606843; 0.614167; 0.613067; 0.62464
119.5; 183646; 186640; 0.618053; 0.618321; 0.623474; 0.623473; 0.632724
119.75; 183417; 186654; 0.626608; 0.627744; 0.630758; 0.631844; 0.63855
120; 183103; 185351; 0.633983; 0.634145; 0.636652; 0.637196; 0.641925
120.25; 182563; 185006; 0.639071; 0.638203; 0.640304; 0.640017; 0.642821
120.5; 182544; 184547; 0.641202; 0.640344; 0.641413; 0.640421; 0.641149
120.75; 181369; 184136; 0.640705; 0.640136; 0.63955; 0.638834; 0.637034
121; 182206; 184036; 0.637691; 0.637546; 0.634716; 0.635376; 0.630548
121.25; 181605; 183547; 0.632175; 0.632806; 0.628189; 0.629121; 0.621945
121.5; 180985; 184330; 0.624701; 0.625694; 0.620415; 0.619967; 0.61144
121.75; 181865; 183585; 0.615664; 0.615982; 0.610173; 0.609375; 0.599184
122; 181459; 184487; 0.604951; 0.604243; 0.597811; 0.597493; 0.585497
122.25; 181592; 183554; 0.592314; 0.591304; 0.584389; 0.583855; 0.570651
122.5; 182832; 184665; 0.577609; 0.577887; 0.569635; 0.569337; 0.555012
122.75; 182061; 183634; 0.56236; 0.563068; 0.553976; 0.554217; 0.539025
123; 183142; 184123; 0.546893; 0.547391; 0.537956; 0.538816; 0.523067
123.25; 183951; 184803; 0.531897; 0.530969; 0.522368; 0.523174; 0.507623
123.5; 184851; 184543; 0.516211; 0.515581; 0.507893; 0.507173; 0.492887
123.75; 186005; 184475; 0.501192; 0.500643; 0.493518; 0.492587; 0.479279
124; 186285; 185714; 0.487395; 0.486424; 0.479401; 0.480055; 0.467157
124.25; 187446; 185543; 0.47432; 0.474081; 0.46747; 0.468317; 0.456857
124.5; 188556; 186483; 0.462752; 0.463562; 0.458002; 0.457781; 0.448684
124.75; 188114; 186902; 0.453754; 0.454294; 0.450285; 0.449598; 0.442786
125; 189366; 187720; 0.447376; 0.446747; 0.444626; 0.443881; 0.439334
125.25; 189358; 188132; 0.44288; 0.441971; 0.441302; 0.440601; 0.438353
125.5; 188871; 189056; 0.44024; 0.440149; 0.440391; 0.439782; 0.439895
125.75; 190579; 189601; 0.440196; 0.440742; 0.44205; 0.441438; 0.443971
126; 190205; 189535; 0.442857; 0.44372; 0.446076; 0.445799; 0.450576
126.25; 190442; 189355; 0.448542; 0.448586; 0.452575; 0.452463; 0.459441
126.5; 190814; 189304; 0.456499; 0.455729; 0.461175; 0.461362; 0.470282
126.75; 190115; 189339; 0.466105; 0.465393; 0.471783; 0.472131; 0.48282
127; 190812; 188426; 0.476896; 0.47744; 0.484245; 0.484287; 0.496687
127.25; 190209; 189525; 0.489517; 0.490607; 0.497934; 0.497805; 0.511544
127.5; 189453; 188773; 0.503878; 0.504518; 0.512607; 0.512466; 0.527127
127.75; 189145; 189423; 0.518925; 0.519609; 0.527818; 0.528091; 0.543157
128; 188924; 188977; 0.534506; 0.535314; 0.543348; 0.544141; 0.559218
128.25; 187310; 188415; 0.550435; 0.550908; 0.558929; 0.559931; 0.574767
128.5; 186814; 188892; 0.566407; 0.565892; 0.574799; 0.574411; 0.58939
128.75; 186067; 187923; 0.581449; 0.580428; 0.589409; 0.588297; 0.602667
129; 185153; 188451; 0.594735; 0.594746; 0.601571; 0.602278; 0.614504
129.25; 184491; 187713; 0.606687; 0.607844; 0.613111; 0.614014; 0.624607
129.5; 183148; 186288; 0.617896; 0.618452; 0.623425; 0.62348; 0.632695
129.75; 183803; 187231; 0.627243; 0.627102; 0.631759; 0.630866; 0.638538
130; 182898; 185184; 0.634554; 0.633471; 0.637301; 0.63651; 0.64196
130.25; 182266; 185142; 0.638737; 0.638393; 0.639799; 0.640445; 0.642849
130.5; 182380; 184606; 0.640183; 0.641277; 0.640438; 0.641327; 0.641156
130.75; 181810; 184553; 0.640151; 0.640716; 0.639101; 0.639274; 0.637007
131; 180931; 183909; 0.637907; 0.637466; 0.634964; 0.635231; 0.63057
131.25; 182298; 184439; 0.632984; 0.632204; 0.628462; 0.629043; 0.622023
131.5; 179974; 183807; 0.625289; 0.625209; 0.619989; 0.620556; 0.611567
131.75; 181945; 184385; 0.615735; 0.615957; 0.609855; 0.609827; 0.599328
132; 181502; 183943; 0.604445; 0.604821; 0.598065; 0.597358; 0.585586
132.25; 181715; 184116; 0.591837; 0.591914; 0.584444; 0.583916; 0.570712
132.5; 181561; 184557; 0.577933; 0.577748; 0.569441; 0.569692; 0.555088
132.75; 182536; 184428; 0.562795; 0.562955; 0.553888; 0.554592; 0.539138
133; 182777; 184420; 0.547228; 0.547441; 0.538266; 0.538882; 0.523249
133.25; 183980; 184570; 0.531661; 0.531382; 0.523145; 0.522584; 0.507705
133.5; 184521; 184470; 0.516394; 0.515526; 0.508022; 0.507196; 0.492978
133.75; 185764; 184716; 0.501277; 0.500714; 0.493153; 0.493105; 0.479358
134; 186448; 185371; 0.487264; 0.486763; 0.4797; 0.479952; 0.467241
134.25; 186845; 186078; 0.474697; 0.473985; 0.467742; 0.468292; 0.456957
134.5; 188039; 185766; 0.463418; 0.463165; 0.457656; 0.45836; 0.448761
134.75; 188130; 187706; 0.45379; 0.45442; 0.449613; 0.450402; 0.442852
135; 188613; 187327; 0.446481; 0.447573; 0.443772; 0.444661; 0.439306
135.25; 189544; 189233; 0.442126; 0.442525; 0.440514; 0.441212; 0.438309
135.5; 189896; 188419; 0.43995; 0.440376; 0.439601; 0.440498; 0.439851
135.75; 189405; 190607; 0.440041; 0.440957; 0.441427; 0.44209; 0.443975
136; 189978; 188756; 0.44286; 0.443791; 0.445477; 0.446432; 0.450566
136.25; 190762; 189928; 0.448571; 0.448635; 0.452099; 0.453023; 0.459502
136.5; 189879; 189083; 0.456272; 0.455906; 0.460856; 0.461657; 0.470295
136.75; 191158; 188623; 0.465738; 0.465524; 0.471456; 0.472248; 0.482746
137; 190482; 189758; 0.47645; 0.477513; 0.483705; 0.484426; 0.496458
137.25; 189503; 189305; 0.489747; 0.490128; 0.497252; 0.498211; 0.511386
137.5; 190112; 189026; 0.50462; 0.503695; 0.512243; 0.512726; 0.52705
137.75; 188966; 189585; 0.519527; 0.51897; 0.527741; 0.528126; 0.543149
138; 188164; 188800; 0.53511; 0.534574; 0.543426; 0.543934; 0.559126
138.25; 188592; 188335; 0.550952; 0.550259; 0.559268; 0.559482; 0.574721
138.5; 186284; 188169; 0.565978; 0.566087; 0.574291; 0.574681; 0.589276
138.75; 186145; 189211; 0.580568; 0.581109; 0.588534; 0.588969; 0.602599
139; 185276; 187601; 0.594265; 0.595091; 0.601617; 0.602094; 0.614407
139.25; 184320; 187907; 0.607002; 0.607472; 0.613437; 0.613631; 0.624554
139.5; 183183; 187009; 0.618555; 0.617726; 0.623837; 0.623007; 0.632649
139.75; 183884; 186148; 0.62757; 0.626707; 0.631538; 0.631027; 0.638532
140; 182957; 185295; 0.634132; 0.633855; 0.6371; 0.636674; 0.641944
140.25; 182545; 185318; 0.638452; 0.638654; 0.640367; 0.639839; 0.642807
140.5; 182517; 184903; 0.640408; 0.640984; 0.641205; 0.6405; 0.641122
140.75; 180406; 184635; 0.640178; 0.640645; 0.639555; 0.638788; 0.636996
141; 183030; 184027; 0.637895; 0.637582; 0.635526; 0.634801; 0.630645
141.25; 181111; 184325; 0.633048; 0.632251; 0.628982; 0.628661; 0.622118
141.5; 181166; 183370; 0.625177; 0.625424; 0.619952; 0.620695; 0.611617
141.75; 181147; 183490; 0.615429; 0.616298; 0.609507; 0.610197; 0.599351
142; 182168; 184203; 0.604443; 0.604855; 0.597327; 0.598115; 0.585599
142.25; 181917; 184685; 0.591884; 0.591876; 0.583764; 0.584605; 0.570716
142.5; 181579; 183402; 0.577894; 0.577856; 0.569082; 0.570109; 0.555113
142.75; 182449; 185285; 0.562548; 0.563304; 0.553924; 0.554652; 0.539167
143; 182889; 183598; 0.546895; 0.547797; 0.538142; 0.539014; 0.52326
143.25; 184538; 184551; 0.531432; 0.531677; 0.522513; 0.523286; 0.507758
143.5; 184700; 183878; 0.515654; 0.516264; 0.507106; 0.508104; 0.492994
143.75; 185943; 185440; 0.500518; 0.501452; 0.49283; 0.493421; 0.479382
144; 186293; 184363; 0.486502; 0.487558; 0.479725; 0.479965; 0.467273
144.25; 187228; 186865; 0.474142; 0.474591; 0.467661; 0.468428; 0.456987
144.5; 188344; 186093; 0.463572; 0.462954; 0.457504; 0.458431; 0.448708
144.75; 187796; 186502; 0.454314; 0.453753; 0.449716; 0.450137; 0.442734
145; 189696; 188261; 0.446855; 0.447236; 0.44406; 0.444387; 0.439289
145.25; 189159; 187702; 0.441849; 0.442857; 0.440764; 0.441001; 0.43831
145.5; 190179; 189357; 0.439803; 0.440569; 0.439671; 0.440516; 0.439946
145.75; 189556; 188470; 0.440189; 0.440863; 0.441359; 0.442252; 0.444049
146; 190244; 191119; 0.44277; 0.443852; 0.445651; 0.446246; 0.450581
146.25; 190600; 187710; 0.448184; 0.448879; 0.452072; 0.452871; 0.45936
146.5; 190106; 190485; 0.45558; 0.456487; 0.460815; 0.461531; 0.470184
146.75; 191076; 188788; 0.46511; 0.46613; 0.471661; 0.471969; 0.482653
147; 190891; 188482; 0.476716; 0.477396; 0.483984; 0.484317; 0.496578
147.25; 189911; 189701; 0.490003; 0.490036; 0.497686; 0.49799; 0.511514
147.5; 189938; 188195; 0.50464; 0.50372; 0.512646; 0.512422; 0.527155
147.75; 188777; 189067; 0.519591; 0.518829; 0.527873; 0.527923; 0.543088
148; 189095; 189368; 0.535032; 0.534556; 0.543475; 0.543761; 0.559061
148.25; 187945; 188083; 0.550682; 0.550355; 0.559091; 0.559433; 0.574562
148.5; 186637; 189055; 0.566388; 0.565604; 0.574597; 0.574287; 0.589212
148.75; 186726; 187978; 0.581202; 0.580537; 0.589258; 0.588335; 0.602654
149; 185343; 187941; 0.595141; 0.594322; 0.602189; 0.601693; 0.614538
149.25; 183669; 187583; 0.607439; 0.607027; 0.613845; 0.613257; 0.624609
149.5; 184425; 186516; 0.618486; 0.617704; 0.623604; 0.623145; 0.632604
149.75; 182632; 186529; 0.627283; 0.626857; 0.63165; 0.630737; 0.638401
150; 183763; 186016; 0.634162; 0.633774; 0.637151; 0.636522; 0.641834
150.25; 182678; 184940; 0.638941; 0.638157; 0.640124; 0.640067; 0.64281
150.5; 181092; 184209; 0.640941; 0.640547; 0.640596; 0.641256; 0.641239
150.75; 182880; 184333; 0.640375; 0.640561; 0.638889; 0.639645; 0.637175
151; 182157; 184309; 0.637268; 0.638157; 0.635021; 0.635291; 0.630684
151.25; 180243; 183940; 0.632288; 0.632902; 0.628883; 0.628625; 0.622038
151.5; 182062; 183470; 0.625384; 0.625114; 0.620574; 0.619903; 0.611469
151.75; 181766; 184502; 0.616498; 0.615258; 0.610357; 0.609331; 0.599251
152; 180717; 183769; 0.604757; 0.604662; 0.59816; 0.597398; 0.585652
152.25; 182250; 183885; 0.591492; 0.592466; 0.584428; 0.584186; 0.57088
152.5; 182031; 184366; 0.577625; 0.578266; 0.56954; 0.569863; 0.555283
152.75; 182307; 183682; 0.562635; 0.563194; 0.553902; 0.554695; 0.539221
153; 183685; 184606; 0.546886; 0.547756; 0.538125; 0.538989; 0.523232
153.25; 183828; 184048; 0.531124; 0.532011; 0.522458; 0.523321; 0.507718
153.5; 185089; 184841; 0.515969; 0.516073; 0.507284; 0.508028; 0.493019
153.75; 185645; 184160; 0.501674; 0.500484; 0.492887; 0.493541; 0.479448
154; 186911; 185559; 0.487305; 0.486891; 0.479871; 0.47997; 0.467357
154.25; 187260; 185193; 0.47415; 0.474565; 0.468539; 0.467553; 0.456988
154.5; 188200; 186839; 0.462895; 0.46355; 0.458213; 0.457662; 0.448685
154.75; 188965; 186644; 0.453843; 0.454265; 0.449626; 0.450245; 0.442729
155; 188494; 188107; 0.447191; 0.446974; 0.443879; 0.444636; 0.439318
155.25; 190156; 187467; 0.442871; 0.442001; 0.440957; 0.440961; 0.438364
155.5; 189292; 189561; 0.440493; 0.439922; 0.440535; 0.439701; 0.439956
155.75; 190391; 188541; 0.440561; 0.440453; 0.442159; 0.441422; 0.444034
156; 189967; 190235; 0.443348; 0.44323; 0.446035; 0.445821; 0.450542
156.25; 190663; 189281; 0.448436; 0.448531; 0.452221; 0.452613; 0.459297
156.5; 191196; 189044; 0.45594; 0.45608; 0.460791; 0.461469; 0.470091
156.75; 189886; 188987; 0.465453; 0.465843; 0.471471; 0.472186; 0.482652
157; 191368; 188820; 0.476571; 0.477576; 0.483684; 0.484641; 0.496583
157.25; 189723; 188783; 0.489614; 0.490377; 0.497284; 0.498347; 0.511515
157.5; 189717; 189026; 0.503942; 0.504264; 0.512067; 0.512863; 0.52711
157.75; 190622; 189209; 0.519024; 0.51921; 0.527627; 0.528011; 0.543038
158; 188011; 188232; 0.534487; 0.534968; 0.543324; 0.543776; 0.558998
158.25; 187800; 189264; 0.549973; 0.551061; 0.558721; 0.559795; 0.574567
158.5; 187290; 188240; 0.565738; 0.566329; 0.574089; 0.57484; 0.589234
158.75; 186171; 187986; 0.580531; 0.581182; 0.588537; 0.589008; 0.602627
159; 185003; 187511; 0.594356; 0.595001; 0.601556; 0.602209; 0.614497
159.25; 185418; 187867; 0.606862; 0.607465; 0.613158; 0.613812; 0.624559
159.5; 183388; 186471; 0.617753; 0.618293; 0.623076; 0.623535; 0.632547
159.75; 183929; 186650; 0.627065; 0.627049; 0.630902; 0.631469; 0.638419
160; 183198; 185834; 0.634121; 0.633817; 0.63666; 0.63704; 0.641883
160.25; 181829; 183620; 0.638973; 0.638215; 0.640258; 0.640035; 0.642863
160.5; 183272; 186195; 0.641117; 0.640415; 0.641379; 0.640508; 0.641244
160.75; 181657; 182010; 0.64081; 0.640036; 0.639625; 0.638808; 0.637095
161; 180997; 185854; 0.638067; 0.637311; 0.63515; 0.635111; 0.630652
161.25; 182589; 182437; 0.632936; 0.632256; 0.628391; 0.629131; 0.62205
161.5; 181438; 184055; 0.625624; 0.624995; 0.619916; 0.620717; 0.611577
161.75; 181207; 184148; 0.616417; 0.615478; 0.60973; 0.610121; 0.599381
162; 182380; 183778; 0.605105; 0.604381; 0.59764; 0.598013; 0.585722
162.25; 181075; 183728; 0.592291; 0.591596; 0.584331; 0.584228; 0.570857
162.5; 182828; 184560; 0.578351; 0.57744; 0.569652; 0.569643; 0.555204
162.75; 182610; 183371; 0.563212; 0.562599; 0.554279; 0.554285; 0.539192
163; 183176; 184696; 0.547414; 0.547349; 0.538783; 0.538436; 0.523253
163.25; 184137; 183697; 0.531169; 0.532118; 0.523535; 0.522398; 0.507773
163.5; 184947; 184371; 0.515921; 0.516254; 0.507643; 0.507807; 0.49309
163.75; 186116; 184297; 0.501247; 0.50092; 0.49266; 0.493806; 0.479506
164; 186908; 184985; 0.48736; 0.48673; 0.479976; 0.479775; 0.467335
164.25; 187476; 185676; 0.47463; 0.473996; 0.468595; 0.467408; 0.456931
164.5; 188556; 185910; 0.463523; 0.462971; 0.458109; 0.457789; 0.448675
164.75; 188287; 186861; 0.454529; 0.453726; 0.450077; 0.449923; 0.442774
165; 189435; 187569; 0.447408; 0.446883; 0.44454; 0.444068; 0.439333
165.25; 189802; 187904; 0.442496; 0.442415; 0.44131; 0.440642; 0.438382
165.5; 189358; 188645; 0.439761; 0.440648; 0.440151; 0.440067; 0.43995
165.75; 190833; 189450; 0.440117; 0.440815; 0.441354; 0.442138; 0.44398
166; 190476; 189302; 0.443158; 0.443345; 0.445404; 0.446377; 0.450524
166.25; 190561; 189190; 0.448162; 0.448819; 0.452263; 0.452598; 0.459316
166.5; 191257; 188974; 0.455641; 0.456465; 0.461614; 0.460772; 0.470186
166.75; 190847; 188741; 0.465134; 0.466162; 0.472128; 0.471561; 0.482698
167; 190705; 188455; 0.47679; 0.477324; 0.484009; 0.484276; 0.496544
167.25; 190553; 188932; 0.48985; 0.490058; 0.497297; 0.498203; 0.511403
167.5; 189980; 189017; 0.504192; 0.50398; 0.511953; 0.512888; 0.527009
167.75; 189754; 188638; 0.519341; 0.51894; 0.527467; 0.528183; 0.543022
168; 188853; 188834; 0.534812; 0.53472; 0.543415; 0.5438; 0.559078
168.25; 187932; 188244; 0.549957; 0.551071; 0.559687; 0.55886; 0.574602
168.5; 187292; 188326; 0.565915; 0.566081; 0.574698; 0.57419; 0.589221
168.75; 186269; 188010; 0.581459; 0.580205; 0.588197; 0.589279; 0.602568
169; 185544; 187555; 0.594215; 0.595099; 0.601831; 0.601853; 0.614426
169.25; 184552; 187311; 0.606891; 0.607439; 0.613945; 0.613005; 0.624524
169.5; 184075; 186598; 0.618701; 0.617411; 0.623459; 0.623231; 0.632583
169.75; 183716; 186143; 0.627164; 0.626946; 0.631407; 0.630992; 0.638445
170; 183251; 185280; 0.633685; 0.634224; 0.637377; 0.636328; 0.641905
170.25; 182678; 184897; 0.638284; 0.638816; 0.640037; 0.640161; 0.642812
170.5; 182409; 184346; 0.64041; 0.641053; 0.640298; 0.641495; 0.641198
170.75; 181960; 184284; 0.640043; 0.640827; 0.639204; 0.639231; 0.637099
171; 181665; 183193; 0.637245; 0.638177; 0.635481; 0.634838; 0.630691
171.25; 181982; 183884; 0.632612; 0.632688; 0.629103; 0.628572; 0.622165
171.5; 181426; 184010; 0.625726; 0.624906; 0.620524; 0.620167; 0.611641
171.75; 181933; 183320; 0.616264; 0.615628; 0.610091; 0.609754; 0.599381
172; 181740; 184202; 0.604756; 0.604754; 0.597977; 0.597664; 0.585679
172.25; 181894; 183845; 0.591678; 0.592311; 0.58442; 0.584192; 0.570855
172.5; 182046; 183947; 0.57748; 0.578407; 0.569605; 0.569766; 0.555246
172.75; 182875; 183855; 0.562565; 0.563377; 0.554073; 0.554647; 0.539299
173; 183274; 184449; 0.547391; 0.547441; 0.538157; 0.539173; 0.523356
173.25; 184639; 184029; 0.532172; 0.531181; 0.522649; 0.523355; 0.50782
173.5; 184228; 184353; 0.516308; 0.51593; 0.508175; 0.507321; 0.493092
173.75; 186534; 183784; 0.500737; 0.50152; 0.493665; 0.492858; 0.479483
174; 186730; 185817; 0.486989; 0.487209; 0.480028; 0.479802; 0.46734
174.25; 187103; 185314; 0.474879; 0.473902; 0.467593; 0.468563; 0.45703
174.5; 189234; 185720; 0.463264; 0.463343; 0.457614; 0.458425; 0.448777
174.75; 188282; 187534; 0.453554; 0.454712; 0.450035; 0.449995; 0.442831
175; 189152; 186880; 0.447056; 0.447191; 0.44455; 0.444014; 0.439294
175.25; 189751; 188612; 0.442887; 0.441985; 0.441237; 0.440672; 0.438345
175.5; 189396; 188344; 0.440513; 0.439874; 0.440283; 0.439894; 0.439906
175.75; 190474; 189573; 0.440604; 0.440309; 0.442157; 0.441288; 0.443923
176; 190357; 189930; 0.443465; 0.443014; 0.446214; 0.445537; 0.45049
176.25; 190742; 188343; 0.448752; 0.448181; 0.45224; 0.452576; 0.459301
176.5; 190852; 189405; 0.456261; 0.455746; 0.460666; 0.461601; 0.47012
176.75; 190607; 189215; 0.465472; 0.465715; 0.471525; 0.472019; 0.482588
177; 190869; 188322; 0.476447; 0.477559; 0.483961; 0.484177; 0.496446
177.25; 190102; 189119; 0.4896; 0.490147; 0.49755; 0.497787; 0.511309
177.5; 189885; 188857; 0.503975; 0.504063; 0.512233; 0.512507; 0.526972
177.75; 189834; 188843; 0.519101; 0.519002; 0.527758; 0.527755; 0.542997
178; 188544; 188717; 0.534837; 0.534479; 0.543653; 0.543349; 0.558972
178.25; 187890; 188576; 0.550826; 0.549991; 0.559606; 0.558721; 0.574474
178.5; 187325; 188214; 0.566061; 0.565763; 0.574651; 0.574045; 0.589092
178.75; 185416; 188363; 0.580316; 0.58121; 0.588335; 0.589009; 0.602528
179; 185658; 187463; 0.594133; 0.595034; 0.601271; 0.602293; 0.614386
179.25; 184700; 187957; 0.607327; 0.606806; 0.613801; 0.612993; 0.624466
179.5; 184254; 186489; 0.61839; 0.617509; 0.623608; 0.622908; 0.632527
179.75; 183855; 186481; 0.62682; 0.627204; 0.630697; 0.631633; 0.638432
180; 182459; 185572; 0.633566; 0.63434; 0.636775; 0.636898; 0.641892
180.25; 183179; 184822; 0.638418; 0.638722; 0.640465; 0.63977; 0.642825
180.5; 181769; 184892; 0.640757; 0.64078; 0.641352; 0.640533; 0.641243
180.75; 182291; 183753; 0.640594; 0.640311; 0.639228; 0.639258; 0.637123
181; 181439; 184095; 0.637983; 0.637392; 0.63475; 0.63554; 0.630694
181.25; 181823; 183923; 0.6329; 0.632314; 0.628493; 0.629117; 0.622146
181.5; 181566; 184119; 0.625704; 0.624994; 0.620376; 0.620375; 0.611667
181.75; 181287; 183796; 0.61656; 0.615521; 0.610416; 0.60961; 0.599461
182; 181567; 184225; 0.605288; 0.604461; 0.598569; 0.597305; 0.585775
182.25; 182229; 184014; 0.592606; 0.59162; 0.584604; 0.584248; 0.570968
182.5; 181713; 184012; 0.578274; 0.577837; 0.569374; 0.570233; 0.555366
182.75; 182480; 184233; 0.563076; 0.563035; 0.554104; 0.554789; 0.539389
183; 183205; 184465; 0.547592; 0.547393; 0.538974; 0.538502; 0.523419
183.25; 184138; 184147; 0.532383; 0.531124; 0.523684; 0.522459; 0.507838
183.5; 185131; 184654; 0.516446; 0.516001; 0.507893; 0.507788; 0.493178
183.75; 185276; 184522; 0.500743; 0.501765; 0.492913; 0.493838; 0.479611
184; 186362; 185303; 0.48692; 0.487479; 0.479616; 0.480432; 0.467469
184.25; 187714; 185536; 0.474042; 0.474798; 0.467674; 0.468547; 0.457077
184.5; 188272; 186546; 0.463064; 0.463654; 0.457974; 0.458169; 0.448821
184.75; 187817; 187061; 0.453915; 0.454497; 0.450151; 0.44999; 0.442841
185; 189906; 187250; 0.446852; 0.447543; 0.444573; 0.444105; 0.439341
185.25; 189154; 188484; 0.442338; 0.442667; 0.441326; 0.440659; 0.43834
185.5; 189387; 189109; 0.440422; 0.440059; 0.440413; 0.439824; 0.439898
185.75; 190247; 188819; 0.440815; 0.44005; 0.441955; 0.441455; 0.443926
186; 190019; 190139; 0.443214; 0.443157; 0.445982; 0.445665; 0.450442
186.25; 190808; 189459; 0.448156; 0.448715; 0.452588; 0.452127; 0.459227
186.5; 190453; 189301; 0.455551; 0.456379; 0.461213; 0.460948; 0.470029
186.75; 190371; 189286; 0.4656; 0.465453; 0.471941; 0.471481; 0.482528
187; 190602; 188001; 0.477323; 0.476451; 0.48419; 0.483723; 0.496317
187.25; 190220; 190363; 0.490247; 0.4893; 0.49763; 0.497498; 0.511191
187.5; 189728; 188303; 0.504443; 0.503376; 0.512083; 0.512423; 0.52685
187.75; 189250; 188990; 0.519345; 0.518617; 0.527308; 0.528037; 0.542884
188; 188705; 189111; 0.534728; 0.534435; 0.543256; 0.543569; 0.558863
188.25; 187665; 188799; 0.549872; 0.550758; 0.559149; 0.558996; 0.574401
188.5; 186891; 188633; 0.565564; 0.566016; 0.574482; 0.57401; 0.589041
188.75; 186283; 187902; 0.581066; 0.580208; 0.588919; 0.588199; 0.60241
189; 184802; 188379; 0.594911; 0.594048; 0.601892; 0.601467; 0.614269
189.25; 184823; 186861; 0.606915; 0.607121; 0.613131; 0.613516; 0.624356
189.5; 183330; 187667; 0.617411; 0.618517; 0.622826; 0.623681; 0.632529
189.75; 183328; 186292; 0.626832; 0.627161; 0.630742; 0.631574; 0.638449
190; 183532; 185728; 0.634276; 0.633573; 0.636639; 0.637043; 0.64194
190.25; 181837; 185028; 0.638845; 0.638185; 0.639895; 0.640298; 0.642862
190.5; 182403; 184343; 0.640772; 0.640617; 0.64068; 0.641095; 0.641222
190.75; 181853; 184266; 0.640252; 0.640614; 0.638974; 0.639472; 0.637101
191; 181562; 184166; 0.637279; 0.638248; 0.634946; 0.635455; 0.630724
191.25; 181600; 183814; 0.63246; 0.633015; 0.628753; 0.629082; 0.622233
191.5; 181006; 184475; 0.625596; 0.625293; 0.620319; 0.620631; 0.611785
191.75; 181374; 184288; 0.61656; 0.615624; 0.610019; 0.610161; 0.599573
192; 181831; 183431; 0.605073; 0.604715; 0.598091; 0.597874; 0.585892
192.25; 182009; 184794; 0.592011; 0.592241; 0.584478; 0.584427; 0.571022
192.5; 181083; 183830; 0.5777; 0.578548; 0.569712; 0.570002; 0.555396
192.75; 183212; 184863; 0.56281; 0.563521; 0.554172; 0.554905; 0.539441
193; 183186; 183652; 0.54725; 0.548021; 0.538431; 0.539302; 0.523527
193.25; 183257; 184835; 0.531362; 0.532377; 0.522726; 0.523669; 0.508048
193.5; 185144; 184336; 0.516289; 0.516266; 0.507706; 0.508101; 0.49325
193.75; 185559; 184309; 0.501747; 0.500823; 0.493451; 0.493388; 0.479644
194; 186779; 185849; 0.48756; 0.48692; 0.479897; 0.480223; 0.467486
194.25; 187519; 185254; 0.474822; 0.474195; 0.467986; 0.468384; 0.457113
194.5; 187363; 186971; 0.463829; 0.463036; 0.458434; 0.457817; 0.448831
194.75; 188437; 186484; 0.454372; 0.454175; 0.450553; 0.449707; 0.442873
195; 189414; 188066; 0.447192; 0.447219; 0.444188; 0.444489; 0.439318
195.25; 188774; 188098; 0.442471; 0.442444; 0.440501; 0.441383; 0.438303
195.5; 190022; 189709; 0.440234; 0.440156; 0.439883; 0.440261; 0.439852
195.75; 190012; 188779; 0.440538; 0.440337; 0.441779; 0.441633; 0.443924
196; 190399; 189967; 0.443236; 0.443169; 0.445918; 0.445741; 0.450421
196.25; 190089; 188944; 0.448208; 0.448634; 0.452301; 0.452389; 0.459214
196.5; 191037; 189968; 0.45563; 0.456234; 0.460627; 0.461464; 0.469999
196.75; 190711; 188642; 0.465089; 0.46584; 0.47121; 0.472045; 0.482422
197; 189569; 189078; 0.476289; 0.477351; 0.4838; 0.483961; 0.49625
197.25; 190657; 189867; 0.489551; 0.48986; 0.497532; 0.497471; 0.511141
197.5; 189497; 188374; 0.503852; 0.503862; 0.512158; 0.512265; 0.526827
197.75; 189357; 188796; 0.518888; 0.518977; 0.527401; 0.527867; 0.542856
198; 188456; 189171; 0.534299; 0.534731; 0.542995; 0.543706; 0.558818
198.25; 187599; 188815; 0.549695; 0.550826; 0.558572; 0.55943; 0.574317
198.5; 186611; 188715; 0.565339; 0.566148; 0.573711; 0.574628; 0.588928
198.75; 186236; 188514; 0.580238; 0.580916; 0.588196; 0.58878; 0.602338
199; 185212; 188003; 0.59394; 0.594878; 0.601124; 0.602101; 0.614229
199.25; 184270; 187539; 0.606478; 0.607438; 0.612853; 0.613735; 0.624396
199.5; 183751; 187431; 0.617673; 0.618118; 0.622986; 0.62344; 0.632521
199.75; 183277; 186012; 0.626873; 0.626969; 0.630968; 0.63121; 0.638386
200; 182878; 185864; 0.633997; 0.633638; 0.636739; 0.636729; 0.641833
200.25; 182657; 185172; 0.638815; 0.638105; 0.640247; 0.639831; 0.642789
200.5; 181916; 184984; 0.64103; 0.640322; 0.641308; 0.640461; 0.641241
200.75; 182113; 184029; 0.6407; 0.640142; 0.639522; 0.638967; 0.637187
201; 181512; 184472; 0.637897; 0.637639; 0.635158; 0.635329; 0.630826
201.25; 181174; 184158; 0.632593; 0.632914; 0.628407; 0.629486; 0.622295
201.5; 181193; 183747; 0.624963; 0.626004; 0.620163; 0.620835; 0.611782
201.75; 181712; 184508; 0.615835; 0.616456; 0.610315; 0.609917; 0.599574
202; 180761; 184154; 0.605106; 0.604776; 0.598523; 0.597513; 0.585891
202.25; 182080; 184320; 0.592694; 0.59169; 0.584595; 0.584476; 0.571125
202.5; 182067; 184188; 0.578564; 0.577831; 0.569994; 0.569947; 0.555571
202.75; 182091; 184035; 0.56357; 0.56292; 0.554897; 0.554387; 0.539576
203; 183404; 184203; 0.548078; 0.547325; 0.539297; 0.538589; 0.52361
203.25; 183597; 184962; 0.532148; 0.531715; 0.523649; 0.522817; 0.507998
203.5; 184429; 184634; 0.516166; 0.51656; 0.50791; 0.50801; 0.493265
203.75; 185847; 185342; 0.500808; 0.501906; 0.492887; 0.494041; 0.479667
204; 186453; 184964; 0.487007; 0.48762; 0.479997; 0.480269; 0.467575
204.25; 187052; 185793; 0.474244; 0.474915; 0.468579; 0.467968; 0.457235
204.5; 188035; 186503; 0.46317; 0.463809; 0.458653; 0.457738; 0.448932
204.75; 188747; 187036; 0.454129; 0.454486; 0.450459; 0.449872; 0.442903
205; 188395; 187595; 0.447595; 0.446845; 0.444637; 0.444043; 0.439298
205.25; 189286; 189082; 0.442975; 0.442011; 0.441382; 0.440549; 0.43828
205.5; 189483; 188536; 0.44041; 0.439952; 0.440517; 0.439576; 0.439795
205.75; 190384; 190155; 0.440682; 0.440164; 0.441959; 0.441434; 0.443922
206; 189604; 189064; 0.443715; 0.442682; 0.446078; 0.445585; 0.450432
206.25; 190381; 189968; 0.448833; 0.447976; 0.452758; 0.451874; 0.45915
206.5; 190637; 189518; 0.455803; 0.455944; 0.461416; 0.460515; 0.469869
206.75; 190171; 189552; 0.464985; 0.465876; 0.471639; 0.471518; 0.48234
207; 190410; 188917; 0.476836; 0.476693; 0.483559; 0.484082; 0.496167
207.25; 190234; 189300; 0.490039; 0.489193; 0.497343; 0.497489; 0.511058
207.5; 189142; 189207; 0.504175; 0.503304; 0.512332; 0.511865; 0.526719
207.75; 189777; 188792; 0.519078; 0.518622; 0.527882; 0.527223; 0.54278
208; 188566; 188868; 0.534559; 0.534337; 0.543567; 0.542991; 0.558726
208.25; 187425; 189124; 0.550194; 0.550179; 0.558922; 0.558927; 0.574214
208.5; 187084; 188384; 0.565204; 0.56617; 0.573514; 0.574718; 0.588883
208.75; 185460; 189178; 0.580109; 0.580956; 0.588313; 0.588591; 0.602314
209; 185145; 187064; 0.59467; 0.594059; 0.602109; 0.601069; 0.614217
209.25; 184965; 188400; 0.607484; 0.606345; 0.613673; 0.612852; 0.624359
209.5; 183235; 186799; 0.617414; 0.618287; 0.623061; 0.623266; 0.632464
209.75; 182876; 186158; 0.626579; 0.627221; 0.630537; 0.631573; 0.638333
210; 183449; 186394; 0.634263; 0.6334; 0.636543; 0.63692; 0.641807
210.25; 181636; 184743; 0.638633; 0.63826; 0.640073; 0.639987; 0.642792
210.5; 182374; 184900; 0.640239; 0.641096; 0.641065; 0.640731; 0.641298
210.75; 182418; 184066; 0.640262; 0.640617; 0.639747; 0.638845; 0.637295
211; 181314; 184170; 0.638141; 0.637443; 0.635356; 0.635187; 0.630863
211.25; 181212; 184368; 0.633168; 0.632405; 0.628609; 0.629308; 0.62226
211.5; 181134; 184189; 0.625602; 0.625457; 0.620364; 0.620687; 0.611763
211.75; 181088; 183960; 0.616056; 0.616292; 0.610451; 0.60984; 0.599582
212; 181708; 184746; 0.605041; 0.60492; 0.598551; 0.597626; 0.58602
212.25; 181789; 183919; 0.592249; 0.592241; 0.584906; 0.584327; 0.571263
212.5; 182218; 184328; 0.578091; 0.578351; 0.570167; 0.569854; 0.555643
212.75; 181894; 184713; 0.563483; 0.56306; 0.555043; 0.55426; 0.539558
213; 182855; 184130; 0.548056; 0.547477; 0.539439; 0.538507; 0.523582
213.25; 184153; 184756; 0.532204; 0.531879; 0.523596; 0.52306; 0.508073
213.5; 184310; 184508; 0.516546; 0.516323; 0.508017; 0.508074; 0.493368
213.75; 185644; 184616; 0.501135; 0.501682; 0.493051; 0.494052; 0.47981
214; 186260; 185099; 0.486938; 0.487781; 0.47994; 0.48047; 0.467691
214.25; 187342; 185535; 0.474412; 0.474828; 0.468616; 0.467998; 0.457262
214.5; 188135; 186929; 0.463633; 0.46339; 0.458612; 0.457757; 0.448847
214.75; 187756; 187445; 0.454805; 0.453808; 0.449977; 0.450268; 0.442793
215; 189305; 187460; 0.447321; 0.447238; 0.443981; 0.444786; 0.439314
215.25; 189120; 188576; 0.442251; 0.44274; 0.440855; 0.441098; 0.438318
215.5; 189295; 188984; 0.439702; 0.440657; 0.440126; 0.440017; 0.439889
215.75; 190692; 189865; 0.440422; 0.440466; 0.441855; 0.441593; 0.443969
216; 189433; 189223; 0.443684; 0.442657; 0.445839; 0.445731; 0.450352
216.25; 190590; 189906; 0.448627; 0.448082; 0.452371; 0.452102; 0.459026
216.5; 190754; 189364; 0.455447; 0.456244; 0.46129; 0.460551; 0.469789
216.75; 189738; 189341; 0.464991; 0.46578; 0.471593; 0.471495; 0.482327
217; 191030; 188620; 0.476577; 0.476812; 0.483349; 0.484201; 0.496172
217.25; 189668; 189833; 0.489756; 0.489415; 0.497157; 0.497648; 0.511084
217.5; 190425; 188429; 0.504168; 0.503301; 0.512081; 0.512102; 0.526702
217.75; 188832; 189298; 0.519164; 0.518414; 0.527583; 0.527372; 0.542679
218; 188566; 188417; 0.5346; 0.534201; 0.543289; 0.543129; 0.558608
218.25; 187856; 189263; 0.549953; 0.550345; 0.558673; 0.559085; 0.574169
218.5; 186810; 188396; 0.565185; 0.566085; 0.573716; 0.574451; 0.588872
218.75; 185882; 188399; 0.58015; 0.580843; 0.588023; 0.588866; 0.602366
219; 185523; 188061; 0.594077; 0.594603; 0.601418; 0.601737; 0.614242
219.25; 184145; 187544; 0.606913; 0.606832; 0.613543; 0.6129; 0.624328
219.5; 184205; 186256; 0.618227; 0.617449; 0.623562; 0.622742; 0.632442
219.75; 182569; 186909; 0.627314; 0.626508; 0.631455; 0.630658; 0.638297
220; 183071; 185798; 0.634069; 0.633628; 0.637022; 0.636467; 0.641805
220.25; 182591; 185196; 0.638336; 0.638596; 0.639969; 0.640127; 0.64282
220.5; 182226; 184641; 0.640363; 0.64103; 0.64065; 0.641191; 0.641316
220.75; 181936; 183827; 0.640135; 0.64083; 0.638897; 0.639739; 0.637293
221; 182026; 184235; 0.637479; 0.63816; 0.634855; 0.63573; 0.630877
221.25; 181170; 183965; 0.632438; 0.633104; 0.628736; 0.629168; 0.622266
221.5; 181411; 184712; 0.625393; 0.625617; 0.620675; 0.620354; 0.611779
221.75; 181478; 183700; 0.616295; 0.61608; 0.61065; 0.609676; 0.599609
222; 181240; 184099; 0.605096; 0.604939; 0.598469; 0.597761; 0.586026
222.25; 181750; 184211; 0.592293; 0.59227; 0.585019; 0.58427; 0.571282
222.5; 181851; 183556; 0.578236; 0.578298; 0.570195; 0.569885; 0.555639
222.75; 182409; 184982; 0.563135; 0.563523; 0.554688; 0.554749; 0.539646
223; 183438; 183861; 0.547538; 0.54797; 0.538941; 0.539007; 0.523606
223.25; 183708; 184903; 0.532221; 0.531768; 0.523669; 0.522916; 0.508056
223.5; 184726; 184229; 0.517002; 0.51585; 0.508529; 0.507551; 0.493343
223.75; 185983; 184923; 0.501194; 0.501679; 0.493641; 0.493499; 0.479811
224; 186424; 185309; 0.486943; 0.487824; 0.479958; 0.480457; 0.467657
224.25; 187124; 185275; 0.474971; 0.474334; 0.467864; 0.468804; 0.457279
224.5; 188530; 186184; 0.463785; 0.463316; 0.457791; 0.458681; 0.448931
224.75; 187977; 187525; 0.453785; 0.454857; 0.45; 0.450302; 0.442867
225; 188976; 187483; 0.447186; 0.447342; 0.444232; 0.444508; 0.439296
225.25; 189345; 188321; 0.443027; 0.442016; 0.440882; 0.441103; 0.438309
225.5; 189447; 188893; 0.440281; 0.440149; 0.439999; 0.440167; 0.439864
225.75; 190030; 190007; 0.439981; 0.440893; 0.441549; 0.441833; 0.443889
226; 190446; 189271; 0.443007; 0.443378; 0.445403; 0.446205; 0.450372
226.25; 190108; 189481; 0.448571; 0.448108; 0.451804; 0.452693; 0.459085
226.5; 191019; 189190; 0.456318; 0.455291; 0.460867; 0.46094; 0.469822
226.75; 190283; 189341; 0.465693; 0.465041; 0.471794; 0.47124; 0.482276
227; 190245; 188957; 0.476689; 0.476746; 0.483945; 0.483594; 0.496109
227.25; 190405; 189316; 0.48924; 0.489961; 0.497165; 0.497604; 0.511007
227.5; 189600; 188721; 0.503314; 0.504156; 0.511602; 0.512541; 0.526668
227.75; 189233; 189325; 0.518443; 0.51906; 0.527052; 0.527831; 0.542657
228; 188587; 188819; 0.534156; 0.534497; 0.54293; 0.543386; 0.558616
228.25; 187514; 188690; 0.550176; 0.549976; 0.558834; 0.558835; 0.574155
228.5; 187144; 188696; 0.566027; 0.565092; 0.574361; 0.573676; 0.588807
228.75; 185768; 188152; 0.580695; 0.580171; 0.588905; 0.587827; 0.602237
229; 185172; 188068; 0.594087; 0.594528; 0.601924; 0.601129; 0.614148
229.25; 184456; 187569; 0.606353; 0.607342; 0.613576; 0.612794; 0.624277
229.5; 183696; 186927; 0.617851; 0.617716; 0.623305; 0.622877; 0.632373
229.75; 183480; 186737; 0.62733; 0.626308; 0.63097; 0.630993; 0.63825
230; 182639; 185577; 0.633882; 0.633656; 0.636462; 0.636918; 0.641805
230.25; 182592; 185174; 0.637924; 0.638976; 0.639695; 0.640394; 0.642849
230.5; 182189; 184626; 0.640484; 0.640937; 0.640522; 0.641329; 0.641301
230.75; 181651; 184248; 0.640797; 0.64019; 0.639102; 0.639542; 0.637271
231; 181581; 184258; 0.638303; 0.637341; 0.635457; 0.635129; 0.63086
231.25; 181783; 184162; 0.632894; 0.632673; 0.629436; 0.628508; 0.622288
231.5; 180870; 184208; 0.625317; 0.625699; 0.620781; 0.620283; 0.611822
231.75; 181251; 183992; 0.6158; 0.616593; 0.609846; 0.610542; 0.599698
232; 181574; 184357; 0.604549; 0.605594; 0.597667; 0.5987; 0.586151
232.25; 181691; 184177; 0.591865; 0.592881; 0.584714; 0.584761; 0.571387
232.5; 182003; 184221; 0.57787; 0.578854; 0.5705; 0.569786; 0.555764
232.75; 182699; 183966; 0.563037; 0.563766; 0.555197; 0.554388; 0.539725
233; 182819; 184788; 0.54765; 0.548017; 0.53923; 0.538886; 0.523701
233.25; 183616; 184232; 0.532606; 0.53155; 0.523262; 0.523485; 0.508135
233.5; 184966; 184894; 0.51663; 0.516428; 0.507583; 0.508696; 0.493468
233.75; 185566; 184576; 0.50093; 0.502141; 0.493479; 0.493845; 0.479901
234; 185944; 185212; 0.487583; 0.487369; 0.480563; 0.480042; 0.467742
234.25; 187808; 185919; 0.475262; 0.474157; 0.468822; 0.467948; 0.457287
234.5; 188014; 185986; 0.463486; 0.463695; 0.458667; 0.457875; 0.448971
234.75; 188023; 187627; 0.453967; 0.454761; 0.450478; 0.449896; 0.442869
235; 188831; 187786; 0.447005; 0.447521; 0.444648; 0.44408; 0.439294
235.25; 189437; 188803; 0.442155; 0.442905; 0.440826; 0.44116; 0.438297
235.5; 189360; 188495; 0.439945; 0.440539; 0.439553; 0.44066; 0.439893
235.75; 190349; 189840; 0.440475; 0.440415; 0.441653; 0.441764; 0.443916
236; 189429; 189615; 0.443176; 0.443125; 0.445968; 0.445588; 0.450369
236.25; 191078; 189286; 0.448217; 0.448408; 0.452583; 0.451841; 0.459033
236.5; 189811; 189641; 0.455675; 0.455852; 0.461339; 0.460344; 0.469704
236.75; 190946; 189151; 0.465272; 0.465339; 0.471636; 0.471254; 0.482185
237; 190574; 188572; 0.476678; 0.476626; 0.483793; 0.483616; 0.496048
237.25; 189379; 189773; 0.489914; 0.489196; 0.49767; 0.497032; 0.510987
237.5; 190339; 188436; 0.504141; 0.503202; 0.512525; 0.511515; 0.52661
237.75; 189285; 189533; 0.518879; 0.518473; 0.527603; 0.527141; 0.542583
238; 188309; 189117; 0.534362; 0.53415; 0.543207; 0.542953; 0.558511
238.25; 187698; 188499; 0.550407; 0.549598; 0.559195; 0.558301; 0.574039
238.5; 187174; 188879; 0.56584; 0.56522; 0.574227; 0.573707; 0.588726
238.75; 185796; 188192; 0.580183; 0.580634; 0.587968; 0.588726; 0.602241
239; 184752; 188383; 0.593738; 0.594833; 0.600982; 0.602066; 0.614209
239.25; 184665; 186740; 0.606599; 0.606978; 0.613061; 0.613224; 0.624266
239.5; 183654; 187844; 0.61779; 0.617633; 0.623209; 0.622855; 0.632345
239.75; 182992; 186103; 0.626831; 0.626771; 0.631112; 0.630812; 0.638237
240; 183383; 186255; 0.634061; 0.633483; 0.637119; 0.636258; 0.641779
240.25; 182837; 184470; 0.638912; 0.638038; 0.64039; 0.639752; 0.642844
240.5; 181754; 184737; 0.640804; 0.640631; 0.640824; 0.641079; 0.641359
240.75; 182160; 184070; 0.640352; 0.640639; 0.639001; 0.63969; 0.637332
241; 181276; 184143; 0.637324; 0.638351; 0.634966; 0.635664; 0.630918
241.25; 181599; 184265; 0.632489; 0.633146; 0.628609; 0.629412; 0.622357
241.5; 181175; 184157; 0.625225; 0.62589; 0.620048; 0.62111; 0.611875
241.75; 181420; 183809; 0.615756; 0.616789; 0.610024; 0.610506; 0.599766
242; 181017; 184709; 0.60503; 0.605318; 0.597936; 0.598619; 0.586202
242.25; 181355; 183396; 0.592504; 0.59234; 0.584303; 0.585273; 0.571438
242.5; 182015; 184470; 0.57872; 0.578055; 0.569985; 0.570337; 0.555765
242.75; 182500; 184502; 0.563825; 0.563004; 0.554739; 0.554856; 0.53971
243; 183346; 184298; 0.548269; 0.547506; 0.539115; 0.539103; 0.523742
243.25; 184169; 184330; 0.532569; 0.531667; 0.523979; 0.522866; 0.50818
243.5; 184233; 184817; 0.517063; 0.516087; 0.5086; 0.507772; 0.49349
243.75; 185682; 184671; 0.502017; 0.50113; 0.49378; 0.493609; 0.479907
244; 186752; 185406; 0.487765; 0.487251; 0.479913; 0.480727; 0.467741
244.25; 186774; 185987; 0.474409; 0.475115; 0.468155; 0.468698; 0.457348
244.5; 187812; 186821; 0.463183; 0.464017; 0.45836; 0.458173; 0.448936
244.75; 188886; 186592; 0.454601; 0.454098; 0.450537; 0.449815; 0.44287
245; 188463; 188013; 0.447728; 0.446858; 0.444436; 0.444357; 0.439323
245.25; 189567; 188109; 0.442757; 0.442289; 0.440821; 0.441182; 0.438332
245.5; 189668; 189185; 0.440367; 0.440056; 0.439667; 0.440489; 0.439856
245.75; 189556; 189676; 0.440448; 0.440477; 0.4413; 0.442127; 0.443906
246; 190572; 188882; 0.442916; 0.443393; 0.445626; 0.445864; 0.450289
246.25; 189834; 190226; 0.447861; 0.448719; 0.452369; 0.451953; 0.458945
246.5; 190636; 189406; 0.455263; 0.45616; 0.461145; 0.460413; 0.469651
246.75; 190749; 189467; 0.46476; 0.465706; 0.471684; 0.471077; 0.482136
247; 190199; 188850; 0.476147; 0.477015; 0.484089; 0.483217; 0.496028
247.25; 190266; 189265; 0.48895; 0.490019; 0.497555; 0.497022; 0.510952
247.5; 189521; 188680; 0.503178; 0.504018; 0.51204; 0.511835; 0.526536
247.75; 188992; 189689; 0.518121; 0.519181; 0.527478; 0.527168; 0.542511
248; 188506; 188622; 0.533983; 0.534438; 0.543248; 0.542792; 0.558433
248.25; 187658; 189639; 0.550451; 0.549397; 0.559126; 0.558185; 0.573914
248.5; 186894; 188027; 0.565773; 0.565081; 0.574326; 0.573425; 0.588643
248.75; 185798; 189077; 0.57977; 0.580859; 0.588625; 0.587906; 0.602183
249; 185020; 187482; 0.593953; 0.594441; 0.601527; 0.601348; 0.614103
249.25; 184409; 188162; 0.607382; 0.606126; 0.612959; 0.613231; 0.624184
249.5; 183576; 187200; 0.617859; 0.617538; 0.622741; 0.623279; 0.632312
249.75; 182996; 186313; 0.626137; 0.627366; 0.630546; 0.631298; 0.638236
250; 183032; 185755; 0.633757; 0.633631; 0.636411; 0.636844; 0.641748
