0.005; 15348.3; 7853; 5.0393e-05; 5.02633e-05; 5.04112e-05; 5.02203e-05; 4.96067e-05
0.25; 67485.2; 81674.3; 0.0359882; 0.0343195; 0.0359011; 0.034233; 0.0347477
0.5; 81298.1; 80817.4; 0.189411; 0.190426; 0.188981; 0.189927; 0.188688
0.75; 78044.5; 79984.6; 0.387351; 0.388104; 0.386034; 0.386694; 0.383972
1; 86764.6; 88204.8; 0.574365; 0.573947; 0.572056; 0.571166; 0.567154
1.25; 95369.6; 94424.5; 0.691152; 0.692394; 0.686621; 0.687882; 0.679413
1.5; 111705; 129733; 0.711353; 0.711199; 0.704205; 0.704126; 0.691687
1.75; 132307; 130754; 0.644379; 0.644931; 0.634819; 0.63528; 0.618206
2; 155327; 156357; 0.560921; 0.561962; 0.550047; 0.551142; 0.531518
2.25; 164305; 163827; 0.548959; 0.550587; 0.538208; 0.539934; 0.520559
2.5; 141038; 139680; 0.584773; 0.583882; 0.57405; 0.573102; 0.554641
2.75; 128846; 127477; 0.587679; 0.588341; 0.576662; 0.577227; 0.557645
3; 126341; 131208; 0.544416; 0.543003; 0.533426; 0.532097; 0.513524
3.25; 135143; 130812; 0.481934; 0.481852; 0.472141; 0.471789; 0.454558
3.5; 132430; 125165; 0.468662; 0.469253; 0.460875; 0.461385; 0.447503
3.75; 112111; 117006; 0.492168; 0.490619; 0.485904; 0.48459; 0.474415
4; 112634; 115607; 0.492088; 0.493055; 0.488285; 0.487567; 0.479862
4.25; 119005; 119414; 0.464053; 0.46435; 0.460628; 0.461915; 0.45616
4.5; 142327; 144480; 0.43183; 0.43039; 0.431399; 0.429899; 0.429812
4.75; 140384; 143176; 0.444437; 0.444635; 0.446249; 0.447631; 0.451159
5; 118258; 116554; 0.47281; 0.472786; 0.477721; 0.476371; 0.484463
5.25; 101912; 104950; 0.481862; 0.482029; 0.487108; 0.488357; 0.49792
5.5; 106159; 107985; 0.472122; 0.472126; 0.478874; 0.480133; 0.492405
5.75; 133495; 134485; 0.470699; 0.469822; 0.479881; 0.479313; 0.495907
6; 128024; 126674; 0.504746; 0.504682; 0.515273; 0.515107; 0.533468
6.25; 118809; 118814; 0.535748; 0.535833; 0.546266; 0.547246; 0.566
6.5; 115286; 115672; 0.549218; 0.549999; 0.561149; 0.560454; 0.580408
6.75; 125053; 124800; 0.551502; 0.551499; 0.562808; 0.562672; 0.582445
7; 150668; 138468; 0.564281; 0.563009; 0.573049; 0.574337; 0.591275
7.25; 125784; 135995; 0.595169; 0.594887; 0.603774; 0.602686; 0.617562
7.5; 121271; 122860; 0.620126; 0.620849; 0.62753; 0.628164; 0.64074
7.75; 124716; 122165; 0.630888; 0.631826; 0.637979; 0.638745; 0.650663
8; 132544; 130766; 0.630289; 0.630422; 0.636975; 0.635771; 0.646862
8.25; 149710; 138872; 0.628069; 0.627015; 0.631382; 0.631081; 0.637664
8.5; 143954; 141576; 0.633175; 0.632962; 0.632964; 0.632912; 0.632689
8.75; 134400; 142360; 0.642494; 0.643593; 0.639703; 0.63885; 0.632711
9; 128447; 135964; 0.646953; 0.64702; 0.6411; 0.641389; 0.63119
9.25; 132233; 131192; 0.639065; 0.637961; 0.632007; 0.632483; 0.621276
9.5; 139611; 135992; 0.619478; 0.618573; 0.613227; 0.611757; 0.600992
9.75; 147955; 142162; 0.596211; 0.596649; 0.588122; 0.589388; 0.575368
10; 151435; 147538; 0.577819; 0.578809; 0.568952; 0.568188; 0.551523
10.25; 147146; 148225; 0.566278; 0.566282; 0.554179; 0.554525; 0.533489
10.5; 139185; 145290; 0.55515; 0.555606; 0.542136; 0.542644; 0.519667
10.75; 137912; 142157; 0.539482; 0.538988; 0.527552; 0.526289; 0.505331
11; 144779; 142958; 0.516017; 0.515773; 0.505029; 0.505969; 0.487311
11.25; 154926; 148691; 0.489479; 0.490632; 0.481484; 0.4818; 0.466931
11.5; 162694; 152175; 0.470119; 0.469584; 0.462926; 0.461687; 0.449077
11.75; 158053; 160082; 0.460247; 0.45934; 0.451818; 0.45253; 0.438838
12; 150840; 156570; 0.455311; 0.455677; 0.448865; 0.449458; 0.438078
12.25; 150208; 154292; 0.450906; 0.452031; 0.448459; 0.447546; 0.441943
12.5; 156215; 153739; 0.445066; 0.445565; 0.445477; 0.445753; 0.446154
12.75; 173430; 155657; 0.439714; 0.439801; 0.442789; 0.443807; 0.449512
13; 166471; 164625; 0.442587; 0.442941; 0.446885; 0.446725; 0.453875
13.25; 162373; 172702; 0.453175; 0.453625; 0.45824; 0.457209; 0.46527
13.5; 159625; 164422; 0.46851; 0.467478; 0.474767; 0.474084; 0.485662
13.75; 161620; 162168; 0.48246; 0.482765; 0.49237; 0.491728; 0.508567
14; 167871; 161557; 0.495908; 0.497113; 0.508347; 0.508632; 0.529462
14.25; 172149; 163721; 0.511263; 0.511881; 0.523906; 0.524964; 0.546982
14.5; 173701; 167388; 0.529357; 0.530393; 0.542402; 0.541418; 0.562952
14.75; 167045; 171120; 0.551633; 0.550797; 0.561726; 0.561648; 0.580014
15; 163196; 172732; 0.573491; 0.572923; 0.58196; 0.582952; 0.598647
15.25; 163284; 167955; 0.592109; 0.593263; 0.602133; 0.600935; 0.617018
15.5; 166654; 165549; 0.607893; 0.607813; 0.616339; 0.616828; 0.631862
15.75; 170346; 164897; 0.619287; 0.618777; 0.626519; 0.627341; 0.640769
16; 172833; 167710; 0.627598; 0.627844; 0.634084; 0.632869; 0.643533
16.25; 171192; 170344; 0.634714; 0.6354; 0.637625; 0.637644; 0.642156
16.5; 166214; 173459; 0.640465; 0.640704; 0.639429; 0.640385; 0.638728
16.75; 163202; 172032; 0.642259; 0.642598; 0.638893; 0.639707; 0.633808
17; 165343; 169128; 0.63841; 0.639154; 0.634045; 0.634421; 0.626289
17.25; 169069; 168461; 0.629383; 0.629419; 0.624123; 0.623718; 0.614341
17.5; 172417; 168722; 0.616366; 0.615733; 0.609643; 0.609016; 0.59757
17.75; 174945; 172883; 0.601293; 0.600908; 0.592414; 0.592656; 0.577534
18; 173408; 174575; 0.585918; 0.585717; 0.574766; 0.575639; 0.556624
18.25; 169195; 176683; 0.569782; 0.569802; 0.557352; 0.558126; 0.536652
18.5; 168619; 175910; 0.551494; 0.552151; 0.539275; 0.539744; 0.517968
18.75; 173323; 175111; 0.531044; 0.53215; 0.519918; 0.52036; 0.500108
19; 178355; 175348; 0.510752; 0.510164; 0.500053; 0.500686; 0.482705
19.25; 182204; 177964; 0.491122; 0.490328; 0.481845; 0.481906; 0.466384
19.5; 183810; 181339; 0.474781; 0.47408; 0.467119; 0.465887; 0.452603
19.75; 182442; 183350; 0.462514; 0.461556; 0.454903; 0.455236; 0.44289
20; 179826; 185105; 0.453109; 0.452411; 0.446924; 0.447775; 0.437891
20.25; 182200; 186066; 0.445769; 0.445829; 0.443; 0.442505; 0.437418
20.5; 186287; 185351; 0.440861; 0.441437; 0.441536; 0.440461; 0.440723
20.75; 190374; 187421; 0.439565; 0.440134; 0.4423; 0.44271; 0.447156
21; 194211; 187656; 0.442795; 0.443867; 0.447587; 0.448766; 0.456682
21.25; 192620; 190769; 0.451377; 0.452453; 0.458062; 0.458478; 0.469403
21.5; 190378; 191290; 0.46433; 0.464939; 0.472242; 0.472121; 0.48539
21.75; 188290; 191496; 0.479891; 0.479717; 0.489153; 0.488083; 0.504033
22; 188769; 191999; 0.496638; 0.495521; 0.506572; 0.506028; 0.524174
22.25; 191305; 190710; 0.513371; 0.512934; 0.524709; 0.524492; 0.544634
22.5; 192259; 190304; 0.531653; 0.531124; 0.543635; 0.543216; 0.564481
22.75; 192284; 190918; 0.551491; 0.550448; 0.563244; 0.562198; 0.583267
23; 187601; 189750; 0.571504; 0.570704; 0.582209; 0.581435; 0.600564
23.25; 184530; 190462; 0.590576; 0.589759; 0.599901; 0.599086; 0.615801
23.5; 182336; 187832; 0.606989; 0.606128; 0.614601; 0.614329; 0.628308
23.75; 182227; 187069; 0.619928; 0.619087; 0.625721; 0.626325; 0.637415
24; 183747; 185173; 0.629053; 0.629266; 0.63392; 0.634295; 0.642767
24.25; 183661; 184131; 0.635469; 0.636438; 0.638884; 0.638937; 0.644089
24.5; 181597; 183327; 0.639735; 0.640184; 0.640429; 0.640577; 0.641456
24.75; 179102; 181740; 0.640775; 0.640522; 0.638248; 0.638924; 0.634978
25; 176906; 182632; 0.637567; 0.636797; 0.632362; 0.633048; 0.624873
25.25; 176315; 182432; 0.629509; 0.62893; 0.622757; 0.622834; 0.611545
25.5; 178325; 182341; 0.617664; 0.61699; 0.609914; 0.609014; 0.595696
25.75; 180744; 181795; 0.603113; 0.602128; 0.594153; 0.593121; 0.577887
26; 181384; 181261; 0.586522; 0.585984; 0.576754; 0.575718; 0.558696
26.25; 181245; 181914; 0.568778; 0.568846; 0.558394; 0.557302; 0.53865
26.5; 180472; 182849; 0.550002; 0.550599; 0.539008; 0.538412; 0.518428
26.75; 180151; 183422; 0.530384; 0.53129; 0.518779; 0.519623; 0.498852
27; 182772; 185146; 0.511128; 0.51102; 0.499726; 0.50049; 0.480921
27.25; 185777; 185642; 0.492415; 0.491874; 0.482847; 0.482065; 0.465503
27.5; 188497; 186671; 0.475386; 0.475337; 0.467749; 0.466863; 0.453197
27.75; 189761; 187443; 0.462079; 0.461248; 0.455603; 0.455054; 0.444231
28; 190016; 189288; 0.451699; 0.451187; 0.447122; 0.446615; 0.438863
28.25; 189151; 190293; 0.444253; 0.444837; 0.442067; 0.441669; 0.437187
28.5; 190155; 191881; 0.440593; 0.441234; 0.440793; 0.439948; 0.439409
28.75; 190991; 193055; 0.441039; 0.440426; 0.443029; 0.442148; 0.445834
29; 193613; 193041; 0.444937; 0.443938; 0.448878; 0.448569; 0.45621
29.25; 193041; 191282; 0.452023; 0.452348; 0.458866; 0.458442; 0.46997
29.5; 194046; 193026; 0.463341; 0.464295; 0.472381; 0.471656; 0.486366
29.75; 191315; 190951; 0.478583; 0.478493; 0.488131; 0.487861; 0.504555
30; 190453; 191785; 0.495615; 0.495239; 0.505439; 0.506089; 0.523855
30.25; 189632; 191673; 0.513292; 0.513848; 0.524137; 0.524972; 0.543783
30.5; 189140; 191345; 0.53197; 0.532883; 0.543548; 0.544074; 0.563743
30.75; 189443; 190723; 0.552028; 0.551362; 0.563294; 0.562959; 0.583124
31; 187608; 188762; 0.571297; 0.570617; 0.582413; 0.581398; 0.601047
31.25; 186080; 187914; 0.588846; 0.589746; 0.599231; 0.59913; 0.616485
31.5; 183336; 186676; 0.605536; 0.606033; 0.6137; 0.614522; 0.628693
31.75; 181325; 185850; 0.620031; 0.619034; 0.625695; 0.626294; 0.637292
32; 180791; 185058; 0.629779; 0.630184; 0.634143; 0.634797; 0.64234
32.25; 180224; 184085; 0.636428; 0.637324; 0.639142; 0.639558; 0.643691
32.5; 179571; 181898; 0.640754; 0.639669; 0.640618; 0.640654; 0.641364
32.75; 181212; 182248; 0.640195; 0.639953; 0.638789; 0.637903; 0.635311
33; 180016; 179655; 0.635817; 0.636774; 0.632629; 0.632014; 0.625372
33.25; 178194; 181828; 0.62852; 0.628998; 0.622342; 0.622864; 0.611833
33.5; 179097; 182537; 0.617545; 0.617673; 0.609056; 0.610111; 0.595553
33.75; 178440; 181851; 0.603555; 0.60312; 0.593505; 0.594323; 0.57742
34; 180635; 183284; 0.587286; 0.586243; 0.576177; 0.57659; 0.558217
34.25; 181199; 181523; 0.568393; 0.568915; 0.557441; 0.557904; 0.538456
34.5; 182398; 183304; 0.549218; 0.550084; 0.537886; 0.538844; 0.518631
34.75; 183075; 182700; 0.530597; 0.529824; 0.518498; 0.519394; 0.49924
35; 183749; 184118; 0.511115; 0.510687; 0.500567; 0.499582; 0.481108
35.25; 184417; 186107; 0.49213; 0.492838; 0.4829; 0.48234; 0.465364
35.5; 187912; 187631; 0.475877; 0.475869; 0.466884; 0.468071; 0.452789
35.75; 189410; 187553; 0.462342; 0.461509; 0.45548; 0.455278; 0.443914
36; 189651; 189394; 0.451117; 0.451286; 0.447176; 0.446198; 0.438783
36.25; 191571; 189868; 0.443624; 0.444564; 0.441596; 0.441763; 0.437466
36.5; 191330; 191282; 0.440624; 0.440632; 0.439967; 0.440704; 0.439827
36.75; 191314; 193133; 0.441352; 0.440296; 0.442518; 0.442881; 0.445962
37; 191805; 192610; 0.444643; 0.44498; 0.448824; 0.448976; 0.456059
37.25; 193324; 193072; 0.452071; 0.453091; 0.458559; 0.459052; 0.469701
37.5; 191810; 190611; 0.464105; 0.463733; 0.47151; 0.472516; 0.486194
37.75; 192610; 192599; 0.478742; 0.477896; 0.487552; 0.488188; 0.504574
38; 191463; 190828; 0.495494; 0.494669; 0.505694; 0.505592; 0.524121
38.25; 190355; 191050; 0.513942; 0.512905; 0.525081; 0.524079; 0.54409
38.5; 189019; 190852; 0.532872; 0.532329; 0.544208; 0.54378; 0.563926
38.75; 188439; 190693; 0.55154; 0.55252; 0.562682; 0.563934; 0.583063
39; 187379; 188942; 0.57077; 0.571547; 0.582033; 0.581836; 0.600794
39.25; 185458; 188223; 0.58979; 0.588724; 0.599631; 0.598517; 0.616227
39.5; 184584; 186100; 0.605816; 0.605238; 0.614041; 0.613806; 0.628624
39.75; 181873; 186512; 0.618609; 0.619875; 0.625435; 0.626267; 0.637428
40; 181059; 183956; 0.629828; 0.629829; 0.634024; 0.634831; 0.642474
40.25; 180087; 183824; 0.637352; 0.636522; 0.639259; 0.639586; 0.643769
40.5; 180430; 182546; 0.640581; 0.640227; 0.640514; 0.640979; 0.64135
40.75; 179797; 181086; 0.639955; 0.640348; 0.637982; 0.638669; 0.635141
41; 179490; 181335; 0.635618; 0.636705; 0.631675; 0.632633; 0.625152
41.25; 179361; 181265; 0.627946; 0.6291; 0.621845; 0.622993; 0.611763
41.5; 178733; 181812; 0.617436; 0.617488; 0.609383; 0.609658; 0.595621
41.75; 179330; 182797; 0.603943; 0.60287; 0.594226; 0.593807; 0.57758
42; 180332; 182027; 0.587432; 0.58646; 0.576603; 0.576493; 0.558354
42.25; 181419; 182189; 0.56908; 0.568512; 0.557786; 0.557758; 0.538482
42.5; 181874; 182586; 0.550035; 0.549197; 0.538542; 0.538067; 0.518502
42.75; 183131; 183218; 0.530395; 0.529745; 0.519343; 0.518295; 0.499118
43; 183992; 184483; 0.510729; 0.51081; 0.500318; 0.499672; 0.481132
43.25; 185664; 185399; 0.4921; 0.49289; 0.483203; 0.482163; 0.465511
43.5; 187347; 187538; 0.475953; 0.476078; 0.467934; 0.467301; 0.452917
43.75; 188652; 187553; 0.462195; 0.461967; 0.455816; 0.455161; 0.443949
44; 190486; 188975; 0.451294; 0.451228; 0.446715; 0.446707; 0.43875
44.25; 191469; 189905; 0.444002; 0.44401; 0.44114; 0.442033; 0.437354
44.5; 191623; 191687; 0.440367; 0.440566; 0.439838; 0.440585; 0.439771
44.75; 191685; 192199; 0.440374; 0.4411; 0.442734; 0.442622; 0.446082
45; 192366; 192545; 0.444306; 0.445396; 0.449248; 0.448693; 0.456189
45.25; 192503; 192808; 0.452928; 0.452448; 0.459343; 0.458431; 0.469717
45.5; 192781; 191837; 0.464361; 0.46369; 0.472421; 0.471724; 0.486139
45.75; 191714; 190915; 0.478168; 0.478502; 0.488292; 0.487428; 0.504515
46; 192190; 191766; 0.494568; 0.495487; 0.506032; 0.505169; 0.5241
46.25; 189907; 190408; 0.512968; 0.513675; 0.524863; 0.524142; 0.544071
46.5; 189749; 191226; 0.532187; 0.532948; 0.544241; 0.543724; 0.56396
46.75; 188240; 190317; 0.551641; 0.552519; 0.562942; 0.56378; 0.583114
47; 187098; 189336; 0.571045; 0.571464; 0.581796; 0.582208; 0.600809
47.25; 185868; 187423; 0.589167; 0.589388; 0.59964; 0.598488; 0.61617
47.5; 184549; 187154; 0.605721; 0.605234; 0.614138; 0.613608; 0.628562
47.75; 182009; 184632; 0.619591; 0.618789; 0.625531; 0.626111; 0.637411
48; 181884; 185089; 0.629768; 0.62988; 0.633936; 0.634926; 0.642499
48.25; 180192; 183191; 0.636495; 0.637491; 0.639386; 0.639526; 0.643784
48.5; 180000; 183213; 0.640414; 0.640646; 0.640955; 0.640688; 0.641328
48.75; 179983; 180726; 0.640555; 0.639982; 0.638679; 0.63811; 0.635113
49; 179160; 181227; 0.6367; 0.635739; 0.632656; 0.631758; 0.62516
49.25; 179656; 181400; 0.628768; 0.628224; 0.622867; 0.622018; 0.611848
49.5; 179319; 181533; 0.617288; 0.617531; 0.610019; 0.609028; 0.595713
49.75; 179301; 182871; 0.60291; 0.603859; 0.594466; 0.593581; 0.577649
50; 180530; 181239; 0.586893; 0.587122; 0.577109; 0.576034; 0.558305
50.25; 181052; 182699; 0.568656; 0.569126; 0.557952; 0.557633; 0.53837
50.5; 182045; 182555; 0.54931; 0.550027; 0.538311; 0.538282; 0.518402
50.75; 182650; 183192; 0.529602; 0.530449; 0.518348; 0.519197; 0.499093
51; 184775; 184480; 0.510301; 0.511018; 0.499789; 0.500093; 0.481194
51.25; 185456; 185157; 0.492071; 0.492803; 0.483194; 0.48217; 0.465606
51.5; 187472; 187024; 0.475891; 0.476193; 0.46806; 0.467283; 0.453023
51.75; 189149; 188029; 0.462609; 0.461678; 0.455668; 0.455397; 0.44396
52; 189528; 188306; 0.451669; 0.450965; 0.446382; 0.447055; 0.43867
52.25; 191772; 190930; 0.443812; 0.444097; 0.441159; 0.44184; 0.437204
52.5; 191675; 190881; 0.439956; 0.440734; 0.440369; 0.439836; 0.439678
52.75; 191495; 192286; 0.440467; 0.440826; 0.443139; 0.442117; 0.446083
53; 193419; 193281; 0.445474; 0.444232; 0.449332; 0.448687; 0.456265
53.25; 191555; 191120; 0.452745; 0.452805; 0.459434; 0.45855; 0.469867
53.5; 192483; 192635; 0.463658; 0.464524; 0.472576; 0.471676; 0.48618
53.75; 193016; 190763; 0.478768; 0.47788; 0.488205; 0.487416; 0.504395
54; 190568; 191243; 0.495352; 0.494506; 0.505854; 0.505061; 0.523869
54.25; 190853; 191779; 0.51325; 0.51321; 0.524848; 0.523975; 0.543964
54.5; 190034; 189706; 0.532315; 0.532723; 0.544282; 0.543658; 0.564008
54.75; 187807; 191029; 0.551656; 0.55258; 0.563804; 0.563072; 0.583248
55; 187951; 188713; 0.570943; 0.571646; 0.581835; 0.582287; 0.600901
55.25; 185161; 187815; 0.588888; 0.589761; 0.598563; 0.599627; 0.616209
55.5; 183960; 186877; 0.605142; 0.60582; 0.614202; 0.613488; 0.628476
55.75; 183333; 185790; 0.618794; 0.619433; 0.62609; 0.625376; 0.63732
56; 180907; 184200; 0.629906; 0.629619; 0.633903; 0.634893; 0.64252
56.25; 180718; 184122; 0.637234; 0.63677; 0.639344; 0.639703; 0.643933
56.5; 180062; 181022; 0.640571; 0.640565; 0.641442; 0.640341; 0.641435
56.75; 179931; 182300; 0.64031; 0.640315; 0.638543; 0.638292; 0.635109
57; 179182; 180262; 0.636271; 0.636167; 0.631584; 0.632711; 0.625033
57.25; 179286; 181681; 0.628583; 0.628389; 0.622379; 0.622399; 0.611713
57.5; 179029; 182003; 0.617555; 0.617208; 0.61008; 0.608952; 0.595733
57.75; 179689; 181762; 0.603611; 0.603107; 0.594425; 0.593691; 0.577791
58; 180770; 181786; 0.586982; 0.587043; 0.576887; 0.576397; 0.558498
58.25; 180824; 182549; 0.568588; 0.569258; 0.557907; 0.557779; 0.538458
58.5; 181099; 182346; 0.549422; 0.550016; 0.538404; 0.538236; 0.518365
58.75; 184102; 183777; 0.529952; 0.530189; 0.518831; 0.51869; 0.498971
59; 183364; 184344; 0.510804; 0.510642; 0.500278; 0.499624; 0.481093
59.25; 185522; 185783; 0.493125; 0.491767; 0.4833; 0.482087; 0.465598
59.5; 188406; 185978; 0.476015; 0.476027; 0.467791; 0.467611; 0.453147
59.75; 188593; 188025; 0.46161; 0.462691; 0.455172; 0.456005; 0.444121
60; 189909; 189726; 0.451131; 0.451493; 0.446256; 0.447192; 0.438702
60.25; 192135; 189181; 0.443696; 0.444323; 0.441111; 0.441941; 0.43719
60.5; 190504; 192411; 0.44008; 0.440777; 0.440173; 0.440074; 0.43959
60.75; 191587; 191954; 0.440548; 0.440802; 0.443065; 0.442157; 0.445996
61; 193155; 192688; 0.445138; 0.444496; 0.449339; 0.448642; 0.456274
61.25; 192625; 192102; 0.453128; 0.452292; 0.459317; 0.458627; 0.469915
61.5; 192245; 191740; 0.464216; 0.463904; 0.472666; 0.471589; 0.486235
61.75; 192203; 190996; 0.478324; 0.478338; 0.488235; 0.487396; 0.504415
62; 191888; 191859; 0.494998; 0.49487; 0.505954; 0.504928; 0.523813
62.25; 189893; 191184; 0.513347; 0.513098; 0.524829; 0.523901; 0.543852
62.5; 189671; 190750; 0.532525; 0.532417; 0.54428; 0.543507; 0.563875
62.75; 188535; 190426; 0.551607; 0.552469; 0.563833; 0.562901; 0.583188
63; 187342; 188883; 0.570874; 0.571575; 0.58173; 0.582324; 0.600937
63.25; 186001; 187906; 0.589468; 0.589101; 0.598683; 0.599521; 0.616293
63.5; 183280; 186448; 0.605917; 0.604966; 0.614341; 0.613292; 0.628458
63.75; 182898; 186211; 0.619513; 0.618665; 0.626015; 0.625348; 0.637201
64; 181087; 184350; 0.630255; 0.62925; 0.634311; 0.634389; 0.642386
64.25; 180191; 184256; 0.637135; 0.636878; 0.639301; 0.639712; 0.643885
64.5; 180380; 181518; 0.640329; 0.64081; 0.640642; 0.641216; 0.641553
64.75; 179556; 181556; 0.639857; 0.6408; 0.638149; 0.638824; 0.635283
65; 179686; 180995; 0.635761; 0.636807; 0.631652; 0.632852; 0.625209
65.25; 179398; 181374; 0.62805; 0.629026; 0.622066; 0.62279; 0.611749
65.5; 178933; 183242; 0.61747; 0.617275; 0.609478; 0.609434; 0.595602
65.75; 180012; 182076; 0.603658; 0.603106; 0.594182; 0.593879; 0.57767
66; 179537; 181901; 0.587697; 0.586516; 0.577332; 0.57609; 0.558486
66.25; 181166; 182528; 0.569177; 0.568912; 0.558002; 0.557957; 0.53862
66.5; 182222; 182314; 0.549989; 0.549685; 0.537972; 0.538977; 0.518596
66.75; 181820; 183695; 0.530639; 0.529676; 0.518804; 0.518921; 0.499094
67; 184636; 184925; 0.511059; 0.510435; 0.500589; 0.499341; 0.481072
67.25; 185775; 185059; 0.492594; 0.492265; 0.482205; 0.483071; 0.465527
67.5; 186643; 187578; 0.475891; 0.476192; 0.467529; 0.467829; 0.453051
67.75; 189510; 188228; 0.461802; 0.462657; 0.456207; 0.455074; 0.444106
68; 190112; 188755; 0.451074; 0.451795; 0.446505; 0.447212; 0.438856
68.25; 190310; 190124; 0.444253; 0.443941; 0.441311; 0.441958; 0.437328
68.5; 192146; 191796; 0.440933; 0.439894; 0.440664; 0.439577; 0.439589
68.75; 191787; 192459; 0.440915; 0.440284; 0.442843; 0.442209; 0.445896
69; 191015; 193149; 0.445048; 0.444416; 0.448768; 0.448946; 0.456076
69.25; 193733; 192049; 0.452666; 0.452574; 0.458495; 0.459155; 0.469684
69.5; 191630; 191868; 0.463623; 0.464397; 0.471592; 0.472483; 0.48609
69.75; 192166; 191671; 0.477803; 0.478872; 0.487353; 0.4883; 0.504454
70; 191396; 191131; 0.494924; 0.494888; 0.505125; 0.505752; 0.523874
70.25; 190148; 191767; 0.513399; 0.512841; 0.524239; 0.524353; 0.54385
70.5; 189518; 190551; 0.532632; 0.532027; 0.543891; 0.543635; 0.563768
70.75; 188553; 190870; 0.551692; 0.552075; 0.563762; 0.562636; 0.582985
71; 186700; 188792; 0.570658; 0.571628; 0.581789; 0.58204; 0.600782
71.25; 185806; 188465; 0.589146; 0.589341; 0.598492; 0.599593; 0.616202
71.5; 183641; 186523; 0.605671; 0.605173; 0.614323; 0.613297; 0.628473
71.75; 182384; 185809; 0.61959; 0.618485; 0.625908; 0.625418; 0.637235
72; 181566; 185006; 0.62996; 0.629355; 0.633869; 0.634682; 0.64235
72.25; 180253; 183199; 0.636796; 0.637011; 0.639098; 0.639722; 0.643807
72.5; 179911; 182925; 0.640096; 0.64095; 0.641124; 0.640612; 0.641477
72.75; 179737; 181365; 0.640096; 0.640632; 0.638878; 0.638171; 0.635306
73; 179171; 181071; 0.636325; 0.636363; 0.632157; 0.632489; 0.625283
73.25; 179009; 181575; 0.628913; 0.62825; 0.622083; 0.62292; 0.611865
73.5; 179477; 182216; 0.617978; 0.616897; 0.609551; 0.609548; 0.595738
73.75; 179442; 182281; 0.603632; 0.603162; 0.59441; 0.59371; 0.577721
74; 180021; 182348; 0.586995; 0.587115; 0.577106; 0.576248; 0.558508
74.25; 181211; 182127; 0.569067; 0.569029; 0.558455; 0.557532; 0.538633
74.5; 181763; 182501; 0.550096; 0.549685; 0.538441; 0.538612; 0.518642
74.75; 182653; 183589; 0.530661; 0.52979; 0.518447; 0.51944; 0.499207
75; 184076; 184481; 0.510863; 0.510777; 0.500267; 0.499814; 0.481176
75.25; 185616; 186193; 0.49262; 0.49243; 0.483195; 0.482254; 0.465555
75.5; 186946; 186562; 0.476484; 0.475661; 0.467172; 0.468245; 0.453071
75.75; 189124; 187743; 0.462428; 0.461963; 0.455566; 0.455659; 0.444094
76; 190513; 189459; 0.451357; 0.451494; 0.447425; 0.446266; 0.438816
76.25; 190041; 190131; 0.443972; 0.444189; 0.441442; 0.441807; 0.437328
76.5; 192135; 191193; 0.440459; 0.440395; 0.43966; 0.440626; 0.439655
76.75; 191634; 193253; 0.440647; 0.440678; 0.442437; 0.442691; 0.445891
77; 191785; 192157; 0.444843; 0.444732; 0.449228; 0.448537; 0.456046
77.25; 193112; 192929; 0.452918; 0.452331; 0.459238; 0.458418; 0.469682
77.5; 192806; 191466; 0.464355; 0.463536; 0.472399; 0.471586; 0.486065
77.75; 191425; 191561; 0.478745; 0.477751; 0.488037; 0.487444; 0.504345
78; 191762; 191186; 0.495318; 0.494567; 0.505936; 0.505003; 0.523877
78.25; 190237; 191064; 0.513524; 0.512885; 0.524588; 0.524119; 0.543854
78.5; 189258; 191466; 0.532686; 0.532076; 0.543802; 0.543769; 0.563739
78.75; 188473; 189975; 0.551652; 0.552127; 0.562787; 0.563615; 0.583002
79; 187595; 189865; 0.570572; 0.571586; 0.581447; 0.58231; 0.600802
79.25; 185204; 187251; 0.589094; 0.589183; 0.599072; 0.598848; 0.61614
79.5; 184521; 187055; 0.605994; 0.604817; 0.61433; 0.613269; 0.628457
79.75; 182385; 185345; 0.619282; 0.619002; 0.625581; 0.625936; 0.637333
80; 181036; 185446; 0.629617; 0.629935; 0.633946; 0.634838; 0.642482
80.25; 180360; 182408; 0.636384; 0.637584; 0.639261; 0.6397; 0.64386
80.5; 179457; 183349; 0.640247; 0.640739; 0.640352; 0.641318; 0.641445
80.75; 180562; 181289; 0.640741; 0.639808; 0.638299; 0.638564; 0.63519
81; 178950; 180108; 0.636703; 0.635816; 0.632891; 0.631574; 0.625165
81.25; 178751; 182528; 0.628171; 0.629013; 0.622392; 0.622618; 0.611853
81.5; 180029; 181359; 0.617196; 0.61784; 0.609195; 0.610054; 0.595823
81.75; 178613; 182812; 0.603484; 0.603494; 0.593817; 0.594496; 0.577831
82; 180700; 181312; 0.587039; 0.587138; 0.576251; 0.577178; 0.558564
82.25; 181673; 182852; 0.568838; 0.569152; 0.557483; 0.558414; 0.538623
82.5; 180989; 182913; 0.549671; 0.549955; 0.538031; 0.53888; 0.518586
82.75; 183006; 183212; 0.529677; 0.530711; 0.518522; 0.519275; 0.49914
83; 184032; 184740; 0.510487; 0.511279; 0.499554; 0.500642; 0.481235
83.25; 185533; 185452; 0.492497; 0.492738; 0.482307; 0.483322; 0.465671
83.5; 187302; 186687; 0.476571; 0.475714; 0.467438; 0.468127; 0.453155
83.75; 189235; 187745; 0.462579; 0.461819; 0.455339; 0.455916; 0.444129
84; 189989; 189607; 0.451203; 0.451593; 0.446621; 0.447017; 0.438802
84.25; 190922; 189599; 0.443681; 0.444424; 0.441507; 0.441643; 0.437249
84.5; 191948; 191209; 0.44057; 0.440285; 0.440151; 0.44007; 0.439546
84.75; 191492; 193209; 0.441108; 0.440306; 0.442568; 0.442632; 0.445903
85; 192149; 192491; 0.444863; 0.444759; 0.448555; 0.4493; 0.456128
85.25; 192331; 191953; 0.452009; 0.45321; 0.458392; 0.459304; 0.469792
85.5; 192835; 191802; 0.463667; 0.464085; 0.47199; 0.4719; 0.486063
85.75; 192439; 190842; 0.478657; 0.477743; 0.488201; 0.487173; 0.504265
86; 190762; 192128; 0.495263; 0.494521; 0.505749; 0.505037; 0.523757
86.25; 190258; 191078; 0.5133; 0.513054; 0.524331; 0.524283; 0.543781
86.5; 190002; 190840; 0.532343; 0.532486; 0.543696; 0.543963; 0.563808
86.75; 187890; 190619; 0.551414; 0.552442; 0.562637; 0.56387; 0.583103
87; 187334; 188690; 0.571171; 0.570935; 0.581814; 0.581895; 0.600754
87.25; 186099; 188573; 0.589697; 0.588566; 0.599516; 0.598367; 0.616085
87.5; 183292; 186553; 0.605788; 0.604966; 0.614363; 0.613164; 0.628419
87.75; 182798; 185678; 0.619528; 0.61865; 0.626068; 0.62534; 0.637263
88; 181125; 184620; 0.630034; 0.629373; 0.634611; 0.634032; 0.642398
88.25; 179990; 183637; 0.636757; 0.636985; 0.639497; 0.639278; 0.643779
88.5; 180885; 182790; 0.639991; 0.640854; 0.640702; 0.640894; 0.641466
88.75; 179446; 180745; 0.640009; 0.640416; 0.637962; 0.638853; 0.635249
89; 179407; 181582; 0.636149; 0.636441; 0.63185; 0.632749; 0.625318
89.25; 179782; 180929; 0.628202; 0.629151; 0.622115; 0.623063; 0.611936
89.5; 178248; 181941; 0.617135; 0.618002; 0.60924; 0.61008; 0.595838
89.75; 179866; 182528; 0.603024; 0.603946; 0.59362; 0.594652; 0.577784
90; 180553; 182025; 0.58645; 0.587617; 0.576064; 0.577263; 0.558553
90.25; 181002; 182224; 0.568874; 0.569; 0.557714; 0.558108; 0.538618
90.5; 182101; 182597; 0.549873; 0.549758; 0.538363; 0.538588; 0.518629
90.75; 183019; 183230; 0.529807; 0.530824; 0.518413; 0.51963; 0.499275
91; 183699; 184669; 0.510501; 0.511447; 0.499841; 0.500523; 0.48131
91.25; 185669; 185263; 0.492605; 0.492574; 0.482556; 0.483005; 0.465614
91.5; 187865; 186755; 0.476654; 0.475526; 0.468121; 0.467293; 0.453026
91.75; 188226; 188589; 0.462469; 0.461719; 0.455936; 0.45506; 0.443941
92; 191270; 188268; 0.451751; 0.450846; 0.4463; 0.44713; 0.438692
92.25; 190711; 190003; 0.444394; 0.443709; 0.441309; 0.44188; 0.437292
92.5; 191387; 191974; 0.440276; 0.440741; 0.440506; 0.439946; 0.439732
92.75; 192492; 191898; 0.440419; 0.441085; 0.44312; 0.442226; 0.446027
93; 191732; 192702; 0.445051; 0.444539; 0.448881; 0.448944; 0.456115
93.25; 192603; 192786; 0.452974; 0.452186; 0.458509; 0.459053; 0.469625
93.5; 193025; 191019; 0.463639; 0.464051; 0.471833; 0.471927; 0.485932
93.75; 191836; 192094; 0.477704; 0.478644; 0.488098; 0.487219; 0.504252
94; 192064; 190852; 0.494795; 0.494952; 0.505758; 0.505064; 0.523864
94.25; 190105; 190655; 0.513572; 0.512874; 0.524737; 0.524085; 0.543976
94.5; 189688; 191132; 0.532799; 0.532045; 0.544282; 0.543457; 0.563887
94.75; 188599; 189633; 0.551767; 0.552018; 0.563564; 0.562832; 0.582974
95; 187363; 190217; 0.570457; 0.571623; 0.582038; 0.581556; 0.600646
95.25; 185961; 187176; 0.588902; 0.589362; 0.599194; 0.598617; 0.616004
95.5; 183949; 186780; 0.605942; 0.604856; 0.614228; 0.61334; 0.628442
95.75; 182393; 185869; 0.619463; 0.61884; 0.626204; 0.625399; 0.63742
96; 181596; 183691; 0.629499; 0.63013; 0.634628; 0.634343; 0.642661
96.25; 180661; 183416; 0.636524; 0.637449; 0.639503; 0.639522; 0.643941
96.5; 179842; 182380; 0.640407; 0.640582; 0.640543; 0.641092; 0.641388
96.75; 180291; 181260; 0.64041; 0.640062; 0.637934; 0.638768; 0.635056
97; 179522; 181775; 0.636265; 0.636195; 0.631874; 0.632506; 0.625118
97.25; 179391; 180445; 0.628392; 0.628742; 0.622461; 0.622536; 0.611876
97.5; 179039; 181716; 0.617693; 0.617334; 0.610182; 0.609145; 0.595912
97.75; 179541; 182051; 0.604028; 0.602932; 0.594373; 0.593984; 0.577901
98; 181248; 182173; 0.58733; 0.586844; 0.576418; 0.576991; 0.558533
98.25; 180931; 181914; 0.569038; 0.568921; 0.557477; 0.558318; 0.538507
98.5; 181524; 182959; 0.549907; 0.549674; 0.538145; 0.538649; 0.518456
98.75; 183256; 182463; 0.530694; 0.5297; 0.519368; 0.518453; 0.499143
99; 184536; 184553; 0.51121; 0.510562; 0.500487; 0.499797; 0.481331
99.25; 185634; 185201; 0.492712; 0.492437; 0.482548; 0.483097; 0.465763
99.5; 187583; 186329; 0.475854; 0.476355; 0.467199; 0.468308; 0.453152
99.75; 189254; 188231; 0.461577; 0.462853; 0.455229; 0.455984; 0.444064
100; 189672; 188562; 0.451624; 0.451108; 0.446446; 0.447039; 0.438663
100.25; 192039; 189842; 0.444465; 0.44358; 0.441399; 0.44167; 0.437159
100.5; 191338; 191639; 0.440123; 0.440779; 0.440436; 0.439913; 0.439689
100.75; 192844; 192118; 0.440576; 0.440869; 0.443093; 0.442249; 0.446071
101; 191420; 191938; 0.445299; 0.444256; 0.448882; 0.448973; 0.456188
101.25; 193923; 192820; 0.452787; 0.452432; 0.458373; 0.45929; 0.469738
101.5; 192587; 190430; 0.463284; 0.464561; 0.471596; 0.472298; 0.486015
101.75; 192309; 191936; 0.478216; 0.47828; 0.48719; 0.48825; 0.504302
102; 192411; 190967; 0.495426; 0.4944; 0.504917; 0.505957; 0.523845
102.25; 189550; 190312; 0.51353; 0.512861; 0.52406; 0.524667; 0.543916
102.5; 190633; 191166; 0.532821; 0.532088; 0.54367; 0.544111; 0.563892
102.75; 188543; 189605; 0.552221; 0.551707; 0.563413; 0.563185; 0.58313
103; 187385; 188783; 0.571508; 0.570709; 0.582464; 0.581357; 0.600794
103.25; 186211; 187879; 0.589777; 0.588613; 0.599282; 0.598703; 0.616127
103.5; 184193; 186162; 0.605729; 0.605078; 0.613891; 0.613659; 0.62842
103.75; 183044; 185985; 0.61895; 0.619253; 0.625897; 0.625519; 0.637267
104; 181501; 184388; 0.629377; 0.630175; 0.634872; 0.633919; 0.642473
104.25; 180245; 183167; 0.636957; 0.636996; 0.639691; 0.639295; 0.643897
104.5; 180407; 181688; 0.6409; 0.640084; 0.640643; 0.641069; 0.641484
104.75; 179839; 181432; 0.640372; 0.640167; 0.63803; 0.638826; 0.63521
105; 180059; 180569; 0.635617; 0.636847; 0.631835; 0.632551; 0.62514
105.25; 179429; 180967; 0.628498; 0.628632; 0.621913; 0.622998; 0.611771
105.5; 178984; 182324; 0.61798; 0.617006; 0.609109; 0.610096; 0.595786
105.75; 180339; 181542; 0.60372; 0.603227; 0.593732; 0.594571; 0.577847
106; 180360; 181935; 0.587185; 0.58695; 0.576437; 0.576992; 0.558606
106.25; 181292; 181524; 0.569054; 0.568827; 0.558016; 0.557818; 0.538621
106.5; 182760; 182592; 0.549952; 0.549595; 0.538662; 0.538175; 0.51854
106.75; 182835; 183483; 0.530066; 0.530294; 0.51878; 0.518956; 0.499075
107; 184181; 183759; 0.51032; 0.511399; 0.499478; 0.500644; 0.481192
107.25; 186087; 185392; 0.49237; 0.492757; 0.482835; 0.482667; 0.465579
107.5; 187434; 186564; 0.47617; 0.476035; 0.468236; 0.467233; 0.453092
107.75; 189257; 188057; 0.462643; 0.461704; 0.455629; 0.455563; 0.444073
108; 190683; 188838; 0.451785; 0.450899; 0.446681; 0.446867; 0.438782
108.25; 191673; 189354; 0.444144; 0.443944; 0.441853; 0.441317; 0.437277
108.5; 191543; 191347; 0.440378; 0.440536; 0.44058; 0.439723; 0.439613
108.75; 191756; 192509; 0.440493; 0.440875; 0.442739; 0.442435; 0.445909
109; 192737; 192081; 0.444715; 0.444868; 0.449067; 0.448772; 0.456141
109.25; 192494; 192246; 0.452841; 0.452429; 0.459025; 0.458675; 0.469734
109.5; 193381; 191248; 0.464196; 0.46362; 0.471856; 0.472064; 0.486047
109.75; 192342; 191482; 0.478376; 0.47804; 0.487433; 0.487987; 0.504336
110; 191704; 190733; 0.494917; 0.494846; 0.505162; 0.505672; 0.523854
110.25; 190353; 190848; 0.513516; 0.512862; 0.524344; 0.524354; 0.543884
110.5; 189958; 190566; 0.532672; 0.532157; 0.543806; 0.54386; 0.563814
110.75; 188331; 190581; 0.551624; 0.552274; 0.562895; 0.563624; 0.583063
111; 187671; 188652; 0.570647; 0.57155; 0.581416; 0.582326; 0.60073
111.25; 185951; 187913; 0.588759; 0.589525; 0.598445; 0.599449; 0.616124
111.5; 184181; 186179; 0.604913; 0.605758; 0.613354; 0.614133; 0.628463
111.75; 182709; 185657; 0.619284; 0.6189; 0.626031; 0.62545; 0.637382
112; 181286; 184036; 0.630231; 0.62931; 0.634848; 0.633976; 0.642526
112.25; 180453; 183454; 0.6374; 0.636463; 0.639815; 0.639077; 0.64382
112.5; 181136; 182777; 0.640637; 0.640304; 0.641168; 0.640453; 0.6414
112.75; 179493; 180561; 0.640303; 0.640217; 0.638577; 0.638206; 0.635126
113; 179679; 182130; 0.636279; 0.636222; 0.632336; 0.632084; 0.625146
113.25; 179883; 180824; 0.628626; 0.62858; 0.622538; 0.622487; 0.61187
113.5; 178546; 182271; 0.617467; 0.617626; 0.609557; 0.609761; 0.595827
113.75; 180246; 181866; 0.603967; 0.603042; 0.594655; 0.593719; 0.577877
114; 180160; 181649; 0.587654; 0.586628; 0.5773; 0.576249; 0.558605
114.25; 181065; 182466; 0.569459; 0.568685; 0.558412; 0.557618; 0.538664
114.5; 182469; 182698; 0.550408; 0.549388; 0.539063; 0.538009; 0.518635
114.75; 182285; 182896; 0.530859; 0.529691; 0.519576; 0.518423; 0.499251
115; 185022; 184732; 0.51125; 0.510569; 0.500595; 0.49971; 0.481324
115.25; 184595; 185296; 0.492447; 0.49279; 0.483395; 0.482285; 0.465702
115.5; 187819; 186660; 0.475737; 0.476607; 0.468107; 0.467494; 0.453143
115.75; 189405; 188318; 0.462311; 0.462123; 0.455482; 0.455724; 0.444034
116; 189414; 188835; 0.451846; 0.450903; 0.446442; 0.44709; 0.438693
116.25; 192152; 189773; 0.443955; 0.444102; 0.441407; 0.441722; 0.437259
116.5; 191522; 192149; 0.439968; 0.440913; 0.440116; 0.440212; 0.439684
116.75; 191066; 191251; 0.440567; 0.440747; 0.442572; 0.44262; 0.445991
117; 192882; 193862; 0.445096; 0.444434; 0.448725; 0.449069; 0.456119
117.25; 192745; 190752; 0.45308; 0.452105; 0.458407; 0.459174; 0.469634
117.5; 192509; 193018; 0.464131; 0.463666; 0.47156; 0.472249; 0.485915
117.75; 192204; 190256; 0.477965; 0.478356; 0.487411; 0.487833; 0.504175
118; 191368; 192113; 0.494341; 0.495201; 0.505448; 0.50514; 0.523713
118.25; 191098; 190680; 0.51247; 0.513612; 0.524564; 0.523869; 0.543782
118.5; 189152; 191002; 0.532463; 0.532129; 0.544004; 0.543472; 0.563752
118.75; 188864; 190098; 0.552343; 0.551327; 0.563039; 0.563275; 0.582961
119; 187087; 189224; 0.570786; 0.571243; 0.581301; 0.582281; 0.600652
119.25; 185564; 187642; 0.588596; 0.589598; 0.599054; 0.598745; 0.616069
119.5; 184050; 187218; 0.605165; 0.60544; 0.614271; 0.613117; 0.628359
119.75; 182828; 185001; 0.619464; 0.618596; 0.625562; 0.625781; 0.637297
120; 180737; 184444; 0.629793; 0.629603; 0.633868; 0.634814; 0.642469
120.25; 181129; 183584; 0.636401; 0.63748; 0.639458; 0.639435; 0.643843
120.5; 179956; 182283; 0.640368; 0.640615; 0.641258; 0.640383; 0.641387
120.75; 179144; 181848; 0.640839; 0.639713; 0.638785; 0.638039; 0.635148
121; 179915; 180626; 0.636538; 0.636131; 0.632742; 0.63189; 0.625275
121.25; 179092; 181569; 0.628138; 0.629182; 0.622906; 0.622336; 0.612068
121.5; 178700; 181255; 0.617508; 0.617676; 0.609768; 0.609741; 0.596022
121.75; 179919; 182400; 0.603877; 0.603303; 0.594076; 0.594487; 0.578002
122; 180610; 182632; 0.58748; 0.586954; 0.576409; 0.577231; 0.558628
122.25; 181111; 181941; 0.569142; 0.569064; 0.557913; 0.558108; 0.538614
122.5; 181641; 183173; 0.549925; 0.549944; 0.538584; 0.538484; 0.518568
122.75; 182905; 184073; 0.530957; 0.529764; 0.519707; 0.518453; 0.499317
123; 183257; 183336; 0.511299; 0.510707; 0.50043; 0.500097; 0.481465
123.25; 185869; 186352; 0.492876; 0.492462; 0.482979; 0.48283; 0.465815
123.5; 188289; 185431; 0.47611; 0.476292; 0.46756; 0.468072; 0.453143
123.75; 188524; 189755; 0.461678; 0.462905; 0.455144; 0.456169; 0.444067
124; 189300; 187632; 0.451119; 0.451718; 0.446324; 0.447241; 0.438679
124.25; 192390; 191441; 0.443947; 0.444156; 0.441239; 0.441886; 0.437205
124.5; 191089; 191070; 0.440527; 0.440381; 0.439959; 0.440392; 0.43969
124.75; 190617; 191381; 0.440822; 0.440421; 0.442228; 0.442907; 0.445973
125; 194110; 193573; 0.44482; 0.444623; 0.448377; 0.449316; 0.456069
125.25; 191220; 192120; 0.452372; 0.452752; 0.458685; 0.458806; 0.469571
125.5; 193051; 191944; 0.463672; 0.464126; 0.47237; 0.471389; 0.485833
125.75; 192378; 191489; 0.4783; 0.478022; 0.48793; 0.48728; 0.504128
126; 190537; 191300; 0.495308; 0.494181; 0.505371; 0.505158; 0.523664
126.25; 191407; 190791; 0.513353; 0.512586; 0.524081; 0.524248; 0.543748
126.5; 189106; 191233; 0.532378; 0.532022; 0.543472; 0.543865; 0.563732
126.75; 188347; 189780; 0.552058; 0.551474; 0.562894; 0.563283; 0.582908
127; 187728; 189951; 0.571422; 0.570533; 0.581538; 0.581938; 0.600554
127.25; 185241; 186643; 0.589427; 0.588696; 0.598335; 0.599328; 0.615939
127.5; 184205; 187965; 0.605351; 0.605233; 0.613328; 0.613993; 0.628303
127.75; 182232; 184888; 0.618731; 0.619161; 0.625884; 0.625286; 0.637207
128; 181565; 185256; 0.629265; 0.629917; 0.634634; 0.633892; 0.642427
128.25; 180437; 183239; 0.636581; 0.637156; 0.639143; 0.639714; 0.643918
128.5; 179957; 182345; 0.640287; 0.640771; 0.640446; 0.641346; 0.641544
128.75; 179723; 181048; 0.640066; 0.640655; 0.638689; 0.638298; 0.635228
129; 179147; 181151; 0.636148; 0.636582; 0.632796; 0.631817; 0.625196
129.25; 179242; 181502; 0.628623; 0.628646; 0.622992; 0.622098; 0.611882
129.5; 179444; 181889; 0.617464; 0.617583; 0.610129; 0.609201; 0.595901
129.75; 179452; 182153; 0.603427; 0.603645; 0.594797; 0.593705; 0.577992
130; 180447; 182159; 0.58692; 0.587553; 0.57724; 0.576545; 0.558785
130.25; 181134; 182172; 0.56865; 0.569743; 0.558466; 0.55783; 0.538825
130.5; 181814; 182176; 0.549977; 0.550101; 0.538755; 0.538544; 0.518717
130.75; 182927; 184310; 0.530981; 0.529808; 0.518604; 0.519524; 0.499239
131; 183847; 183865; 0.511007; 0.510942; 0.500083; 0.500271; 0.481284
131.25; 185872; 186157; 0.492054; 0.493234; 0.483332; 0.482379; 0.465735
131.5; 187253; 186398; 0.476239; 0.47615; 0.468049; 0.46763; 0.453216
131.75; 189134; 187820; 0.462851; 0.461726; 0.455694; 0.4557; 0.444151
132; 189873; 189117; 0.451776; 0.451215; 0.446908; 0.44688; 0.438837
132.25; 191090; 189859; 0.444195; 0.444168; 0.441899; 0.44146; 0.437304
132.5; 191438; 191560; 0.440074; 0.440835; 0.440412; 0.439837; 0.439543
132.75; 191975; 192492; 0.440351; 0.440853; 0.44262; 0.442396; 0.445843
133; 192529; 192715; 0.444569; 0.444706; 0.448362; 0.449183; 0.456011
133.25; 192674; 192213; 0.452194; 0.452771; 0.458283; 0.459122; 0.469602
133.5; 192605; 191555; 0.463333; 0.464391; 0.472042; 0.471751; 0.485963
133.75; 191273; 191043; 0.477893; 0.47848; 0.488174; 0.487145; 0.504227
134; 192320; 191526; 0.494392; 0.495234; 0.505585; 0.505038; 0.523686
134.25; 190269; 191201; 0.512571; 0.513435; 0.524471; 0.523799; 0.543618
134.5; 189602; 191024; 0.531971; 0.532369; 0.543929; 0.54324; 0.563561
134.75; 188786; 190472; 0.552267; 0.551139; 0.562642; 0.563412; 0.58283
135; 187309; 188748; 0.570777; 0.571109; 0.581441; 0.582069; 0.600685
135.25; 185228; 187992; 0.588556; 0.589571; 0.599255; 0.598526; 0.616097
135.5; 183873; 186937; 0.605917; 0.604698; 0.614156; 0.613248; 0.628368
135.75; 182773; 185561; 0.618927; 0.619063; 0.626161; 0.625092; 0.637213
136; 181038; 184448; 0.629106; 0.630072; 0.634391; 0.634076; 0.642361
136.25; 180131; 183799; 0.63725; 0.636339; 0.63887; 0.639817; 0.643808
136.5; 180700; 182347; 0.640583; 0.640199; 0.640593; 0.640996; 0.641504
136.75; 179695; 181242; 0.639781; 0.640751; 0.638914; 0.638025; 0.635321
137; 179575; 181279; 0.636365; 0.636446; 0.632639; 0.632167; 0.625396
137.25; 178960; 181523; 0.629255; 0.628303; 0.622378; 0.623018; 0.612053
137.5; 178557; 181368; 0.61779; 0.617535; 0.609461; 0.610091; 0.595983
137.75; 180403; 182537; 0.603297; 0.603872; 0.594516; 0.594034; 0.577983
138; 180099; 182019; 0.586783; 0.587538; 0.57727; 0.576366; 0.558712
138.25; 180703; 182509; 0.569101; 0.56917; 0.558356; 0.557836; 0.538769
138.5; 181916; 182412; 0.550293; 0.549873; 0.539074; 0.538344; 0.518797
138.75; 183065; 183539; 0.531197; 0.529829; 0.519832; 0.518573; 0.499373
139; 183848; 184408; 0.511273; 0.510951; 0.500627; 0.500008; 0.481424
139.25; 185768; 185601; 0.49225; 0.493218; 0.48239; 0.48347; 0.465795
139.5; 187034; 186830; 0.47618; 0.476207; 0.467658; 0.468003; 0.453198
139.75; 189185; 187911; 0.462453; 0.461971; 0.45595; 0.455291; 0.444078
140; 190422; 189207; 0.451619; 0.451249; 0.447066; 0.44658; 0.438762
140.25; 190690; 190367; 0.44477; 0.443515; 0.442237; 0.441048; 0.437239
140.5; 191881; 190754; 0.440571; 0.440475; 0.440362; 0.440032; 0.43962
140.75; 191745; 193305; 0.440223; 0.441244; 0.442207; 0.443031; 0.445928
141; 191756; 192260; 0.444466; 0.444981; 0.448412; 0.44925; 0.456026
141.25; 192919; 192638; 0.452048; 0.452898; 0.458297; 0.459105; 0.469611
141.5; 193001; 191236; 0.463378; 0.464133; 0.471516; 0.472122; 0.485957
141.75; 191479; 191360; 0.478214; 0.477913; 0.48748; 0.487613; 0.504139
142; 192120; 191528; 0.495104; 0.494349; 0.505197; 0.505231; 0.523568
142.25; 189296; 191407; 0.51332; 0.512705; 0.524286; 0.523959; 0.54355
142.5; 189644; 190727; 0.532645; 0.53177; 0.543946; 0.543256; 0.563532
142.75; 189133; 190727; 0.552252; 0.551123; 0.563612; 0.562398; 0.58279
143; 186765; 188874; 0.570862; 0.570827; 0.581505; 0.581837; 0.600628
143.25; 185921; 188298; 0.588294; 0.58957; 0.5982; 0.599355; 0.616042
143.5; 184065; 186499; 0.605073; 0.605347; 0.613729; 0.613496; 0.628313
143.75; 182158; 186373; 0.619455; 0.618561; 0.626158; 0.625089; 0.637186
144; 181240; 184108; 0.630236; 0.629221; 0.634695; 0.633996; 0.642411
144.25; 179790; 183776; 0.636723; 0.637189; 0.639681; 0.639261; 0.643875
144.5; 180072; 182828; 0.639959; 0.641011; 0.640984; 0.640736; 0.641528
144.75; 180083; 181003; 0.639975; 0.640485; 0.638082; 0.638775; 0.635284
145; 179215; 181384; 0.636347; 0.636148; 0.631799; 0.632734; 0.625297
145.25; 179334; 181643; 0.628998; 0.628412; 0.622659; 0.622607; 0.612004
145.5; 179053; 181896; 0.61833; 0.617151; 0.610309; 0.609389; 0.596019
145.75; 179001; 182798; 0.604014; 0.603569; 0.59498; 0.593895; 0.578048
146; 180177; 181778; 0.587343; 0.587481; 0.576632; 0.577409; 0.55884
146.25; 181105; 182644; 0.569102; 0.56937; 0.557765; 0.558631; 0.538883
146.5; 181489; 182483; 0.549996; 0.549977; 0.538662; 0.538674; 0.518866
146.75; 182794; 184026; 0.530842; 0.53001; 0.519571; 0.518754; 0.499438
147; 184231; 184026; 0.511501; 0.510724; 0.500739; 0.499922; 0.481447
147.25; 185127; 187273; 0.49295; 0.492844; 0.483024; 0.483095; 0.465837
147.5; 186233; 185771; 0.476153; 0.476737; 0.467593; 0.468449; 0.453297
147.75; 189312; 188983; 0.461895; 0.462999; 0.45544; 0.456181; 0.444213
148; 189460; 188417; 0.451269; 0.451593; 0.446313; 0.447373; 0.438824
148.25; 191669; 190206; 0.44441; 0.443593; 0.441277; 0.441809; 0.437234
148.5; 191629; 192058; 0.440883; 0.439971; 0.44044; 0.439784; 0.439551
148.75; 190385; 192325; 0.441039; 0.440288; 0.443104; 0.441966; 0.445795
149; 192695; 193555; 0.445132; 0.444363; 0.448853; 0.448764; 0.455901
149.25; 192019; 192043; 0.452634; 0.452444; 0.458477; 0.458934; 0.469504
149.5; 192103; 192160; 0.46374; 0.463743; 0.471474; 0.472043; 0.485789
149.75; 192741; 192211; 0.478069; 0.477791; 0.487686; 0.487136; 0.50401
150; 190024; 190546; 0.494506; 0.494482; 0.505454; 0.504578; 0.523418
150.25; 191331; 192182; 0.512634; 0.512922; 0.524145; 0.523737; 0.543472
150.5; 188367; 191191; 0.531998; 0.532182; 0.543748; 0.543262; 0.563476
150.75; 188855; 190340; 0.551977; 0.551356; 0.563487; 0.562458; 0.58275
151; 186859; 189848; 0.571332; 0.570346; 0.581866; 0.581371; 0.600481
151.25; 184316; 187932; 0.588982; 0.588728; 0.598301; 0.599049; 0.615861
151.5; 184915; 187543; 0.604516; 0.605659; 0.613017; 0.613999; 0.628266
151.75; 181554; 185755; 0.618566; 0.619103; 0.625418; 0.625585; 0.637164
152; 181582; 184892; 0.630008; 0.629137; 0.633819; 0.634662; 0.642419
152.25; 180302; 183858; 0.637201; 0.636625; 0.639187; 0.639729; 0.643909
152.5; 178876; 182816; 0.640627; 0.640435; 0.641291; 0.640504; 0.641526
152.75; 180279; 182164; 0.640715; 0.639961; 0.638856; 0.638167; 0.635306
153; 178390; 181108; 0.636781; 0.635905; 0.631998; 0.632702; 0.62536
153.25; 179298; 182361; 0.628981; 0.628475; 0.622436; 0.622943; 0.61212
153.5; 179031; 182111; 0.617813; 0.617655; 0.61018; 0.609605; 0.596175
153.75; 179086; 181443; 0.603711; 0.603889; 0.595049; 0.59394; 0.578183
154; 180170; 183888; 0.587934; 0.58707; 0.577619; 0.576611; 0.558916
154.25; 180728; 182236; 0.569866; 0.568998; 0.55881; 0.557902; 0.538955
154.5; 181371; 182465; 0.550461; 0.549976; 0.539239; 0.538459; 0.51894
154.75; 182471; 183617; 0.531138; 0.52994; 0.519693; 0.518819; 0.499494
155; 183210; 185400; 0.511096; 0.511249; 0.500916; 0.499886; 0.481544
155.25; 185842; 185820; 0.492377; 0.493397; 0.483499; 0.482699; 0.465976
155.5; 186852; 186753; 0.47666; 0.476241; 0.468287; 0.467813; 0.453345
155.75; 187966; 188716; 0.462921; 0.462059; 0.455786; 0.455878; 0.444165
156; 190217; 189357; 0.45133; 0.45175; 0.446477; 0.447294; 0.438745
156.25; 190834; 190670; 0.443676; 0.444528; 0.441424; 0.441767; 0.43722
156.5; 191264; 191541; 0.440552; 0.440287; 0.440633; 0.439575; 0.439536
156.75; 191207; 192903; 0.441045; 0.440113; 0.442655; 0.442307; 0.445803
157; 192397; 193034; 0.444886; 0.444437; 0.448257; 0.449243; 0.455909
157.25; 191790; 192844; 0.452851; 0.452158; 0.458648; 0.458644; 0.469381
157.5; 191844; 191470; 0.464105; 0.463305; 0.472136; 0.471198; 0.485599
157.75; 191639; 192370; 0.478009; 0.477674; 0.486814; 0.487754; 0.503804
158; 191894; 191466; 0.494092; 0.494767; 0.504799; 0.50512; 0.523397
158.25; 189694; 191577; 0.512271; 0.513149; 0.524066; 0.523754; 0.543507
158.5; 190050; 191824; 0.531854; 0.53217; 0.543681; 0.54325; 0.563514
158.75; 187396; 189604; 0.551165; 0.552071; 0.562688; 0.56318; 0.582736
159; 186783; 190308; 0.570667; 0.570952; 0.581115; 0.582025; 0.60041
159.25; 185319; 187876; 0.589275; 0.58845; 0.598223; 0.599076; 0.615773
159.5; 183661; 187597; 0.605457; 0.604648; 0.613188; 0.613741; 0.62818
159.75; 182572; 185435; 0.619146; 0.618471; 0.625708; 0.625281; 0.637196
160; 181348; 185010; 0.629933; 0.629194; 0.63465; 0.633884; 0.642483
160.25; 179321; 183581; 0.637035; 0.636783; 0.639614; 0.639331; 0.643963
160.5; 179848; 182845; 0.640404; 0.640669; 0.640949; 0.640856; 0.641537
160.75; 180351; 181688; 0.639958; 0.640725; 0.638414; 0.638595; 0.635294
161; 178529; 181373; 0.636173; 0.636547; 0.631967; 0.632767; 0.625386
161.25; 179046; 182187; 0.628888; 0.628558; 0.622394; 0.623006; 0.612164
161.5; 179934; 182111; 0.618045; 0.617377; 0.609713; 0.610076; 0.59621
161.75; 178455; 181705; 0.604133; 0.603391; 0.594379; 0.594574; 0.578222
162; 180452; 182673; 0.587911; 0.58701; 0.577144; 0.577011; 0.558904
162.25; 180554; 182976; 0.569804; 0.568923; 0.558071; 0.558498; 0.538889
162.5; 181764; 181672; 0.550038; 0.550343; 0.538591; 0.539013; 0.518876
162.75; 182859; 184942; 0.529977; 0.531118; 0.519556; 0.518963; 0.499516
163; 183677; 183319; 0.511626; 0.510734; 0.500815; 0.500039; 0.481602
163.25; 185521; 186859; 0.493211; 0.492534; 0.482798; 0.483373; 0.465948
163.5; 186809; 185652; 0.47601; 0.476797; 0.46757; 0.468446; 0.453331
163.75; 189389; 188906; 0.462127; 0.462792; 0.455975; 0.455629; 0.444158
164; 189351; 188947; 0.451416; 0.451754; 0.447381; 0.446468; 0.438766
164.25; 190962; 190318; 0.443852; 0.44453; 0.44153; 0.441786; 0.437235
164.5; 191607; 191753; 0.440244; 0.440787; 0.439734; 0.440624; 0.43959
164.75; 191624; 192304; 0.440762; 0.440608; 0.442518; 0.442626; 0.445867
165; 191886; 192914; 0.444959; 0.444456; 0.44914; 0.448465; 0.45597
165.25; 192317; 192251; 0.452691; 0.452248; 0.458997; 0.458321; 0.469484
165.5; 192659; 192245; 0.464125; 0.463314; 0.472006; 0.471462; 0.485759
165.75; 191998; 191583; 0.478515; 0.477455; 0.487381; 0.487494; 0.503961
166; 191158; 191166; 0.494971; 0.494213; 0.504956; 0.505209; 0.523439
166.25; 190100; 191779; 0.512893; 0.51275; 0.523863; 0.524058; 0.543453
166.5; 189381; 190891; 0.531948; 0.532118; 0.543246; 0.543663; 0.563454
166.75; 188573; 190554; 0.551038; 0.552093; 0.562321; 0.563462; 0.582729
167; 186830; 189292; 0.570483; 0.571038; 0.581361; 0.581765; 0.600466
167.25; 185535; 188269; 0.588823; 0.588919; 0.59888; 0.598498; 0.615863
167.5; 183819; 186513; 0.605208; 0.605017; 0.613969; 0.613057; 0.628202
167.75; 182148; 186241; 0.618788; 0.618882; 0.625917; 0.625025; 0.637084
168; 181460; 185155; 0.629239; 0.629868; 0.634267; 0.634155; 0.642359
168.25; 179652; 183218; 0.636493; 0.637136; 0.639149; 0.639631; 0.6439
168.5; 180596; 182781; 0.640219; 0.640687; 0.640419; 0.641332; 0.641625
168.75; 179693; 180637; 0.639993; 0.640596; 0.638122; 0.63889; 0.635378
169; 178951; 182122; 0.635936; 0.636764; 0.632034; 0.632647; 0.625333
169.25; 179600; 181657; 0.628289; 0.629193; 0.622132; 0.623152; 0.611976
169.5; 178553; 182292; 0.617069; 0.618401; 0.609292; 0.610371; 0.596024
169.75; 179312; 182519; 0.603479; 0.604066; 0.59396; 0.594975; 0.578201
170; 180649; 181254; 0.587818; 0.587036; 0.57668; 0.577541; 0.559054
170.25; 180701; 182938; 0.569764; 0.568945; 0.558183; 0.55854; 0.539115
170.5; 181794; 181978; 0.54977; 0.550602; 0.538712; 0.538956; 0.518976
170.75; 182928; 183984; 0.530197; 0.53091; 0.518801; 0.519645; 0.499404
171; 183585; 184507; 0.511655; 0.51075; 0.499942; 0.500787; 0.481393
171.25; 185827; 185758; 0.493115; 0.492713; 0.482769; 0.48337; 0.465852
171.5; 186922; 187046; 0.475829; 0.476989; 0.467787; 0.468268; 0.453371
171.75; 189015; 188249; 0.462367; 0.462434; 0.455393; 0.456238; 0.444287
172; 190685; 188451; 0.452031; 0.451037; 0.446566; 0.447314; 0.438901
172.25; 190807; 190599; 0.44392; 0.444274; 0.441883; 0.441297; 0.437203
172.5; 191327; 191030; 0.439881; 0.440932; 0.44038; 0.439712; 0.439431
172.75; 191910; 193358; 0.440817; 0.440517; 0.44244; 0.442591; 0.445738
173; 192030; 192147; 0.445192; 0.444284; 0.448604; 0.449012; 0.455915
173.25; 191751; 192763; 0.452361; 0.452649; 0.458718; 0.458647; 0.469502
173.5; 193251; 191756; 0.463253; 0.464132; 0.472036; 0.471402; 0.485779
173.75; 191928; 191693; 0.478144; 0.477639; 0.487768; 0.48703; 0.504033
174; 191351; 191171; 0.495134; 0.493862; 0.505664; 0.504401; 0.523429
174.25; 191507; 191053; 0.512926; 0.512674; 0.524139; 0.523742; 0.543429
174.5; 188038; 191068; 0.532116; 0.532001; 0.543308; 0.543619; 0.563433
174.75; 189322; 190461; 0.552054; 0.551297; 0.562379; 0.563586; 0.582772
175; 186831; 188120; 0.571127; 0.57051; 0.58151; 0.58173; 0.600516
175.25; 185552; 189263; 0.589309; 0.588382; 0.599303; 0.598046; 0.615839
175.5; 184322; 185916; 0.605514; 0.604631; 0.613174; 0.613813; 0.628225
175.75; 183067; 186103; 0.618736; 0.618942; 0.625078; 0.625926; 0.637177
176; 180524; 184471; 0.62897; 0.63015; 0.634138; 0.634344; 0.642445
176.25; 180932; 183822; 0.636731; 0.637042; 0.639461; 0.639438; 0.643926
176.5; 180117; 183003; 0.64088; 0.640167; 0.641086; 0.640781; 0.641639
176.75; 179391; 180650; 0.640695; 0.639916; 0.638886; 0.638137; 0.635368
177; 180210; 181213; 0.63631; 0.636282; 0.632667; 0.63193; 0.625305
177.25; 179437; 181719; 0.628377; 0.628992; 0.622898; 0.622315; 0.611971
177.5; 178902; 181847; 0.617096; 0.618314; 0.609755; 0.609902; 0.596056
177.75; 179669; 182577; 0.603332; 0.604247; 0.593886; 0.595065; 0.578203
178; 179851; 181345; 0.586916; 0.58798; 0.57706; 0.577145; 0.55901
178.25; 181682; 182510; 0.568849; 0.569755; 0.558778; 0.557771; 0.538975
178.5; 181932; 182695; 0.54989; 0.550246; 0.538791; 0.538643; 0.518849
178.75; 182998; 182976; 0.530894; 0.530069; 0.518551; 0.5198; 0.499399
179; 184181; 184840; 0.511431; 0.510886; 0.500756; 0.499946; 0.481429
179.25; 185377; 185496; 0.492593; 0.493168; 0.483284; 0.482831; 0.465863
179.5; 187388; 185987; 0.476066; 0.476782; 0.467491; 0.46858; 0.45337
179.75; 188846; 188407; 0.462646; 0.462099; 0.455868; 0.455648; 0.444182
180; 190430; 188821; 0.45183; 0.451047; 0.447327; 0.446309; 0.43873
180.25; 191319; 190640; 0.444488; 0.443765; 0.441814; 0.441413; 0.437205
180.5; 191398; 191001; 0.440929; 0.44003; 0.44035; 0.439931; 0.439543
180.75; 191840; 192142; 0.44092; 0.440429; 0.442964; 0.442178; 0.445883
181; 192738; 193057; 0.444865; 0.444628; 0.44933; 0.448392; 0.456048
181.25; 192059; 191969; 0.452603; 0.45236; 0.459213; 0.45815; 0.469522
181.5; 193384; 190852; 0.463871; 0.463506; 0.47187; 0.471526; 0.485703
181.75; 191373; 191953; 0.47843; 0.477454; 0.487385; 0.487407; 0.503934
182; 192150; 191269; 0.494959; 0.494174; 0.50532; 0.504802; 0.523419
182.25; 190475; 191094; 0.51308; 0.512677; 0.524329; 0.523716; 0.543519
182.5; 188928; 190756; 0.532175; 0.532024; 0.543786; 0.543271; 0.563526
182.75; 189204; 189983; 0.551121; 0.552143; 0.562584; 0.563332; 0.582791
183; 186823; 189612; 0.570303; 0.571251; 0.581037; 0.582125; 0.600508
183.25; 185794; 187282; 0.588397; 0.589282; 0.598437; 0.59888; 0.615852
183.5; 184424; 187598; 0.604563; 0.60562; 0.613488; 0.613515; 0.628229
183.75; 181954; 185367; 0.618411; 0.619338; 0.625723; 0.625344; 0.637186
184; 181433; 184404; 0.629264; 0.629882; 0.634685; 0.633822; 0.642437
184.25; 180783; 183512; 0.637111; 0.636552; 0.639738; 0.639072; 0.643901
184.5; 179792; 181751; 0.640865; 0.639962; 0.64105; 0.640588; 0.641513
184.75; 180027; 181165; 0.640352; 0.640111; 0.638817; 0.638036; 0.635269
185; 179698; 181832; 0.636071; 0.636567; 0.632632; 0.632008; 0.625321
185.25; 179183; 181033; 0.628226; 0.629282; 0.622826; 0.622527; 0.612054
185.5; 178781; 182502; 0.617634; 0.617934; 0.609859; 0.609938; 0.596096
185.75; 179566; 181889; 0.604093; 0.603481; 0.594337; 0.594628; 0.578188
186; 180119; 181976; 0.587873; 0.586899; 0.57699; 0.577117; 0.558969
186.25; 182047; 182276; 0.569617; 0.568929; 0.558402; 0.558124; 0.53899
186.5; 181852; 181925; 0.550416; 0.549806; 0.539121; 0.538408; 0.518903
186.75; 182424; 184210; 0.5303; 0.530835; 0.519771; 0.518752; 0.499463
187; 184578; 184013; 0.510772; 0.511752; 0.499965; 0.500931; 0.481547
187.25; 185169; 185287; 0.492903; 0.492958; 0.482883; 0.483327; 0.465916
187.5; 187197; 186981; 0.476744; 0.476096; 0.468573; 0.467479; 0.453323
187.75; 189468; 187621; 0.462517; 0.462287; 0.455662; 0.455913; 0.444213
188; 189681; 189442; 0.451457; 0.451479; 0.446386; 0.447317; 0.438778
188.25; 191637; 189903; 0.444164; 0.444101; 0.441546; 0.441692; 0.437224
188.5; 191567; 191361; 0.440331; 0.440669; 0.440198; 0.44011; 0.439549
188.75; 191438; 192691; 0.440362; 0.441071; 0.442865; 0.442258; 0.445792
189; 192488; 193218; 0.444708; 0.444737; 0.449269; 0.448317; 0.455904
189.25; 192080; 190552; 0.452964; 0.451853; 0.458844; 0.458364; 0.469434
189.5; 193337; 192987; 0.463608; 0.463597; 0.471598; 0.471679; 0.485703
189.75; 191915; 190664; 0.477413; 0.478334; 0.487184; 0.487517; 0.503933
190; 191444; 191766; 0.494235; 0.494852; 0.504732; 0.505356; 0.523424
190.25; 190807; 191785; 0.512712; 0.512965; 0.523419; 0.524522; 0.543456
190.5; 188499; 190235; 0.532282; 0.53188; 0.54318; 0.54379; 0.563443
190.75; 188804; 190814; 0.552146; 0.551062; 0.563562; 0.562274; 0.582685
191; 187246; 188639; 0.571096; 0.570308; 0.581466; 0.581562; 0.600433
191.25; 185373; 188411; 0.588485; 0.58903; 0.598083; 0.599113; 0.615832
191.5; 184369; 186937; 0.604513; 0.605583; 0.613938; 0.613009; 0.628224
191.75; 182346; 185421; 0.618914; 0.618806; 0.625531; 0.625503; 0.637171
192; 180773; 185360; 0.62994; 0.629291; 0.63377; 0.634769; 0.642415
192.25; 180322; 183416; 0.637119; 0.636653; 0.639708; 0.639182; 0.643915
192.5; 180332; 182498; 0.640388; 0.640537; 0.641327; 0.640403; 0.641549
192.75; 179781; 181267; 0.64023; 0.640309; 0.638346; 0.638604; 0.635333
193; 179328; 181573; 0.636333; 0.636345; 0.631752; 0.632973; 0.625417
193.25; 178995; 181460; 0.628488; 0.629073; 0.622553; 0.622912; 0.612144
193.5; 179186; 182773; 0.617403; 0.618246; 0.610273; 0.609646; 0.596201
193.75; 179368; 182016; 0.60337; 0.604384; 0.595002; 0.594136; 0.578277
194; 179729; 181702; 0.587427; 0.587647; 0.577328; 0.577039; 0.559074
194.25; 181472; 182508; 0.569856; 0.569055; 0.558539; 0.558276; 0.539062
194.5; 181597; 182387; 0.550634; 0.549855; 0.539145; 0.538622; 0.518999
194.75; 182319; 183693; 0.530758; 0.530465; 0.519743; 0.518886; 0.499535
195; 183967; 185453; 0.510833; 0.511748; 0.500682; 0.50031; 0.481612
195.25; 185818; 185504; 0.492677; 0.493368; 0.48265; 0.483736; 0.466007
195.5; 186258; 186961; 0.476898; 0.476089; 0.467835; 0.468329; 0.45337
195.75; 189324; 188329; 0.462655; 0.462295; 0.456164; 0.455503; 0.444207
196; 190162; 188884; 0.451483; 0.451627; 0.447441; 0.446393; 0.438784
196.25; 190416; 190753; 0.444314; 0.443938; 0.441402; 0.44185; 0.437248
196.5; 191752; 191892; 0.440775; 0.440177; 0.43962; 0.440674; 0.439574
196.75; 192112; 191707; 0.440694; 0.440728; 0.442804; 0.442341; 0.445836
197; 190903; 193679; 0.444679; 0.444765; 0.449336; 0.448187; 0.455807
197.25; 192079; 192378; 0.452682; 0.452142; 0.458322; 0.458767; 0.469284
197.5; 192966; 192048; 0.463943; 0.46318; 0.471012; 0.472094; 0.485546
197.75; 191758; 191920; 0.477689; 0.477819; 0.486992; 0.487458; 0.503811
198; 191428; 191116; 0.493858; 0.494914; 0.504555; 0.505259; 0.523327
198.25; 190311; 192049; 0.512394; 0.513048; 0.52341; 0.524348; 0.543426
198.5; 188882; 190650; 0.531841; 0.532077; 0.543109; 0.543636; 0.563339
198.75; 188480; 190356; 0.551329; 0.551574; 0.56304; 0.562461; 0.582526
199; 186833; 189800; 0.570366; 0.5708; 0.581801; 0.580941; 0.600236
199.25; 185682; 188276; 0.588564; 0.588767; 0.598085; 0.59891; 0.615711
199.5; 183872; 186986; 0.605215; 0.604697; 0.612997; 0.613813; 0.628195
199.75; 182350; 186440; 0.619173; 0.618304; 0.625237; 0.625647; 0.63717
200; 181335; 184878; 0.629898; 0.629158; 0.633982; 0.634455; 0.64242
