0.005; 15514.2; 7784.52; 5.03061e-05; 5.01818e-05; 5.03004e-05; 5.01127e-05; 4.94681e-05
0.25; 67312.5; 82118.3; 0.0359515; 0.0343354; 0.0358303; 0.0342186; 0.0346436
0.5; 82492; 80294.4; 0.189464; 0.190493; 0.188798; 0.189755; 0.188097
0.75; 77268.8; 79688.9; 0.387518; 0.387311; 0.385678; 0.385381; 0.382219
1; 87192; 88421.5; 0.573593; 0.572753; 0.570146; 0.569368; 0.563786
1.25; 96235.4; 91334.8; 0.688624; 0.69017; 0.682758; 0.684322; 0.673417
1.5; 117570; 139076; 0.705526; 0.706674; 0.696434; 0.697674; 0.681213
1.75; 131012; 135158; 0.636739; 0.635685; 0.624504; 0.62334; 0.602398
2; 154787; 156605; 0.548434; 0.54996; 0.535018; 0.535997; 0.511566
2.25; 163358; 163527; 0.532273; 0.533449; 0.51953; 0.520158; 0.497073
2.5; 141797; 140652; 0.564393; 0.56398; 0.552089; 0.551562; 0.530237
2.75; 130072; 128406; 0.565978; 0.566012; 0.553631; 0.554413; 0.533099
3; 127468; 131486; 0.520605; 0.521302; 0.509335; 0.509998; 0.489877
3.25; 131955; 132997; 0.45995; 0.45965; 0.451252; 0.449644; 0.43404
3.5; 133046; 123796; 0.450177; 0.449675; 0.444601; 0.443411; 0.433606
3.75; 110964; 115057; 0.47567; 0.476888; 0.473523; 0.473161; 0.468228
4; 112450; 116852; 0.482082; 0.482424; 0.481821; 0.482127; 0.481521
4.25; 120951; 122193; 0.460764; 0.45953; 0.46302; 0.461847; 0.466409
4.5; 144051; 146161; 0.437209; 0.436131; 0.442479; 0.441214; 0.450854
4.75; 140862; 143892; 0.462798; 0.461377; 0.470869; 0.469574; 0.484357
5; 116605; 117330; 0.498146; 0.499466; 0.50828; 0.509803; 0.527033
5.25; 102053; 103957; 0.515857; 0.514885; 0.527825; 0.52656; 0.547872
5.5; 106370; 107417; 0.513267; 0.514344; 0.52624; 0.527271; 0.549484
5.75; 136117; 135650; 0.520911; 0.522587; 0.534025; 0.535601; 0.557771
6; 125442; 124575; 0.562433; 0.560971; 0.575063; 0.573557; 0.596247
6.25; 116922; 118954; 0.594117; 0.595445; 0.606364; 0.60763; 0.628486
6.5; 118279; 113629; 0.609434; 0.60937; 0.620829; 0.620769; 0.640743
6.75; 123325; 121957; 0.611214; 0.610037; 0.620851; 0.619721; 0.63718
7; 144247; 132146; 0.615268; 0.614237; 0.621307; 0.621046; 0.632405
7.25; 130302; 130989; 0.635084; 0.634854; 0.636775; 0.636917; 0.640102
7.5; 120567; 126756; 0.651954; 0.652577; 0.65077; 0.651018; 0.648496
7.75; 120071; 122066; 0.654709; 0.654607; 0.652174; 0.651249; 0.646547
8; 127060; 121532; 0.641245; 0.640129; 0.636982; 0.636231; 0.629505
8.25; 138067; 130239; 0.61917; 0.618797; 0.612689; 0.613001; 0.602073
8.5; 145501; 137211; 0.600466; 0.600136; 0.590598; 0.591329; 0.574627
8.75; 140491; 139350; 0.589065; 0.588761; 0.5757; 0.576715; 0.554005
9; 133622; 135947; 0.579421; 0.579434; 0.564224; 0.565026; 0.538791
9.25; 128078; 133774; 0.562924; 0.564099; 0.548042; 0.549253; 0.522698
9.5; 133025; 131884; 0.537242; 0.537813; 0.52384; 0.524778; 0.501158
9.75; 147382; 138013; 0.506946; 0.505833; 0.495698; 0.494778; 0.475654
10; 158989; 148364; 0.480505; 0.480245; 0.470566; 0.469894; 0.452437
10.25; 150733; 152204; 0.467689; 0.468729; 0.458585; 0.459379; 0.44288
10.5; 144685; 146827; 0.46224; 0.462306; 0.455369; 0.455939; 0.444086
10.75; 144007; 142696; 0.455584; 0.45498; 0.452174; 0.451506; 0.4458
11; 151321; 146805; 0.445795; 0.445476; 0.445921; 0.445182; 0.445376
11.25; 168805; 157342; 0.438348; 0.438314; 0.441317; 0.44104; 0.446133
11.5; 159312; 166968; 0.445021; 0.444457; 0.450169; 0.449765; 0.459132
11.75; 158768; 156185; 0.460347; 0.460037; 0.468478; 0.468411; 0.482881
12; 158235; 148104; 0.477068; 0.47686; 0.487749; 0.487651; 0.506486
12.25; 157226; 155415; 0.492466; 0.491831; 0.50474; 0.504358; 0.526225
12.5; 164229; 161830; 0.507748; 0.506971; 0.52082; 0.520286; 0.54363
12.75; 166632; 164929; 0.525792; 0.526262; 0.539798; 0.538994; 0.562795
13; 166232; 163453; 0.549516; 0.549734; 0.563211; 0.56221; 0.585612
13.25; 161379; 158676; 0.576241; 0.575064; 0.588244; 0.587859; 0.609753
13.5; 160025; 157042; 0.598686; 0.599692; 0.610469; 0.610258; 0.629918
13.75; 158671; 153944; 0.616027; 0.616589; 0.625344; 0.625745; 0.641708
14; 162426; 158130; 0.62711; 0.626294; 0.632779; 0.633801; 0.644823
14.25; 164161; 163248; 0.63306; 0.632461; 0.636698; 0.635695; 0.642195
14.5; 165645; 164057; 0.637275; 0.636539; 0.637448; 0.636758; 0.637432
14.75; 163507; 163091; 0.639594; 0.638851; 0.636014; 0.63684; 0.631533
15; 160198; 159698; 0.63697; 0.63803; 0.631655; 0.632496; 0.622599
15.25; 159700; 156899; 0.628609; 0.629468; 0.620627; 0.621903; 0.60769
15.5; 162812; 160524; 0.61374; 0.612996; 0.603441; 0.603418; 0.586038
15.75; 165757; 163380; 0.59328; 0.59232; 0.581509; 0.580485; 0.560314
16; 168512; 167684; 0.571379; 0.570374; 0.558316; 0.557159; 0.534722
16.25; 168892; 168882; 0.550483; 0.549437; 0.536442; 0.53595; 0.512095
16.5; 168935; 167461; 0.530683; 0.529764; 0.516143; 0.517203; 0.492971
16.75; 168692; 166809; 0.510065; 0.510685; 0.497744; 0.497991; 0.475984
17; 170890; 168400; 0.489381; 0.490187; 0.4795; 0.478346; 0.459916
17.25; 175460; 172743; 0.47045; 0.469443; 0.46088; 0.461476; 0.44583
17.5; 180349; 177511; 0.453752; 0.453591; 0.447097; 0.447567; 0.436243
17.75; 183329; 180400; 0.442929; 0.443927; 0.44033; 0.439347; 0.433562
18; 182688; 181804; 0.440493; 0.439816; 0.439543; 0.439604; 0.438556
18.25; 182530; 179658; 0.442825; 0.442439; 0.444605; 0.445794; 0.449707
18.5; 182573; 178314; 0.448241; 0.449265; 0.454288; 0.454399; 0.464128
18.75; 183946; 180720; 0.457772; 0.457292; 0.466407; 0.465235; 0.480308
19; 188830; 184209; 0.470105; 0.46899; 0.480345; 0.479689; 0.498327
19.25; 190560; 186676; 0.485702; 0.486249; 0.49845; 0.497619; 0.519139
19.5; 189790; 187546; 0.50633; 0.507457; 0.520293; 0.519634; 0.542838
19.75; 187593; 185721; 0.530682; 0.530392; 0.543411; 0.54471; 0.567739
20; 185163; 183217; 0.554714; 0.553789; 0.56795; 0.567349; 0.591068
20.25; 183897; 182046; 0.575319; 0.576377; 0.588811; 0.588107; 0.610518
20.5; 185260; 182769; 0.594552; 0.594541; 0.60498; 0.606368; 0.625167
20.75; 184111; 183066; 0.61091; 0.610283; 0.619687; 0.619502; 0.635323
21; 183232; 182365; 0.62445; 0.624004; 0.6311; 0.630122; 0.641781
21.25; 180788; 181063; 0.63538; 0.634306; 0.638661; 0.638032; 0.644456
21.5; 177483; 176652; 0.641223; 0.640892; 0.64202; 0.641184; 0.642556
21.75; 178028; 176349; 0.641057; 0.64191; 0.639302; 0.638874; 0.634893
22; 178454; 177029; 0.63524; 0.636244; 0.630145; 0.630849; 0.621331
22.25; 179684; 179761; 0.624253; 0.625306; 0.616364; 0.617388; 0.603066
22.5; 182087; 181346; 0.610153; 0.61025; 0.600542; 0.599467; 0.582157
22.75; 182055; 183015; 0.593784; 0.592598; 0.581462; 0.581009; 0.560299
23; 181261; 181301; 0.574349; 0.57406; 0.561367; 0.560851; 0.538183
23.25; 181510; 182152; 0.553296; 0.553285; 0.540223; 0.539197; 0.51593
23.5; 183121; 181484; 0.531381; 0.53019; 0.517155; 0.517726; 0.494082
23.75; 184537; 184504; 0.507838; 0.507985; 0.495015; 0.495861; 0.473636
24; 188333; 186648; 0.486108; 0.487157; 0.476104; 0.475152; 0.456379
24.25; 190458; 189536; 0.469088; 0.468427; 0.459947; 0.459612; 0.444065
24.5; 190585; 189541; 0.455597; 0.454881; 0.448215; 0.449376; 0.43751
24.75; 192370; 191927; 0.446115; 0.446355; 0.442789; 0.44257; 0.436463
25; 191896; 190410; 0.44136; 0.441954; 0.441797; 0.440588; 0.440356
25.25; 193686; 192669; 0.441511; 0.441249; 0.443827; 0.444168; 0.448588
25.5; 195372; 193490; 0.446163; 0.445213; 0.450756; 0.451679; 0.460895
25.75; 195914; 193085; 0.455038; 0.455077; 0.463312; 0.463041; 0.477386
26; 194809; 193431; 0.469179; 0.469657; 0.480217; 0.479194; 0.497687
26.25; 194894; 192637; 0.487945; 0.487644; 0.49986; 0.499666; 0.520712
26.5; 191762; 191204; 0.508683; 0.508475; 0.521556; 0.52184; 0.544644
26.75; 190802; 189745; 0.530734; 0.529935; 0.544104; 0.543855; 0.567848
27; 190674; 189594; 0.55249; 0.551853; 0.5662; 0.565104; 0.589217
27.25; 188222; 188539; 0.572799; 0.573963; 0.585951; 0.586011; 0.608037
27.5; 187961; 186855; 0.593358; 0.593516; 0.603946; 0.605034; 0.623851
27.75; 184285; 185589; 0.611541; 0.61108; 0.619856; 0.620684; 0.635945
28; 181383; 181968; 0.625898; 0.625752; 0.632276; 0.632249; 0.643529
28.25; 179727; 180432; 0.635499; 0.635967; 0.639685; 0.639066; 0.64574
28.5; 179331; 178896; 0.63995; 0.640886; 0.641267; 0.640921; 0.642279
28.75; 179513; 179560; 0.639741; 0.640093; 0.637437; 0.637681; 0.633425
29; 178064; 178748; 0.6351; 0.634211; 0.629115; 0.629538; 0.62
29.25; 179540; 180802; 0.62555; 0.62489; 0.617483; 0.616914; 0.603161
29.5; 177655; 179508; 0.611282; 0.612393; 0.601995; 0.601156; 0.583628
29.75; 178200; 179692; 0.594804; 0.594878; 0.583163; 0.582689; 0.56207
30; 179732; 179666; 0.575124; 0.574364; 0.561838; 0.561723; 0.539091
30.25; 180930; 179832; 0.552733; 0.552416; 0.538877; 0.539384; 0.515607
30.5; 182724; 183990; 0.529537; 0.530182; 0.516086; 0.51693; 0.493155
30.75; 184377; 183513; 0.507411; 0.508243; 0.494961; 0.495501; 0.473205
31; 186096; 186865; 0.487836; 0.487409; 0.476429; 0.476503; 0.456936
31.25; 187543; 188580; 0.470686; 0.469685; 0.461249; 0.461002; 0.44527
31.5; 190028; 189339; 0.456261; 0.455953; 0.44952; 0.44984; 0.438438
31.75; 192804; 190709; 0.446118; 0.445913; 0.442247; 0.442811; 0.436433
32; 193673; 193055; 0.440853; 0.440462; 0.439955; 0.440433; 0.439387
32.25; 193917; 194131; 0.440761; 0.440242; 0.442661; 0.44337; 0.447394
32.5; 195554; 194453; 0.445644; 0.445714; 0.450525; 0.4516; 0.460489
32.75; 193825; 193439; 0.455511; 0.456115; 0.463361; 0.464287; 0.477853
33; 194063; 192724; 0.470037; 0.470208; 0.479912; 0.480894; 0.498405
33.25; 193198; 192668; 0.48751; 0.487783; 0.499317; 0.500046; 0.520743
33.5; 193361; 193020; 0.507546; 0.507631; 0.520198; 0.521358; 0.543866
33.75; 191358; 190398; 0.52891; 0.529453; 0.542491; 0.543191; 0.566745
34; 190231; 191289; 0.550923; 0.552012; 0.565268; 0.564544; 0.588419
34.25; 188203; 188348; 0.573748; 0.57322; 0.586421; 0.585622; 0.607953
34.5; 185580; 187860; 0.594078; 0.593762; 0.604648; 0.605292; 0.624298
34.75; 183230; 183356; 0.61113; 0.612023; 0.620335; 0.62085; 0.636379
35; 181453; 182932; 0.625033; 0.625937; 0.632361; 0.631659; 0.643436
35.25; 180599; 181654; 0.63484; 0.63517; 0.638944; 0.638485; 0.645218
35.5; 179552; 179933; 0.639988; 0.639775; 0.640181; 0.640969; 0.641785
35.75; 178410; 179299; 0.640301; 0.639759; 0.637305; 0.637993; 0.633478
36; 177361; 179656; 0.635748; 0.634877; 0.630361; 0.629582; 0.620613
36.25; 177967; 179467; 0.626224; 0.625503; 0.618217; 0.617547; 0.603907
36.5; 177311; 179525; 0.61191; 0.612211; 0.601507; 0.602283; 0.584115
36.75; 178830; 180289; 0.594047; 0.595157; 0.58235; 0.583182; 0.562067
37; 179833; 180065; 0.574508; 0.574485; 0.561885; 0.561167; 0.538834
37.25; 180629; 181542; 0.552794; 0.552741; 0.53949; 0.539064; 0.515664
37.5; 182570; 182870; 0.530087; 0.530841; 0.516627; 0.517482; 0.493593
37.75; 183727; 184098; 0.508322; 0.508801; 0.495657; 0.496175; 0.47379
38; 184996; 186849; 0.488565; 0.487666; 0.477265; 0.476637; 0.457399
38.25; 187870; 188583; 0.470545; 0.469875; 0.461651; 0.460701; 0.445359
38.5; 190898; 190004; 0.455789; 0.455784; 0.449066; 0.449665; 0.438125
38.75; 191762; 192156; 0.44598; 0.445608; 0.441893; 0.442638; 0.436103
39; 194038; 192684; 0.441019; 0.440513; 0.439948; 0.4405; 0.439272
39.25; 193639; 194437; 0.440791; 0.44083; 0.442813; 0.4437; 0.447533
39.5; 193504; 194233; 0.445321; 0.446577; 0.450794; 0.451799; 0.460674
39.75; 194531; 193738; 0.455603; 0.455815; 0.463612; 0.463858; 0.477763
40; 193814; 192636; 0.470228; 0.469039; 0.480368; 0.479473; 0.497909
40.25; 193600; 193847; 0.487313; 0.486842; 0.499482; 0.498698; 0.520103
40.5; 192518; 192867; 0.507212; 0.507247; 0.520598; 0.520128; 0.543345
40.75; 191678; 191583; 0.528701; 0.529496; 0.542942; 0.542466; 0.566513
41; 189311; 190520; 0.551133; 0.55197; 0.565137; 0.564811; 0.588472
41.25; 187409; 189106; 0.574085; 0.57277; 0.585489; 0.586512; 0.608
41.5; 185595; 186523; 0.59366; 0.593611; 0.604856; 0.604612; 0.62415
41.75; 183321; 185013; 0.610547; 0.61172; 0.620574; 0.619761; 0.635974
42; 181828; 183447; 0.625135; 0.625131; 0.631056; 0.632241; 0.643062
42.25; 179468; 181595; 0.635353; 0.634488; 0.638672; 0.638543; 0.645041
42.5; 178978; 180603; 0.639962; 0.640121; 0.641182; 0.640293; 0.641953
42.75; 178048; 179204; 0.639858; 0.640526; 0.637714; 0.638036; 0.63383
43; 177942; 179688; 0.634996; 0.635842; 0.629536; 0.630791; 0.62098
43.25; 177597; 179351; 0.625269; 0.626491; 0.617693; 0.618216; 0.604104
43.5; 177351; 180506; 0.611605; 0.6125; 0.60202; 0.601799; 0.584173
43.75; 178750; 179595; 0.594324; 0.595087; 0.582685; 0.583066; 0.56218
44; 179671; 181182; 0.574605; 0.574894; 0.561503; 0.562107; 0.539158
44.25; 180205; 181002; 0.553284; 0.552984; 0.53954; 0.539751; 0.516038
44.5; 181995; 182827; 0.531357; 0.530291; 0.517858; 0.516985; 0.493947
44.75; 183691; 184459; 0.509215; 0.508405; 0.496683; 0.495675; 0.474063
45; 185205; 186367; 0.488584; 0.487847; 0.477126; 0.476963; 0.457483
45.25; 188425; 189172; 0.469915; 0.470528; 0.460595; 0.461672; 0.445249
45.5; 189587; 190183; 0.455272; 0.456456; 0.448992; 0.449767; 0.438056
45.75; 192310; 192247; 0.44581; 0.445994; 0.441872; 0.442753; 0.436048
46; 193458; 192750; 0.441279; 0.440479; 0.440069; 0.440554; 0.439308
46.25; 193122; 193604; 0.441381; 0.440326; 0.443813; 0.442796; 0.447574
46.5; 193438; 194499; 0.44621; 0.445397; 0.451444; 0.450851; 0.460487
46.75; 195261; 194075; 0.455841; 0.455078; 0.462783; 0.464081; 0.477399
47; 192793; 193890; 0.469674; 0.469117; 0.479922; 0.479306; 0.497479
47.25; 194494; 193371; 0.486633; 0.487148; 0.499373; 0.498403; 0.519873
47.5; 192568; 192521; 0.506641; 0.507568; 0.520697; 0.519819; 0.543266
47.75; 191183; 191510; 0.528922; 0.529061; 0.543075; 0.542169; 0.566471
48; 189774; 191021; 0.552062; 0.550897; 0.564514; 0.565285; 0.588367
48.25; 187028; 188424; 0.572941; 0.573627; 0.585588; 0.586107; 0.607839
48.5; 185446; 187008; 0.593147; 0.593668; 0.604901; 0.604064; 0.623864
48.75; 183962; 184888; 0.611536; 0.610387; 0.620272; 0.619753; 0.635832
49; 181750; 183662; 0.624741; 0.625297; 0.631538; 0.631623; 0.643061
49.25; 180451; 181686; 0.63445; 0.635394; 0.6383; 0.639055; 0.64526
49.5; 178772; 180290; 0.640145; 0.640147; 0.640458; 0.641288; 0.642156
49.75; 177033; 179054; 0.6406; 0.640018; 0.638061; 0.637883; 0.633868
50; 178124; 179977; 0.636039; 0.634827; 0.63081; 0.629474; 0.620863
50.25; 177298; 179485; 0.62636; 0.625361; 0.618153; 0.617704; 0.604041
50.5; 178819; 180464; 0.612518; 0.611734; 0.601898; 0.602085; 0.584259
50.75; 177850; 179699; 0.595003; 0.594737; 0.583058; 0.583062; 0.562385
51; 179897; 181014; 0.574916; 0.575071; 0.56198; 0.562122; 0.539403
51.25; 180345; 181470; 0.553426; 0.553276; 0.539907; 0.539792; 0.516227
51.5; 181775; 181930; 0.531558; 0.530258; 0.518105; 0.516855; 0.493949
51.75; 183436; 184951; 0.508938; 0.508626; 0.496287; 0.495941; 0.473959
52; 185833; 187090; 0.487748; 0.488733; 0.476542; 0.477547; 0.45747
52.25; 188089; 188249; 0.469815; 0.470889; 0.460766; 0.461799; 0.445428
52.5; 189804; 189480; 0.4556; 0.456467; 0.449204; 0.449925; 0.43825
52.75; 191922; 192898; 0.44577; 0.446331; 0.442105; 0.442799; 0.436174
53; 193667; 192105; 0.440795; 0.44091; 0.439992; 0.440523; 0.43921
53.25; 193384; 194415; 0.440872; 0.440619; 0.442925; 0.443368; 0.447342
53.5; 194152; 194411; 0.445844; 0.445597; 0.450782; 0.451284; 0.460337
53.75; 193708; 193450; 0.455105; 0.455759; 0.462908; 0.463935; 0.477407
54; 194474; 193661; 0.468819; 0.470021; 0.479586; 0.479789; 0.497673
54.25; 193248; 193014; 0.487022; 0.486749; 0.499082; 0.498716; 0.51991
54.5; 193072; 193036; 0.507463; 0.506505; 0.520587; 0.519652; 0.543084
54.75; 191446; 191332; 0.529138; 0.528451; 0.542892; 0.541882; 0.566158
55; 189055; 191082; 0.551562; 0.550876; 0.564719; 0.564555; 0.588116
55.25; 187917; 188348; 0.573419; 0.572741; 0.585077; 0.586265; 0.60771
55.5; 185587; 187217; 0.593754; 0.592925; 0.60464; 0.6043; 0.623931
55.75; 183320; 184539; 0.611072; 0.610803; 0.620514; 0.619539; 0.635923
56; 181804; 183642; 0.624671; 0.625308; 0.63114; 0.631976; 0.643052
56.25; 180086; 181776; 0.634589; 0.635175; 0.63826; 0.638951; 0.645133
56.5; 179073; 180114; 0.639636; 0.640536; 0.640426; 0.641158; 0.64203
56.75; 178208; 179827; 0.640262; 0.640333; 0.637612; 0.638301; 0.633864
57; 176815; 179572; 0.635934; 0.635004; 0.629923; 0.630529; 0.621048
57.25; 178121; 179561; 0.625892; 0.626044; 0.61788; 0.618339; 0.604362
57.5; 178070; 179716; 0.611702; 0.612767; 0.6019; 0.602431; 0.584564
57.75; 177991; 180374; 0.594735; 0.59532; 0.582612; 0.583856; 0.562617
58; 179790; 179352; 0.574921; 0.575308; 0.561703; 0.562591; 0.539463
58.25; 180366; 182682; 0.553041; 0.553853; 0.5397; 0.540122; 0.51623
58.5; 181806; 182279; 0.530568; 0.531544; 0.5181; 0.517135; 0.494106
58.75; 183567; 184257; 0.509341; 0.508626; 0.496632; 0.496031; 0.474184
59; 185770; 187540; 0.488836; 0.487963; 0.477368; 0.477104; 0.457695
59.25; 187860; 188104; 0.470144; 0.470822; 0.461876; 0.460965; 0.445549
59.5; 190247; 190172; 0.455751; 0.456444; 0.449939; 0.449263; 0.438239
59.75; 191265; 191585; 0.44578; 0.446295; 0.442227; 0.442596; 0.436074
60; 193676; 193032; 0.440281; 0.441431; 0.439616; 0.440871; 0.439199
60.25; 193768; 194951; 0.44051; 0.441; 0.443218; 0.443109; 0.447376
60.5; 193642; 193093; 0.446082; 0.445168; 0.451466; 0.450416; 0.460214
60.75; 194825; 194531; 0.455689; 0.454845; 0.463777; 0.462694; 0.477151
61; 193772; 193488; 0.468573; 0.469869; 0.479755; 0.479122; 0.49733
61.25; 193531; 192703; 0.486279; 0.48721; 0.498257; 0.499162; 0.519661
61.5; 192278; 193620; 0.506481; 0.50736; 0.519707; 0.520375; 0.54302
61.75; 191558; 191351; 0.528677; 0.528779; 0.542676; 0.542002; 0.566148
62; 189303; 191001; 0.551661; 0.550512; 0.564951; 0.564083; 0.587993
62.25; 187354; 188483; 0.572704; 0.57311; 0.584859; 0.586154; 0.607568
62.5; 186154; 187180; 0.592605; 0.593687; 0.604325; 0.6042; 0.623723
62.75; 183096; 185315; 0.610815; 0.610707; 0.620337; 0.619343; 0.635718
63; 181650; 183165; 0.62547; 0.624351; 0.631723; 0.631267; 0.643001
63.25; 180145; 181676; 0.6349; 0.634752; 0.638883; 0.638347; 0.645244
63.5; 178568; 180854; 0.639576; 0.640398; 0.641202; 0.640389; 0.642212
63.75; 178151; 178303; 0.639946; 0.640403; 0.637988; 0.637912; 0.634054
64; 177830; 180086; 0.635435; 0.635353; 0.629641; 0.630812; 0.621206
64.25; 177873; 179499; 0.626195; 0.625848; 0.617923; 0.618399; 0.604392
64.5; 177999; 180755; 0.613007; 0.611921; 0.602615; 0.602038; 0.584577
64.75; 177563; 179825; 0.595943; 0.594699; 0.584115; 0.582777; 0.562636
65; 178979; 180651; 0.575752; 0.574978; 0.562606; 0.562159; 0.539651
65.25; 180977; 181397; 0.553899; 0.553304; 0.53997; 0.540278; 0.516545
65.5; 182340; 182367; 0.531665; 0.530545; 0.517255; 0.518229; 0.494349
65.75; 183117; 184791; 0.509024; 0.509008; 0.496743; 0.496077; 0.474347
66; 185839; 186663; 0.488035; 0.48912; 0.47786; 0.476904; 0.457786
66.25; 187322; 188629; 0.470772; 0.47054; 0.461257; 0.461727; 0.44546
66.5; 190115; 190589; 0.456736; 0.455758; 0.44923; 0.450072; 0.438095
66.75; 191743; 191786; 0.446187; 0.446101; 0.442748; 0.442215; 0.436079
67; 193031; 193164; 0.440596; 0.441051; 0.440766; 0.439734; 0.439231
67.25; 193842; 193235; 0.440557; 0.440746; 0.44329; 0.44297; 0.447469
67.5; 194552; 195168; 0.445499; 0.445732; 0.45064; 0.451242; 0.46026
67.75; 193871; 193840; 0.454739; 0.455835; 0.462605; 0.463753; 0.477013
68; 193215; 193793; 0.468654; 0.469707; 0.478706; 0.479866; 0.496996
68.25; 193505; 193645; 0.486124; 0.487015; 0.498095; 0.498853; 0.519318
68.5; 192809; 193270; 0.506154; 0.507181; 0.519291; 0.520324; 0.542812
68.75; 191251; 191431; 0.528404; 0.528553; 0.542031; 0.54233; 0.566151
69; 189673; 190090; 0.55134; 0.550387; 0.564891; 0.563881; 0.588031
69.25; 187536; 188824; 0.573299; 0.572249; 0.585702; 0.585102; 0.607492
69.5; 185388; 187542; 0.593528; 0.592555; 0.603757; 0.604494; 0.623526
69.75; 182821; 185576; 0.611034; 0.610331; 0.619324; 0.620066; 0.635475
70; 181291; 183420; 0.624975; 0.624588; 0.63176; 0.630919; 0.642794
70.25; 180508; 181620; 0.634693; 0.634592; 0.638797; 0.638142; 0.645154
70.5; 179180; 179953; 0.640056; 0.639685; 0.640446; 0.641086; 0.64234
70.75; 177997; 179304; 0.640438; 0.639924; 0.637551; 0.638487; 0.634232
71; 177966; 179218; 0.635476; 0.635663; 0.630046; 0.63074; 0.621345
71.25; 177362; 180601; 0.625697; 0.626769; 0.617913; 0.618722; 0.604482
71.5; 176719; 179757; 0.612458; 0.612728; 0.601979; 0.602857; 0.584615
71.75; 179244; 180506; 0.595661; 0.595005; 0.583007; 0.583983; 0.56279
72; 178793; 180390; 0.575911; 0.574827; 0.562063; 0.562852; 0.539859
72.25; 180765; 180923; 0.553842; 0.553444; 0.540148; 0.540285; 0.516712
72.5; 182232; 183206; 0.531011; 0.531592; 0.518589; 0.517277; 0.494517
72.75; 183657; 184138; 0.508961; 0.509731; 0.496278; 0.497069; 0.474521
73; 184835; 186798; 0.488366; 0.489204; 0.477553; 0.477474; 0.457801
73.25; 187309; 188739; 0.470273; 0.471247; 0.462065; 0.461079; 0.445497
73.5; 190846; 190671; 0.45594; 0.456684; 0.449452; 0.450038; 0.438256
73.75; 191363; 191249; 0.446202; 0.446097; 0.442112; 0.442926; 0.436171
74; 193262; 193403; 0.441228; 0.440479; 0.440553; 0.439956; 0.439187
74.25; 194214; 193863; 0.441027; 0.440466; 0.443671; 0.442586; 0.447285
74.5; 193548; 194634; 0.446254; 0.444986; 0.451391; 0.450311; 0.459979
74.75; 192873; 193280; 0.455042; 0.455309; 0.463136; 0.462946; 0.47681
75; 194889; 194753; 0.468372; 0.469541; 0.478514; 0.479733; 0.496947
75.25; 193046; 193265; 0.486487; 0.486233; 0.497839; 0.498845; 0.51932
75.5; 192397; 192801; 0.507053; 0.506; 0.519201; 0.520186; 0.542722
75.75; 191911; 192075; 0.528595; 0.528181; 0.542016; 0.542048; 0.565909
76; 188427; 190324; 0.550278; 0.55134; 0.56483; 0.563666; 0.587761
76.25; 187832; 189229; 0.57284; 0.572554; 0.584905; 0.585636; 0.607282
76.5; 185518; 187141; 0.593366; 0.592356; 0.603689; 0.604281; 0.623441
76.75; 183603; 185235; 0.610205; 0.61076; 0.620012; 0.619186; 0.635552
77; 181864; 183228; 0.624296; 0.625001; 0.631459; 0.631153; 0.642962
77.25; 179933; 182584; 0.634343; 0.635015; 0.63818; 0.638837; 0.645205
77.5; 178605; 179685; 0.639767; 0.640282; 0.640424; 0.641273; 0.642297
77.75; 178138; 180112; 0.640052; 0.640703; 0.637855; 0.638414; 0.634214
78; 176978; 179453; 0.635413; 0.635955; 0.630308; 0.630681; 0.62142
78.25; 177657; 179529; 0.625821; 0.626655; 0.617918; 0.618852; 0.604655
78.5; 177646; 180847; 0.61211; 0.613047; 0.60202; 0.60297; 0.584868
78.75; 178052; 179762; 0.595215; 0.595563; 0.583468; 0.58375; 0.562989
79; 179884; 180709; 0.575768; 0.575317; 0.562836; 0.562434; 0.540043
79.25; 180448; 181521; 0.554224; 0.553754; 0.540765; 0.540264; 0.516938
79.5; 181333; 182454; 0.531332; 0.531924; 0.518054; 0.518351; 0.494724
79.75; 183816; 184740; 0.509078; 0.509983; 0.496226; 0.49749; 0.474696
80; 185369; 186602; 0.488551; 0.489133; 0.477663; 0.477559; 0.457962
80.25; 187442; 188873; 0.470501; 0.47112; 0.462186; 0.461129; 0.445625
80.5; 189903; 190642; 0.456145; 0.456652; 0.450304; 0.449346; 0.438309
80.75; 191438; 190471; 0.446124; 0.446468; 0.442866; 0.442371; 0.436177
81; 193156; 194290; 0.441041; 0.441091; 0.440626; 0.440127; 0.43917
81.25; 192776; 193991; 0.440853; 0.440585; 0.443212; 0.442886; 0.447132
81.5; 194083; 193490; 0.445973; 0.444841; 0.450893; 0.450401; 0.4598
81.75; 194210; 194369; 0.454974; 0.454865; 0.463021; 0.462635; 0.476662
82; 193182; 194588; 0.468252; 0.469358; 0.479059; 0.478904; 0.496809
82.25; 194276; 192999; 0.486081; 0.486599; 0.49837; 0.498197; 0.519182
82.5; 192038; 193117; 0.506659; 0.506347; 0.519813; 0.519425; 0.542567
82.75; 191104; 191463; 0.528755; 0.527762; 0.542192; 0.541572; 0.565702
83; 189767; 191089; 0.550882; 0.550212; 0.564463; 0.563533; 0.587522
83.25; 186757; 188966; 0.5718; 0.572891; 0.585482; 0.58445; 0.607052
83.5; 185833; 187481; 0.592701; 0.59256; 0.604186; 0.60338; 0.623291
83.75; 184126; 185244; 0.61089; 0.609934; 0.619625; 0.619432; 0.635465
84; 180119; 183257; 0.624877; 0.624434; 0.630968; 0.631608; 0.642889
84.25; 180724; 182369; 0.634586; 0.634766; 0.638175; 0.638814; 0.645183
84.5; 178490; 179814; 0.639704; 0.640285; 0.640923; 0.640749; 0.642315
84.75; 177767; 179902; 0.640121; 0.640545; 0.638583; 0.637677; 0.634262
85; 177921; 179285; 0.63578; 0.635566; 0.630633; 0.630396; 0.621479
85.25; 177567; 180745; 0.626634; 0.625984; 0.618127; 0.618806; 0.604751
85.5; 176922; 179981; 0.613188; 0.612305; 0.602302; 0.603032; 0.585025
85.75; 178434; 180603; 0.595931; 0.595313; 0.583736; 0.58393; 0.563193
86; 179342; 180449; 0.576205; 0.575258; 0.56285; 0.562777; 0.540199
86.25; 179993; 181221; 0.554446; 0.553703; 0.540869; 0.54034; 0.517025
86.5; 182070; 183287; 0.53155; 0.531798; 0.518884; 0.517663; 0.494814
86.75; 183578; 184282; 0.509109; 0.510129; 0.496446; 0.497443; 0.47478
87; 184666; 186618; 0.488751; 0.489312; 0.477582; 0.477956; 0.458072
87.25; 187837; 189840; 0.470913; 0.471089; 0.462353; 0.461249; 0.445687
87.5; 189839; 189535; 0.456493; 0.456498; 0.449861; 0.449909; 0.438316
87.75; 191435; 192425; 0.446749; 0.445853; 0.442162; 0.443001; 0.436071
88; 192977; 192499; 0.440967; 0.440953; 0.439901; 0.440628; 0.439064
88.25; 193763; 195003; 0.440097; 0.441366; 0.442749; 0.443374; 0.447142
88.5; 193453; 194411; 0.445503; 0.445471; 0.450199; 0.451215; 0.459845
88.75; 193377; 193764; 0.455515; 0.454461; 0.462532; 0.463195; 0.476638
89; 194468; 194044; 0.468996; 0.468469; 0.479151; 0.478623; 0.496658
89.25; 193313; 194009; 0.486582; 0.485595; 0.49852; 0.497522; 0.518884
89.5; 191667; 192605; 0.506672; 0.505724; 0.519385; 0.519208; 0.542203
89.75; 191927; 192756; 0.528336; 0.527717; 0.541423; 0.541842; 0.565433
90; 188429; 190061; 0.550849; 0.550004; 0.563247; 0.564525; 0.587452
90.25; 187462; 189706; 0.572543; 0.572033; 0.58521; 0.584625; 0.607
90.5; 185968; 187340; 0.593029; 0.592042; 0.603834; 0.60356; 0.623215
90.75; 182643; 185687; 0.610663; 0.609782; 0.618861; 0.619872; 0.63536
91; 181810; 183916; 0.624201; 0.624787; 0.631331; 0.631014; 0.642862
91.25; 179740; 181658; 0.63417; 0.63496; 0.63876; 0.638145; 0.645261
91.5; 178476; 180732; 0.640122; 0.639804; 0.640707; 0.641012; 0.642439
91.75; 177866; 179391; 0.640815; 0.639919; 0.637748; 0.638692; 0.634459
92; 177968; 180336; 0.635718; 0.635836; 0.630543; 0.630776; 0.621698
92.25; 176314; 179843; 0.625858; 0.626979; 0.618974; 0.618238; 0.604933
92.5; 178011; 180739; 0.612789; 0.612916; 0.603223; 0.602378; 0.585211
92.75; 178115; 180549; 0.596237; 0.595248; 0.584328; 0.583648; 0.563392
93; 179044; 180734; 0.576196; 0.575576; 0.563546; 0.562425; 0.540401
93.25; 179855; 180780; 0.554652; 0.553948; 0.540945; 0.540687; 0.517214
93.5; 181396; 183235; 0.531443; 0.532497; 0.518033; 0.519048; 0.495057
93.75; 183766; 184671; 0.509634; 0.5101; 0.496943; 0.497386; 0.474935
94; 184726; 187075; 0.489549; 0.488883; 0.478364; 0.477523; 0.458213
94.25; 187475; 189111; 0.471799; 0.470429; 0.462531; 0.46131; 0.445803
94.5; 189844; 189909; 0.456944; 0.456209; 0.450318; 0.449606; 0.438382
94.75; 191816; 193254; 0.44622; 0.446573; 0.44268; 0.442624; 0.436094
95; 192488; 192501; 0.440517; 0.441622; 0.439891; 0.440734; 0.439005
95.25; 192519; 194745; 0.440345; 0.441157; 0.442497; 0.443543; 0.447002
95.5; 194089; 195147; 0.445362; 0.445499; 0.45089; 0.450381; 0.459737
95.75; 194005; 193715; 0.455518; 0.454103; 0.463299; 0.462103; 0.476471
96; 193400; 194090; 0.468716; 0.468365; 0.479055; 0.478397; 0.496547
96.25; 192321; 193309; 0.485239; 0.486524; 0.497701; 0.497967; 0.51876
96.5; 193912; 193600; 0.505579; 0.506404; 0.518514; 0.519668; 0.54204
96.75; 189817; 192810; 0.527523; 0.528109; 0.541378; 0.541432; 0.565177
97; 188959; 190417; 0.55075; 0.549737; 0.564303; 0.563042; 0.587141
97.25; 187909; 189692; 0.572446; 0.571763; 0.58424; 0.585222; 0.606837
97.5; 185064; 186948; 0.591954; 0.592798; 0.603431; 0.603729; 0.623191
97.75; 183332; 186198; 0.609604; 0.610551; 0.619682; 0.618881; 0.635396
98; 181411; 184015; 0.624634; 0.624127; 0.631037; 0.631146; 0.64284
98.25; 179428; 182435; 0.634931; 0.63403; 0.637911; 0.638858; 0.645224
98.5; 179080; 180468; 0.640192; 0.639646; 0.640895; 0.640751; 0.642395
98.75; 177748; 179583; 0.640745; 0.640055; 0.638833; 0.637664; 0.634462
99; 176823; 180148; 0.636231; 0.635414; 0.630595; 0.630843; 0.621782
99.25; 177967; 179698; 0.626624; 0.626435; 0.618259; 0.619233; 0.605149
99.5; 177754; 181157; 0.612336; 0.613672; 0.602543; 0.603385; 0.585418
99.75; 177116; 180267; 0.595671; 0.596133; 0.583664; 0.584624; 0.563588
100; 180242; 180756; 0.576161; 0.576009; 0.562701; 0.563661; 0.540599
100.25; 179036; 181817; 0.55481; 0.554172; 0.540975; 0.541098; 0.517485
100.5; 181509; 182344; 0.532404; 0.5317; 0.519242; 0.518063; 0.495181
100.75; 183799; 185475; 0.509667; 0.510327; 0.497056; 0.497558; 0.475101
101; 185007; 186471; 0.488845; 0.489909; 0.477539; 0.478626; 0.458338
101.25; 187231; 189111; 0.47111; 0.471452; 0.462073; 0.462023; 0.445894
101.5; 189786; 190369; 0.456773; 0.456679; 0.450461; 0.449701; 0.438447
101.75; 191579; 192412; 0.446972; 0.445933; 0.443097; 0.44232; 0.436148
102; 192385; 192886; 0.441221; 0.440694; 0.44033; 0.440142; 0.438966
102.25; 193902; 194455; 0.440224; 0.440966; 0.442716; 0.443032; 0.446868
102.5; 193206; 194625; 0.444943; 0.445802; 0.450047; 0.451005; 0.459555
102.75; 193529; 194719; 0.454609; 0.455185; 0.462356; 0.463082; 0.476423
103; 193657; 193703; 0.468492; 0.468729; 0.478755; 0.47871; 0.496444
103.25; 193238; 193629; 0.485941; 0.485736; 0.497918; 0.497616; 0.51865
103.5; 191898; 193192; 0.505759; 0.505866; 0.51882; 0.519021; 0.54185
103.75; 191489; 192677; 0.527336; 0.527766; 0.540898; 0.541434; 0.564998
104; 189023; 190414; 0.549367; 0.550634; 0.562786; 0.564079; 0.586979
104.25; 187390; 190150; 0.571961; 0.572018; 0.584583; 0.584613; 0.606656
104.5; 185118; 186928; 0.593026; 0.591719; 0.604203; 0.602897; 0.623074
104.75; 182872; 185640; 0.610157; 0.61001; 0.619326; 0.619221; 0.635363
105; 181753; 184039; 0.623613; 0.624876; 0.630335; 0.631614; 0.642774
105.25; 180505; 182222; 0.634055; 0.634614; 0.637979; 0.638543; 0.645136
105.5; 178328; 180635; 0.639755; 0.639928; 0.640664; 0.640851; 0.64235
105.75; 177721; 180261; 0.640422; 0.640427; 0.63826; 0.638275; 0.634499
106; 177044; 178771; 0.636321; 0.635658; 0.631164; 0.63057; 0.621893
106.25; 176658; 181392; 0.627248; 0.62616; 0.619476; 0.618365; 0.605283
106.5; 177861; 179990; 0.613304; 0.612847; 0.603281; 0.602845; 0.585525
106.75; 178408; 180229; 0.595785; 0.596001; 0.584052; 0.584311; 0.563688
107; 178995; 181018; 0.575564; 0.57664; 0.562746; 0.563718; 0.540735
107.25; 180608; 181448; 0.554462; 0.55476; 0.540866; 0.541393; 0.517542
107.5; 180959; 182720; 0.532893; 0.531828; 0.519328; 0.518461; 0.49531
107.75; 182437; 185235; 0.51065; 0.509984; 0.498114; 0.497037; 0.475259
108; 185360; 186976; 0.490053; 0.488995; 0.478722; 0.477725; 0.458436
108.25; 187639; 188693; 0.471597; 0.470972; 0.462315; 0.461829; 0.445939
108.5; 189330; 190879; 0.456784; 0.456601; 0.449751; 0.450355; 0.438445
108.75; 191688; 190649; 0.446543; 0.446351; 0.44219; 0.443166; 0.436094
109; 192765; 195039; 0.440983; 0.441179; 0.440279; 0.440301; 0.438909
109.25; 192454; 193446; 0.440463; 0.441144; 0.4434; 0.442628; 0.446889
109.5; 193525; 195384; 0.445414; 0.445375; 0.450888; 0.450171; 0.459508
109.75; 193648; 193539; 0.455226; 0.45409; 0.46247; 0.462527; 0.476203
110; 193769; 194807; 0.468536; 0.467934; 0.478254; 0.478512; 0.496142
110.25; 193502; 193670; 0.485605; 0.485506; 0.497729; 0.497207; 0.518299
110.5; 192359; 192984; 0.50569; 0.50579; 0.519366; 0.51825; 0.541668
110.75; 190283; 192742; 0.527618; 0.5276; 0.541335; 0.541028; 0.56493
111; 189173; 190553; 0.550381; 0.549631; 0.56281; 0.564075; 0.586979
111.25; 187160; 189944; 0.57211; 0.571511; 0.58485; 0.584069; 0.60657
111.5; 185458; 188016; 0.592517; 0.591609; 0.603509; 0.603095; 0.622969
111.75; 183365; 185005; 0.609863; 0.609748; 0.618514; 0.619575; 0.635207
112; 181449; 184202; 0.623717; 0.624651; 0.630816; 0.631067; 0.642795
112.25; 179394; 182096; 0.634151; 0.634751; 0.637986; 0.638763; 0.645244
112.5; 178451; 180366; 0.640324; 0.639718; 0.640607; 0.64123; 0.642495
112.75; 177511; 181021; 0.640885; 0.640154; 0.638282; 0.638455; 0.63459
113; 176462; 178511; 0.636175; 0.635615; 0.631089; 0.630571; 0.621969
113.25; 178099; 181096; 0.627037; 0.6261; 0.619318; 0.618433; 0.605395
113.5; 177653; 179611; 0.613481; 0.612694; 0.60353; 0.602766; 0.585742
113.75; 177844; 181109; 0.596678; 0.595598; 0.584963; 0.583894; 0.563905
114; 178999; 180253; 0.576957; 0.575941; 0.564053; 0.563008; 0.540907
114.25; 179936; 181936; 0.554991; 0.554745; 0.541488; 0.541206; 0.517683
114.5; 180801; 183159; 0.532032; 0.532871; 0.518569; 0.519457; 0.495513
114.75; 183658; 184103; 0.510035; 0.510498; 0.497295; 0.497889; 0.475414
115; 185166; 187100; 0.490081; 0.489019; 0.478869; 0.477716; 0.45858
115.25; 187217; 189180; 0.471734; 0.471148; 0.462304; 0.46211; 0.44605
115.5; 189797; 189522; 0.456492; 0.457214; 0.449586; 0.45068; 0.438382
115.75; 191437; 193609; 0.446169; 0.447089; 0.442701; 0.442815; 0.435985
116; 191841; 192202; 0.440859; 0.441445; 0.440504; 0.440124; 0.438842
116.25; 193491; 195212; 0.440477; 0.440811; 0.443239; 0.442498; 0.446766
116.5; 193410; 194430; 0.445407; 0.444952; 0.450927; 0.449778; 0.459382
116.75; 194311; 194024; 0.455073; 0.453979; 0.462383; 0.462339; 0.476065
117; 193700; 194751; 0.468549; 0.46794; 0.477871; 0.478826; 0.496032
117.25; 191868; 193783; 0.485905; 0.485296; 0.497161; 0.497778; 0.518244
117.5; 193426; 192665; 0.505748; 0.505559; 0.518257; 0.519173; 0.541586
117.75; 189910; 192844; 0.527215; 0.527551; 0.540829; 0.541111; 0.564754
118; 189114; 190770; 0.549225; 0.550144; 0.563651; 0.562682; 0.586752
118.25; 188342; 189648; 0.571739; 0.571377; 0.584433; 0.584064; 0.606453
118.5; 184603; 187676; 0.592438; 0.591392; 0.602625; 0.603687; 0.622828
118.75; 183363; 185522; 0.609171; 0.610413; 0.618879; 0.619114; 0.635124
119; 181580; 184087; 0.624263; 0.624152; 0.631352; 0.630481; 0.642653
119.25; 178693; 182360; 0.63501; 0.633851; 0.638562; 0.638123; 0.64518
119.5; 179019; 180974; 0.63986; 0.639985; 0.64125; 0.640527; 0.642572
119.75; 177777; 179915; 0.640098; 0.640672; 0.638653; 0.638058; 0.634814
120; 176782; 179316; 0.635909; 0.635854; 0.630669; 0.631145; 0.622191
120.25; 177948; 180576; 0.62711; 0.626295; 0.618496; 0.619508; 0.605528
120.5; 177246; 180184; 0.613825; 0.612775; 0.60294; 0.603632; 0.585766
120.75; 177465; 181030; 0.596815; 0.595853; 0.584099; 0.585038; 0.563986
121; 179015; 180663; 0.577143; 0.576006; 0.563303; 0.564005; 0.541046
121.25; 180030; 181845; 0.555276; 0.554667; 0.54134; 0.541663; 0.517928
121.5; 181512; 182601; 0.532111; 0.533089; 0.519763; 0.518646; 0.495747
121.75; 183307; 184698; 0.510342; 0.510612; 0.497918; 0.497641; 0.475567
122; 184703; 187185; 0.490363; 0.48913; 0.477928; 0.47893; 0.458624
122.25; 187082; 189488; 0.471461; 0.471766; 0.46264; 0.462029; 0.446105
122.5; 189492; 189868; 0.456524; 0.457446; 0.45068; 0.44984; 0.438487
122.75; 191049; 192841; 0.447022; 0.44618; 0.442345; 0.443165; 0.436022
123; 192553; 193196; 0.441311; 0.440809; 0.440021; 0.440465; 0.438792
123.25; 193614; 194903; 0.440226; 0.440976; 0.443295; 0.442344; 0.446695
123.5; 192706; 194241; 0.444834; 0.445475; 0.450482; 0.450059; 0.459216
123.75; 193977; 195259; 0.454676; 0.454314; 0.461759; 0.462818; 0.475941
124; 193614; 193446; 0.468547; 0.467784; 0.47804; 0.478436; 0.495858
124.25; 192138; 194445; 0.485826; 0.48505; 0.497678; 0.49689; 0.518001
124.5; 192541; 193483; 0.50602; 0.504845; 0.519045; 0.5179; 0.541267
124.75; 190492; 192393; 0.527577; 0.526734; 0.541124; 0.540404; 0.564571
125; 189437; 190824; 0.5491; 0.549866; 0.562728; 0.563233; 0.586607
125.25; 187372; 189937; 0.571094; 0.571744; 0.58361; 0.584618; 0.606334
125.5; 184810; 187466; 0.591737; 0.591914; 0.603244; 0.602906; 0.622768
125.75; 183583; 185392; 0.609282; 0.609992; 0.619366; 0.61834; 0.634963
126; 181024; 185273; 0.62378; 0.624257; 0.63104; 0.630477; 0.642553
126.25; 179344; 181637; 0.634106; 0.634451; 0.638405; 0.638042; 0.64512
126.5; 178906; 181272; 0.639848; 0.639939; 0.641179; 0.640556; 0.642571
126.75; 177076; 179899; 0.640313; 0.640693; 0.63855; 0.638329; 0.634827
127; 176866; 180079; 0.635751; 0.636372; 0.630957; 0.631156; 0.622295
127.25; 177433; 180271; 0.626686; 0.627097; 0.61901; 0.619379; 0.60573
127.5; 177080; 180584; 0.612924; 0.613914; 0.602979; 0.603927; 0.586026
127.75; 178371; 180020; 0.595829; 0.596953; 0.584058; 0.585295; 0.56421
128; 178384; 181869; 0.576609; 0.576766; 0.563597; 0.563969; 0.541198
128.25; 179447; 181192; 0.555333; 0.555046; 0.541761; 0.541656; 0.518127
128.5; 182153; 182805; 0.532616; 0.533025; 0.519139; 0.51965; 0.495904
128.75; 182680; 184683; 0.51032; 0.511036; 0.497693; 0.498238; 0.475737
129; 184647; 187685; 0.490212; 0.489638; 0.479128; 0.478085; 0.458791
129.25; 187541; 187991; 0.472158; 0.471253; 0.462589; 0.462255; 0.446161
129.5; 189313; 191024; 0.457012; 0.456997; 0.44971; 0.450813; 0.438471
129.75; 191304; 192145; 0.446411; 0.446915; 0.442799; 0.442791; 0.436034
130; 191576; 194246; 0.440513; 0.441745; 0.440281; 0.440333; 0.438885
130.25; 193404; 193455; 0.440955; 0.440219; 0.442451; 0.443192; 0.446745
130.5; 193843; 194740; 0.445478; 0.444637; 0.450064; 0.450316; 0.459155
130.75; 193585; 195101; 0.454059; 0.454697; 0.462625; 0.461635; 0.475688
131; 193404; 194145; 0.467545; 0.46843; 0.478035; 0.477968; 0.495523
131.25; 192984; 194541; 0.485245; 0.485205; 0.496477; 0.497601; 0.517725
131.5; 192513; 193207; 0.505599; 0.504901; 0.518272; 0.518329; 0.541119
131.75; 190134; 192349; 0.52738; 0.526639; 0.54092; 0.540352; 0.564467
132; 189656; 191295; 0.549004; 0.549853; 0.562988; 0.562885; 0.586583
132.25; 187247; 189356; 0.570925; 0.571726; 0.583317; 0.584707; 0.606247
132.5; 184750; 187561; 0.591804; 0.591585; 0.602977; 0.602853; 0.622543
132.75; 183683; 187011; 0.610009; 0.608977; 0.619283; 0.618127; 0.634782
133; 181007; 183326; 0.624203; 0.62368; 0.630644; 0.630785; 0.642563
133.25; 179599; 182959; 0.634207; 0.634295; 0.637861; 0.638647; 0.645262
133.5; 178090; 180804; 0.639543; 0.640156; 0.640663; 0.641116; 0.642713
133.75; 177310; 179285; 0.639961; 0.640946; 0.638269; 0.638573; 0.634876
134; 177697; 180352; 0.635709; 0.636375; 0.630516; 0.63157; 0.622299
134.25; 177337; 181292; 0.627278; 0.626546; 0.619195; 0.619246; 0.605761
134.5; 176255; 179258; 0.613979; 0.613085; 0.604125; 0.60303; 0.586145
134.75; 178856; 181189; 0.596963; 0.596196; 0.585241; 0.584549; 0.564432
135; 178661; 180358; 0.577333; 0.576336; 0.564015; 0.563942; 0.54147
135.25; 179600; 181575; 0.555484; 0.555039; 0.541767; 0.541846; 0.518259
135.5; 181995; 183163; 0.532211; 0.533558; 0.518844; 0.520034; 0.495958
135.75; 182771; 184784; 0.511063; 0.510523; 0.498083; 0.497991; 0.475708
136; 184778; 187143; 0.490495; 0.489664; 0.479201; 0.478226; 0.4588
136.25; 186688; 188367; 0.471731; 0.471936; 0.462607; 0.462472; 0.44627
136.5; 189945; 191433; 0.457001; 0.457277; 0.450562; 0.450262; 0.438639
136.75; 191252; 191459; 0.446468; 0.447055; 0.443214; 0.442607; 0.436186
137; 192244; 193472; 0.440607; 0.4416; 0.440334; 0.440165; 0.438761
137.25; 193508; 195031; 0.440273; 0.440787; 0.442247; 0.443145; 0.446493
137.5; 193321; 194315; 0.44495; 0.445171; 0.449888; 0.450368; 0.458986
137.75; 193992; 195070; 0.454482; 0.454252; 0.46244; 0.461781; 0.475667
138; 193102; 193538; 0.467998; 0.467996; 0.478591; 0.477505; 0.495619
138.25; 192371; 193879; 0.485208; 0.485215; 0.497461; 0.496702; 0.517845
138.5; 193797; 193267; 0.505345; 0.504914; 0.518625; 0.517777; 0.541053
138.75; 190198; 192529; 0.5273; 0.52638; 0.540796; 0.540063; 0.564201
139; 189387; 191341; 0.549838; 0.548646; 0.563313; 0.562048; 0.586162
139.25; 186957; 189608; 0.570949; 0.571389; 0.583458; 0.584193; 0.605987
139.5; 185334; 187852; 0.590997; 0.592251; 0.602361; 0.603419; 0.622632
139.75; 183272; 185187; 0.609557; 0.609389; 0.619088; 0.618433; 0.635006
140; 181299; 184713; 0.624455; 0.623183; 0.631152; 0.630144; 0.642566
140.25; 180067; 181958; 0.634088; 0.634056; 0.638078; 0.638105; 0.645119
140.5; 178699; 181258; 0.639328; 0.64018; 0.640533; 0.641014; 0.642568
140.75; 177571; 179342; 0.640187; 0.640837; 0.637986; 0.638938; 0.63489
141; 177382; 180617; 0.636328; 0.636078; 0.631114; 0.631275; 0.62243
141.25; 176882; 179476; 0.627345; 0.626769; 0.619614; 0.619109; 0.605888
141.5; 177503; 180780; 0.613571; 0.613594; 0.604123; 0.603165; 0.586242
141.75; 177938; 180018; 0.596835; 0.596279; 0.585083; 0.584695; 0.564469
142; 179433; 182122; 0.57723; 0.576545; 0.563768; 0.564315; 0.541551
142.25; 180072; 180455; 0.55554; 0.555283; 0.541482; 0.542406; 0.518375
142.5; 180808; 183404; 0.532443; 0.533708; 0.519136; 0.520074; 0.49606
142.75; 183023; 184428; 0.511024; 0.510931; 0.497621; 0.498783; 0.475868
143; 185222; 186632; 0.490712; 0.48962; 0.478676; 0.478944; 0.458926
143.25; 187250; 188596; 0.472021; 0.471717; 0.463261; 0.461908; 0.446308
143.5; 189725; 190672; 0.457551; 0.456619; 0.450406; 0.450312; 0.438583
143.75; 192116; 192738; 0.447055; 0.446414; 0.442527; 0.443202; 0.436091
144; 191500; 192715; 0.440526; 0.441797; 0.44009; 0.440484; 0.438778
144.25; 193679; 194351; 0.440616; 0.440612; 0.442405; 0.443112; 0.44651
144.5; 193165; 194842; 0.445625; 0.444543; 0.449735; 0.450561; 0.45901
144.75; 193855; 194558; 0.453923; 0.454684; 0.462056; 0.462036; 0.475604
145; 194401; 193182; 0.467385; 0.468211; 0.477766; 0.477941; 0.495454
145.25; 192344; 194359; 0.484798; 0.485238; 0.496649; 0.497097; 0.517616
145.5; 193214; 193032; 0.504973; 0.505194; 0.518013; 0.518238; 0.540941
145.75; 190369; 192002; 0.526629; 0.527071; 0.540206; 0.540673; 0.564225
146; 189606; 191509; 0.548733; 0.549673; 0.562289; 0.563067; 0.586276
146.25; 187538; 189022; 0.571061; 0.571034; 0.583554; 0.583908; 0.605924
146.5; 185536; 188120; 0.592126; 0.59081; 0.603273; 0.602185; 0.622402
146.75; 183177; 185406; 0.609419; 0.609257; 0.618884; 0.618322; 0.634809
147; 181345; 183452; 0.623317; 0.624333; 0.630012; 0.631246; 0.642555
147.25; 180118; 182639; 0.63388; 0.634482; 0.638173; 0.638209; 0.645206
147.5; 178179; 180533; 0.639508; 0.640157; 0.641203; 0.640513; 0.642654
147.75; 178216; 179742; 0.640294; 0.640679; 0.638806; 0.638098; 0.634889
148; 177296; 179552; 0.636587; 0.6357; 0.631639; 0.630664; 0.622408
148.25; 176668; 180452; 0.627389; 0.626718; 0.619614; 0.619151; 0.605951
148.5; 178243; 180238; 0.613203; 0.614125; 0.603404; 0.604037; 0.586338
148.75; 177695; 180740; 0.596269; 0.597148; 0.584464; 0.585595; 0.564607
149; 179056; 180188; 0.576663; 0.577405; 0.563867; 0.564503; 0.541714
149.25; 180732; 181872; 0.555132; 0.55588; 0.541756; 0.542356; 0.518529
149.5; 181202; 182099; 0.533631; 0.532659; 0.519637; 0.519779; 0.496187
149.75; 182561; 185193; 0.511224; 0.510772; 0.498858; 0.497628; 0.475897
150; 185484; 186825; 0.489719; 0.490761; 0.478636; 0.479081; 0.458945
150.25; 186859; 188463; 0.471882; 0.472031; 0.462185; 0.463039; 0.44627
150.5; 189248; 190906; 0.457239; 0.457149; 0.450487; 0.45035; 0.43857
150.75; 192606; 192009; 0.446559; 0.447067; 0.44298; 0.442879; 0.436142
151; 191901; 193341; 0.441061; 0.441257; 0.440768; 0.43986; 0.438821
151.25; 193368; 193608; 0.44106; 0.440042; 0.443048; 0.442409; 0.446526
151.5; 194040; 194570; 0.445472; 0.444449; 0.449587; 0.45048; 0.458908
151.75; 193967; 194721; 0.454661; 0.453725; 0.461614; 0.46221; 0.47542
152; 193858; 194068; 0.468188; 0.467408; 0.47723; 0.478371; 0.495313
152.25; 192655; 194034; 0.484927; 0.485147; 0.496317; 0.497362; 0.517506
152.5; 192179; 192817; 0.504419; 0.505567; 0.517509; 0.518552; 0.540865
152.75; 191490; 192035; 0.526524; 0.526827; 0.540031; 0.540545; 0.564109
153; 189046; 191346; 0.549589; 0.548363; 0.563057; 0.561939; 0.586129
153.25; 188018; 188722; 0.570969; 0.57083; 0.583939; 0.583302; 0.605881
153.5; 185514; 187800; 0.590772; 0.591949; 0.602023; 0.603239; 0.622375
153.75; 183221; 186347; 0.609111; 0.609472; 0.618467; 0.6186; 0.634706
154; 181704; 182853; 0.623858; 0.62379; 0.631116; 0.630121; 0.642503
154.25; 179345; 182937; 0.633992; 0.634366; 0.638368; 0.638038; 0.645249
154.5; 178361; 180116; 0.639567; 0.640008; 0.640806; 0.640919; 0.642743
154.75; 177961; 179631; 0.640388; 0.640404; 0.638444; 0.638422; 0.634997
155; 178276; 180875; 0.636197; 0.636031; 0.631138; 0.631233; 0.622552
155.25; 176546; 178451; 0.627695; 0.626526; 0.619721; 0.619167; 0.60602
155.5; 177215; 182081; 0.614258; 0.613387; 0.604405; 0.603324; 0.586426
155.75; 178938; 179315; 0.597541; 0.596362; 0.585258; 0.585209; 0.564719
156; 177926; 181138; 0.57749; 0.577012; 0.564217; 0.564544; 0.541862
156.25; 180400; 181434; 0.555592; 0.555677; 0.5418; 0.542603; 0.518703
156.5; 181360; 182722; 0.532648; 0.533716; 0.519324; 0.520219; 0.496316
156.75; 183637; 185392; 0.510987; 0.511164; 0.498142; 0.498554; 0.476087
157; 185081; 186148; 0.490847; 0.489805; 0.479355; 0.478542; 0.459021
157.25; 187600; 188494; 0.472387; 0.471974; 0.46316; 0.462437; 0.446375
157.5; 188728; 191543; 0.457294; 0.457553; 0.450209; 0.450953; 0.438617
157.75; 191426; 190885; 0.446352; 0.447384; 0.442433; 0.443461; 0.436091
158; 192463; 193892; 0.44069; 0.441563; 0.43971; 0.440821; 0.438785
158.25; 193131; 193556; 0.441075; 0.439913; 0.442882; 0.442445; 0.44645
158.5; 194394; 195419; 0.445331; 0.444479; 0.450575; 0.449335; 0.458761
158.75; 193644; 193887; 0.454284; 0.454027; 0.461321; 0.462355; 0.475287
159; 193502; 194548; 0.467575; 0.467939; 0.477426; 0.478011; 0.495146
159.25; 193164; 194083; 0.484371; 0.48546; 0.496698; 0.496728; 0.517377
159.5; 191964; 193047; 0.504707; 0.504903; 0.517791; 0.517932; 0.54072
159.75; 191112; 191711; 0.526727; 0.526122; 0.539907; 0.540194; 0.563891
160; 189651; 191549; 0.549284; 0.548267; 0.561814; 0.562781; 0.585951
160.25; 187388; 188843; 0.570557; 0.570932; 0.583204; 0.583742; 0.605756
160.5; 185739; 188170; 0.590789; 0.591737; 0.602458; 0.602625; 0.622281
160.75; 182681; 185386; 0.609415; 0.609027; 0.618288; 0.618697; 0.634718
161; 181960; 184041; 0.624158; 0.623241; 0.630671; 0.63035; 0.64241
161.25; 179718; 182805; 0.633974; 0.634091; 0.638605; 0.637554; 0.645147
161.5; 177904; 180504; 0.639264; 0.640122; 0.64071; 0.640853; 0.642698
161.75; 178588; 179927; 0.640204; 0.640683; 0.637925; 0.639066; 0.635098
162; 177182; 179297; 0.636743; 0.635728; 0.631506; 0.63118; 0.622764
162.25; 176641; 180387; 0.627588; 0.626895; 0.620289; 0.619015; 0.606338
162.5; 178026; 180242; 0.613808; 0.614181; 0.604238; 0.603969; 0.586799
162.75; 177695; 179723; 0.596914; 0.597188; 0.585413; 0.585323; 0.564936
163; 178600; 182211; 0.577094; 0.577532; 0.56435; 0.564495; 0.541865
163.25; 180132; 180524; 0.55549; 0.55597; 0.542199; 0.542317; 0.518681
163.5; 181608; 183759; 0.534015; 0.532838; 0.520624; 0.519349; 0.496428
163.75; 182385; 184282; 0.51153; 0.511143; 0.498715; 0.498492; 0.476329
164; 185504; 186279; 0.490081; 0.49111; 0.478753; 0.47974; 0.459397
164.25; 187396; 189063; 0.471917; 0.472663; 0.462522; 0.463354; 0.446579
164.5; 188769; 190570; 0.457272; 0.457607; 0.45027; 0.450935; 0.438648
164.75; 191967; 191969; 0.446731; 0.447092; 0.442629; 0.443242; 0.435993
165; 192415; 194169; 0.440973; 0.441441; 0.440185; 0.440302; 0.438557
165.25; 193050; 193887; 0.440298; 0.440867; 0.442885; 0.442467; 0.446335
165.5; 193441; 195127; 0.444345; 0.44555; 0.450155; 0.449811; 0.458801
165.75; 194170; 192862; 0.453944; 0.454189; 0.461467; 0.462118; 0.475314
166; 193320; 195090; 0.467971; 0.467035; 0.477142; 0.477875; 0.495028
166.25; 193554; 193861; 0.485076; 0.484292; 0.496274; 0.496662; 0.517091
166.5; 191578; 193099; 0.5043; 0.504903; 0.517051; 0.518168; 0.540369
166.75; 191480; 192551; 0.525957; 0.526706; 0.539567; 0.540257; 0.563673
167; 188723; 190976; 0.548221; 0.549181; 0.562736; 0.561669; 0.585834
167.25; 187884; 189542; 0.570644; 0.570649; 0.583445; 0.58334; 0.6057
167.5; 185802; 187468; 0.59157; 0.590561; 0.601856; 0.602924; 0.622197
167.75; 183163; 185706; 0.609087; 0.608912; 0.618252; 0.618364; 0.634595
168; 181831; 184596; 0.623223; 0.623876; 0.630831; 0.629947; 0.642336
168.25; 179347; 182561; 0.633671; 0.634286; 0.63832; 0.637771; 0.645166
168.5; 178702; 180171; 0.639603; 0.63988; 0.640579; 0.641125; 0.642801
168.75; 178183; 179934; 0.640505; 0.640523; 0.638139; 0.639043; 0.635234
169; 176762; 179921; 0.636563; 0.636049; 0.631253; 0.631592; 0.622876
169.25; 177463; 180374; 0.62768; 0.6269; 0.619655; 0.619717; 0.606371
169.5; 177103; 180030; 0.613865; 0.614038; 0.604088; 0.604004; 0.586705
169.75; 178482; 181136; 0.596529; 0.597563; 0.585335; 0.585398; 0.564941
170; 178517; 180292; 0.576978; 0.57787; 0.564328; 0.564805; 0.542081
170.25; 180029; 182373; 0.555845; 0.556157; 0.542424; 0.542666; 0.519001
170.5; 181644; 181374; 0.534278; 0.53301; 0.520732; 0.519677; 0.496658
170.75; 182912; 185789; 0.511492; 0.511539; 0.49898; 0.498514; 0.476404
171; 185338; 186431; 0.490103; 0.491199; 0.478595; 0.479888; 0.459307
171.25; 187049; 188660; 0.472545; 0.471978; 0.463081; 0.462667; 0.446441
171.5; 189559; 190723; 0.457899; 0.456982; 0.451137; 0.450069; 0.438612
171.75; 191471; 192580; 0.447327; 0.446596; 0.443309; 0.442705; 0.436091
172; 192580; 192197; 0.441673; 0.440893; 0.440657; 0.440054; 0.438732
172.25; 193020; 194323; 0.440841; 0.440342; 0.442877; 0.4425; 0.446351
172.5; 193843; 195312; 0.444928; 0.444888; 0.44975; 0.450046; 0.458624
172.75; 193811; 194201; 0.453886; 0.454104; 0.461285; 0.462024; 0.475059
173; 193514; 194419; 0.467352; 0.467418; 0.477312; 0.47736; 0.49476
173.25; 193213; 194117; 0.484532; 0.48453; 0.496603; 0.496; 0.516891
173.5; 191747; 193031; 0.50449; 0.504565; 0.518077; 0.517039; 0.540345
173.75; 191660; 191793; 0.526327; 0.526171; 0.540046; 0.539719; 0.563734
174; 189046; 191132; 0.548958; 0.548208; 0.561584; 0.562639; 0.585806
174.25; 187332; 190188; 0.570917; 0.570064; 0.583754; 0.582695; 0.605469
174.5; 186155; 187027; 0.591417; 0.590521; 0.602005; 0.602515; 0.622024
174.75; 182570; 185820; 0.609016; 0.608877; 0.617911; 0.618599; 0.63454
175; 182106; 184103; 0.623159; 0.623915; 0.630685; 0.63012; 0.642431
