16,01,14,10,00,00,0.22,0.24,0.20,0.34, 3.2, 4.3, 4.1, 3.0, 171,  8.313,   0.089,   316
16,01,14,10,20,00,0.22,0.21,0.18,0.32, 2.9, 3.7, 4.0, 3.0, 135,  8.580,   0.093,   335
16,01,14,10,40,00,0.21,0.22,0.18,0.32, 2.8, 5.0, 5.3, 5.0, 183,  8.849,   0.123,   327
16,01,14,11,00,00,0.16,0.18,0.14,0.29, 2.7, 6.7, 6.4,11.0, 168,  9.094,   0.153,    42
16,01,14,11,20,00,0.16,0.18,0.15,0.22, 8.8, 9.1, 8.7, 9.0, 123,  9.341,   0.334,    44
16,01,14,11,40,00,0.12,0.14,0.12,0.18, 9.5, 8.9, 7.7, 9.0, 217,  9.568,   0.293,    53
16,01,14,12,00,00,0.12,0.15,0.13,0.19,10.2, 9.1, 8.9, 8.0, 139,  9.765,   0.303,    39
16,01,14,12,20,00,-0.00,0.13,0.10,0.17,-0.1, 8.9, 8.2, 9.0,  -1,  9.978,   0.369,    28
16,01,14,12,40,00,0.13,0.14,0.12,0.17,12.2, 9.8, 9.3,12.0, 135, 10.113,   0.342,    35
16,01,14,13,00,00,0.10,0.12,0.10,0.18,13.5,10.2, 9.6,14.0,  99, 10.234,   0.370,    32
16,01,14,13,20,00,0.13,0.15,0.12,0.18,11.1,10.8, 9.8,13.0, 119, 10.320,   0.259,    38
16,01,14,13,40,00,0.15,0.16,0.13,0.21,13.5,10.9, 9.6,10.0, 111, 10.406,   0.274,    31
16,01,14,14,00,00,0.14,0.16,0.13,0.19,13.5,11.0, 9.9,13.0,  63, 10.413,   0.236,    37
16,01,14,14,20,00,0.13,0.14,0.12,0.18,13.5,11.6,10.4,15.0, 163, 10.341,   0.183,    40
16,01,14,14,40,00,-0.00,0.10,0.09,0.12,-0.1,11.1,10.7,11.0,  -1, 10.254,   0.143,    49
16,01,14,15,00,00,0.14,0.15,0.13,0.21, 3.2, 5.3, 8.1, 2.0,  96, 10.141,   0.058,    85
16,01,14,15,20,00,-0.00,0.11,0.09,0.15,-0.1,11.0,10.1,11.0,  -1, 10.014,   0.025,    78
16,01,14,15,40,00,0.14,0.16,0.13,0.18, 3.4, 9.5, 9.8,10.0, 179,  9.817,   0.060,   180
16,01,14,16,00,00,0.11,0.14,0.11,0.23,12.2, 6.7, 8.1, 5.0, 217,  9.635,   0.200,   219
16,01,14,16,20,00,0.12,0.14,0.12,0.17,12.2,11.0,10.9,13.0, 152,  9.401,   0.244,   228
16,01,14,16,40,00,0.10,0.11,0.10,0.14,12.2,10.8,11.5, 9.0, 217,  9.142,   0.222,   253
16,01,14,17,00,00,0.11,0.13,0.11,0.16,11.1,11.4,12.5,12.0, 231,  8.877,   0.132,   294
16,01,14,17,20,00,0.10,0.12,0.10,0.17,11.1,12.7,11.6,23.0, 217,  8.609,   0.097,   312
16,01,14,17,40,00,0.13,0.15,0.12,0.17,11.1,10.0,10.2, 7.0, 347,  8.353,   0.127,   332
16,01,14,18,00,00,0.11,0.11,0.10,0.13, 9.5,10.4, 9.1,11.0, 217,  8.128,   0.143,   314
16,01,14,18,20,00,0.11,0.13,0.11,0.17,10.2,11.1,11.0,11.0, 217,  7.886,   0.158,     0
16,01,14,18,40,00,-0.00,0.10,0.08,0.12,-0.1,11.4,10.8,10.0,  -1,  7.664,   0.170,    16
16,01,14,19,00,00,-0.00,0.08,0.07,0.10,-0.1, 8.7, 9.2, 9.0,  -1,  7.510,   0.192,    19
16,01,14,19,20,00,0.11,0.12,0.10,0.15,13.5, 8.0, 6.9,13.0, 217,  7.383,   0.143,    15
16,01,14,19,40,00,-0.00,0.11,0.09,0.14,-0.1, 8.1, 8.3,10.0,  -1,  7.281,   0.135,    20
16,01,14,20,00,00,-0.00,0.07,0.06,0.10,-0.1, 8.6, 7.7, 9.0,  -1,  7.248,   0.148,     9
16,01,14,20,20,00,-0.00,0.09,0.07,0.13,-0.1, 7.0, 6.5, 8.0,  -1,  7.222,   0.127,     8
16,01,14,20,40,01,0.12,0.13,0.11,0.18,13.5, 4.9, 6.0, 2.0, 217,  7.275,   0.137,   232
16,01,14,21,00,01,0.13,0.16,0.13,0.20, 2.8, 4.4, 5.2, 2.0, 217,  7.381,   0.160,   230
16,01,14,21,20,01,-0.00,0.15,0.12,0.20,-0.1, 4.8, 4.9, 3.0,  -1,  7.552,   0.201,   242
16,01,14,21,40,01,-0.00,0.12,0.10,0.19,-0.1, 5.2, 5.5, 2.0,  -1,  7.710,   0.241,   250
16,01,14,22,00,01,0.16,0.16,0.14,0.23, 2.7, 5.1, 5.1, 6.0, 203,  7.908,   0.177,   248
16,01,14,22,20,01,0.12,0.13,0.11,0.17, 2.8, 5.8, 5.7, 6.0,  87,  8.114,   0.082,   267
16,01,14,22,40,01,0.21,0.24,0.18,0.34, 2.5, 3.1, 3.9, 5.0, 254,  8.304,   0.052,   307
16,01,14,23,00,01,0.20,0.22,0.18,0.35, 2.8, 4.3, 4.0,13.0, 203,  8.559,   0.059,   309
16,01,14,23,20,01,0.80,-0.00,-0.00,-0.00, 2.0,-0.1,-0.1,-0.1, 339,  8.845,   0.141,   334
16,01,14,23,40,01,0.21,0.24,0.19,0.34, 2.8, 3.8, 3.7, 3.0, 175,  9.094,   0.215,    27
16,01,15,00,00,01,0.21,0.21,0.18,0.29, 2.7, 4.3, 4.6, 2.0, 151,  9.308,   0.329,    51
16,01,15,00,20,01,0.14,0.17,0.14,0.22, 2.0, 4.2, 4.6, 3.0, 217,  9.538,   0.301,    44
16,01,15,00,40,01,0.13,0.15,0.13,0.18, 3.2, 4.9, 5.1, 2.0, 217,  9.710,   0.269,    38
16,01,15,01,00,01,0.14,0.16,0.13,0.23, 2.3, 6.0, 6.1, 6.0, 217,  9.879,   0.351,    29
16,01,15,01,20,01,0.10,0.12,0.10,0.19,12.2, 5.8, 5.7, 4.0, 217, 10.020,   0.380,    25
16,01,15,01,40,01,0.13,0.12,0.11,0.17, 2.9, 6.5, 5.9,10.0, 217, 10.132,   0.351,    27
16,01,15,02,00,01,-0.00,0.09,0.07,0.12,-0.1, 5.7, 5.7,11.0,  -1, 10.208,   0.280,    38
16,01,15,02,20,01,-0.00,0.10,0.08,0.14,-0.1, 6.6, 6.3,10.0,  -1, 10.225,   0.217,    44
16,01,15,02,40,01,-0.00,0.09,0.07,0.11,-0.1, 8.1, 6.8,15.0,  -1, 10.221,   0.175,    43
16,01,15,03,00,01,-0.00,0.09,0.07,0.13,-0.1, 9.6, 8.5, 6.0,  -1, 10.196,   0.123,    52
16,01,15,03,20,01,-0.00,0.12,0.10,0.14,-0.1, 9.0, 7.6, 6.0,  -1, 10.162,   0.077,    75
16,01,15,03,40,01,-0.00,0.11,0.09,0.16,-0.1, 9.8, 8.3, 8.0,  -1, 10.071,   0.039,    95
16,01,15,04,00,01,0.10,0.12,0.10,0.13, 9.5,10.6,10.7,12.0, 217,  9.914,   0.013,    96
16,01,15,04,20,01,-0.00,0.10,0.08,0.13,-0.1, 7.2, 7.6,11.0,  -1,  9.706,   0.111,   207
16,01,15,04,40,01,-0.00,0.12,0.09,0.16,-0.1, 8.5, 9.4, 5.0,  -1,  9.524,   0.205,   214
16,01,15,05,00,01,-0.00,0.11,0.09,0.14,-0.1,11.1,11.1,10.0,  -1,  9.257,   0.277,   231
16,01,15,05,20,01,-0.00,0.13,0.11,0.16,-0.1,10.5,14.0,12.0,  -1,  8.992,   0.182,   262
16,01,15,05,40,01,-0.00,0.12,0.10,0.14,-0.1,11.2,11.0,10.0,  -1,  8.722,   0.090,   309
16,01,15,06,00,01,-0.00,0.17,0.13,0.25,-0.1, 6.1, 9.0,12.0,  -1,  8.473,   0.037,   311
16,01,15,06,20,01,-0.00,0.18,0.13,0.26,-0.1, 3.9, 6.4, 4.0,  -1,  8.222,   0.105,   332
16,01,15,06,40,01,-0.00,0.12,0.10,0.14,-0.1, 8.6,12.2, 9.0,  -1,  7.997,   0.158,   337
16,01,15,07,00,01,-0.00,0.11,0.10,0.13,-0.1,10.1, 9.7, 5.0,  -1,  7.784,   0.165,   353
16,01,15,07,20,01,-0.00,0.08,0.07,0.09,-0.1,14.0,13.6, 9.0,  -1,  7.629,   0.155,    13
16,01,15,07,40,01,-0.00,0.09,0.07,0.14,-0.1,10.9,10.4,10.0,  -1,  7.523,   0.156,     3
16,01,15,08,00,01,-0.00,0.13,0.10,0.19,-0.1, 4.4, 6.0, 2.0,  -1,  7.459,   0.145,    17
16,01,15,08,20,01,-0.00,0.10,0.09,0.13,-0.1, 8.6, 8.6,11.0,  -1,  7.445,   0.153,    24
16,01,15,08,40,01,-0.00,0.10,0.08,0.13,-0.1, 9.9, 9.3,15.0,  -1,  7.450,   0.212,    21
16,01,15,09,00,01,-0.00,0.12,0.10,0.23,-0.1, 6.9, 8.0, 5.0,  -1,  7.472,   0.084,   242
16,01,15,09,20,01,-0.00,0.08,0.06,0.10,-0.1,11.0,10.3,12.0,  -1,  7.544,   0.068,   236
16,01,15,09,40,01,-0.00,0.10,0.08,0.16,-0.1, 8.0, 9.2, 6.0,  -1,  7.643,   0.110,   243
16,01,15,10,00,01,0.12,0.24,0.16,0.32, 4.1,13.8,12.8, 2.0, 127,  7.818,   0.218,   255
16,01,15,10,20,02,-0.00,0.11,0.09,0.13,-0.1,11.0,10.9,12.0,  -1,  8.033,   0.192,   254
16,01,15,10,40,02,-0.00,0.12,0.09,0.24,-0.1,16.5,12.7,77.0,  -1,  8.201,   0.096,   299
16,01,15,11,00,02,0.12,0.16,0.13,0.20, 8.8, 7.0, 9.6, 9.0, 183,  8.472,   0.081,   316
16,01,15,11,20,02,-0.00,0.13,0.11,0.17,-0.1,15.4,11.5,14.0,  -1,  8.708,   0.050,   333
16,01,15,11,40,02,0.13,0.18,0.14,0.23, 8.8, 4.5, 7.1, 5.0, 217,  8.978,   0.118,   358
16,01,15,12,00,02,-0.00,0.12,0.11,0.14,-0.1,12.2,12.6, 9.0,  -1,  9.194,   0.236,    18
16,01,15,12,20,02,0.13,0.16,0.13,0.24, 7.8,11.6,10.7, 8.0, 307,  9.455,   0.326,    50
16,01,15,12,40,02,0.10,0.16,0.12,0.25, 7.8, 5.0, 6.9, 2.0, 217,  9.660,   0.251,    54
16,01,15,13,00,02,0.16,0.18,0.14,0.25, 7.3, 9.1, 9.0, 6.0,  55,  9.858,   0.271,    38
16,01,15,13,20,02,-0.00,0.12,0.10,0.16,-0.1, 9.3,10.4, 8.0,  -1, 10.035,   0.381,    31
16,01,15,13,40,02,-0.00,0.13,0.10,0.18,-0.1,10.8,10.6,10.0,  -1, 10.179,   0.253,    52
16,01,15,14,00,02,0.13,0.15,0.12,0.17,13.5, 9.9, 8.8,13.0, 231, 10.269,   0.476,    31
16,01,15,14,20,02,0.17,0.19,0.16,0.29, 4.1, 5.0, 6.2, 6.0, 147, 10.341,   0.530,    27
16,01,15,14,40,02,0.16,0.18,0.14,0.23, 3.0, 6.5, 7.5, 3.0, 147, 10.365,   0.496,    28
16,01,15,15,00,02,0.16,0.17,0.14,0.22,15.1,10.3, 8.4,12.0, 143, 10.334,   0.340,    40
16,01,15,15,20,02,0.17,0.18,0.15,0.24, 3.2, 5.9, 5.4, 7.0, 151, 10.321,   0.230,    51
16,01,15,15,40,02,0.11,0.14,0.11,0.21,13.5, 8.8, 7.1,12.0, 217, 10.240,   0.154,    56
16,01,15,16,00,02,0.15,0.16,0.13,0.19,15.1, 9.6, 8.5,14.0, 155, 10.138,   0.081,    67
16,01,15,16,20,02,0.11,0.15,0.12,0.22,13.5, 7.8, 7.9, 2.0, 217,  9.987,   0.042,   131
16,01,15,16,40,02,0.16,0.19,0.15,0.31, 3.2, 5.0, 5.9, 4.0, 199,  9.803,   0.070,   191
16,01,15,17,00,02,0.15,0.16,0.13,0.25,13.5, 7.3, 7.0, 7.0, 175,  9.615,   0.146,   209
16,01,15,17,20,02,0.19,0.20,0.16,0.32, 4.1, 4.6, 4.9, 3.0, 159,  9.389,   0.228,   230
16,01,15,17,40,02,0.14,0.15,0.13,0.19, 2.5, 7.4, 7.8, 2.0, 191,  9.124,   0.172,   268
16,01,15,18,00,03,0.15,0.17,0.14,0.23, 8.3, 9.6, 8.9,12.0, 179,  8.871,   0.125,   315
16,01,15,18,20,03,0.13,0.14,0.12,0.16,12.2, 7.5, 7.7, 9.0, 217,  8.595,   0.074,   352
16,01,15,18,40,03,0.18,0.18,0.15,0.24,12.2, 8.7, 8.9, 7.0, 223,  8.375,   0.086,   336
16,01,15,19,00,03,0.14,0.14,0.12,0.20, 3.0, 7.0, 7.4, 6.0, 217,  8.149,   0.147,   326
16,01,15,19,20,03,0.14,0.15,0.12,0.22, 2.8, 5.6, 5.2, 3.0, 127,  7.954,   0.153,   331
16,01,15,19,40,03,0.11,0.14,0.12,0.18, 2.9, 7.8, 7.1,11.0, 217,  7.766,   0.117,   347
16,01,15,20,00,03,0.15,0.15,0.13,0.19, 3.1, 5.9, 5.9, 6.0, 217,  7.625,   0.143,    13
16,01,15,20,20,03,0.12,0.13,0.10,0.19, 2.9, 4.5, 4.6, 9.0, 217,  7.534,   0.145,   348
16,01,15,20,40,03,0.11,0.12,0.10,0.17, 3.0, 4.3, 4.7, 3.0, 217,  7.488,   0.062,   312
16,01,15,21,00,03,0.17,0.19,0.15,0.25, 3.2, 3.3, 3.8, 3.0, 212,  7.465,   0.050,   235
16,01,15,21,20,03,0.20,0.23,0.17,0.35, 3.2, 4.1, 4.1, 3.0, 208,  7.488,   0.109,   193
16,01,15,21,40,03,0.26,0.28,0.23,0.40, 3.6, 3.3, 3.6, 3.0, 173,  7.561,   0.126,   211
16,01,15,22,00,03,0.27,0.27,0.23,0.41, 3.5, 3.6, 3.8, 3.0, 218,  7.668,   0.101,   224
16,01,15,22,20,03,0.30,0.32,0.26,0.39, 3.8, 3.6, 3.6, 3.0, 167,  7.787,   0.167,   248
16,01,15,22,40,03,0.28,0.32,0.26,0.41, 3.9, 3.6, 3.8, 3.0, 182,  7.974,   0.198,   256
16,01,15,23,00,03,0.30,0.32,0.25,0.45, 3.6, 3.8, 4.0, 3.0, 171,  8.176,   0.110,   274
16,01,15,23,20,03,0.31,0.34,0.27,0.51, 3.4, 3.9, 4.1, 3.0, 226,  8.405,   0.077,   323
16,01,15,23,40,03,0.32,0.37,0.29,0.52, 3.8, 3.9, 4.2, 3.0, 150,  8.656,   0.069,   322
16,01,16,00,00,04,0.34,0.41,0.32,0.62, 3.6, 3.6, 3.8, 3.0, 174,  8.909,   0.135,   350
16,01,16,00,20,04,0.28,0.29,0.24,0.43, 4.5, 4.4, 4.8, 4.0, 163,  9.124,   0.294,    21
16,01,16,00,40,04,0.31,0.33,0.27,0.47, 4.8, 4.8, 5.1, 5.0, 123,  9.368,   0.379,    41
16,01,16,01,00,04,0.34,0.38,0.30,0.55, 4.5, 4.9, 5.1, 5.0, 135,  9.632,   0.345,    50
16,01,16,01,20,04,0.37,0.41,0.34,0.55, 5.4, 4.9, 5.0, 5.0, 163,  9.850,   0.371,    33
16,01,16,01,40,04,0.36,0.45,0.37,0.65, 5.0, 5.0, 5.2, 5.0, 132, 10.027,   0.425,    27
16,01,16,02,00,04,0.48,0.52,0.43,0.69, 5.0, 5.0, 5.1, 7.0, 153, 10.190,   0.479,    29
16,01,16,02,20,04,0.50,0.54,0.44,0.75, 5.2, 5.1, 5.0, 6.0, 140, 10.325,   0.368,    32
16,01,16,02,40,04,0.54,0.59,0.48,0.84, 5.2, 5.2, 5.2, 5.0, 146, 10.407,   0.412,    29
16,01,16,03,00,04,0.45,0.56,0.46,0.82, 5.4, 5.0, 5.1, 5.0, 156, 10.436,   0.517,    22
16,01,16,03,20,04,0.51,0.65,0.51,0.89, 5.7, 5.3, 5.4, 6.0, 147, 10.499,   0.472,    20
16,01,16,03,40,04,0.48,0.61,0.50,0.84, 5.7, 5.2, 5.5, 6.0, 142, 10.492,   0.422,    24
16,01,16,04,00,04,0.52,0.60,0.49,0.82, 6.2, 5.5, 5.5, 5.0, 157, 10.471,   0.351,    28
16,01,16,04,20,04,0.58,0.60,0.50,0.80, 5.7, 5.3, 5.5, 5.0, 155, 10.381,   0.318,    28
16,01,16,04,40,04,0.58,0.62,0.53,0.82, 5.7, 5.4, 5.6, 5.0, 139, 10.243,   0.219,    32
16,01,16,05,00,04,0.54,0.60,0.48,0.76, 6.0, 5.8, 5.8, 6.0, 135, 10.090,   0.127,    41
16,01,16,05,20,04,0.49,0.57,0.47,0.72, 6.6, 5.7, 5.8, 5.0, 140,  9.898,   0.026,    61
16,01,16,05,40,04,0.47,0.54,0.44,0.81, 6.0, 5.7, 6.0, 5.0, 143,  9.705,   0.133,   222
16,01,16,06,00,04,0.41,0.55,0.42,0.69, 6.2, 6.0, 5.9, 6.0, 143,  9.462,   0.192,   234
16,01,16,06,20,04,0.46,0.49,0.41,0.70, 6.2, 6.0, 6.1, 6.0, 175,  9.210,   0.146,   287
16,01,16,06,40,04,0.43,0.54,0.43,0.70, 6.0, 6.2, 6.1, 6.0, 147,  8.946,   0.080,   301
16,01,16,07,00,04,0.41,0.47,0.38,0.60, 6.9, 6.1, 6.4, 6.0, 166,  8.698,   0.073,   299
16,01,16,07,20,04,0.25,0.33,0.26,0.47, 6.0, 6.1, 6.3, 6.0, 206,  8.496,   0.112,   348
16,01,16,07,40,04,0.34,0.37,0.30,0.47, 6.6, 6.1, 6.6, 6.0, 157,  8.285,   0.128,   349
16,01,16,08,00,04,0.29,0.31,0.25,0.41, 6.6, 6.4, 6.3, 6.0, 182,  8.098,   0.183,     8
16,01,16,08,20,04,0.23,0.28,0.22,0.36, 6.2, 6.4, 6.3, 6.0, 195,  8.014,   0.160,    11
16,01,16,08,40,04,0.25,0.31,0.26,0.37, 6.6, 6.3, 6.4, 7.0, 119,  7.935,   0.122,    22
16,01,16,09,00,04,0.35,0.35,0.30,0.41, 6.6, 6.2, 6.4, 5.0, 144,  7.823,   0.157,    20
16,01,16,09,20,04,0.34,0.33,0.29,0.37, 6.9, 6.3, 6.3, 5.0, 131,  7.803,   0.183,    20
16,01,16,09,40,04,0.37,0.35,0.29,0.44, 6.6, 6.2, 6.5, 6.0, 159,  7.840,   0.182,    19
16,01,16,10,00,04,0.31,0.32,0.27,0.42, 6.6, 6.5, 6.7, 6.0, 171,  7.879,   0.102,    15
16,01,16,10,20,04,0.22,0.29,0.24,0.41, 6.9, 6.6, 6.8, 6.0,  -1,  7.945,   0.054,   309
16,01,16,10,40,04,0.17,0.23,0.17,0.39, 6.6, 6.4, 6.6, 6.0,  -1,  7.998,   0.052,   292
16,01,16,11,00,04,0.26,0.32,0.26,0.41, 7.3, 6.4, 6.6, 6.0, 155,  8.124,   0.192,   264
16,01,16,11,20,04,0.25,0.30,0.25,0.39, 7.3, 6.9, 6.8, 6.0, 135,  8.369,   0.122,   292
16,01,16,11,40,04,0.23,0.31,0.24,0.39, 6.2, 6.7, 7.0, 6.0, 143,  8.561,   0.081,   312
16,01,16,12,00,04,0.33,0.37,0.30,0.46, 6.9, 6.5, 6.6, 7.0, 122,  8.834,   0.047,   322
16,01,16,12,20,04,0.33,0.38,0.31,0.56, 6.9, 6.8, 6.9, 6.0, 126,  9.066,   0.096,   358
16,01,16,12,40,04,0.36,0.43,0.33,0.57, 6.9, 6.8, 6.9, 7.0, 139,  9.276,   0.281,    14
16,01,16,13,00,04,0.32,0.42,0.33,0.56, 6.9, 6.9, 6.9, 7.0, 114,  9.482,   0.322,    19
16,01,16,13,20,04,0.38,0.48,0.39,0.56, 7.3, 7.1, 7.0, 7.0, 148,  9.722,   0.249,    57
16,01,16,13,40,04,0.34,0.43,0.35,0.56, 7.3, 6.8, 7.0, 7.0, 127,  9.935,   0.228,    51
16,01,16,14,00,04,0.40,0.47,0.38,0.59, 7.3, 7.0, 7.1, 7.0, 122, 10.129,   0.201,    57
16,01,16,14,20,04,0.50,0.56,0.46,0.78, 8.3, 7.2, 7.2, 8.0, 136, 10.242,   0.265,    37
16,01,16,14,40,04,0.50,0.52,0.44,0.63, 7.8, 7.3, 7.3, 7.0, 139, 10.372,   0.280,    29
16,01,16,15,00,04,0.53,0.57,0.49,0.70, 7.3, 7.5, 7.5, 7.0, 155, 10.445,   0.268,    33
16,01,16,15,20,04,0.56,0.60,0.52,0.76, 8.3, 7.7, 7.8, 7.0, 151, 10.484,   0.233,    39
16,01,16,15,40,04,0.59,0.67,0.55,0.82, 7.8, 7.5, 7.9, 7.0, 151, 10.512,   0.250,    34
16,01,16,16,00,04,0.48,0.57,0.47,0.68, 7.8, 7.7, 7.7, 7.0, 171, 10.499,   0.153,    40
16,01,16,16,20,04,0.55,0.61,0.52,0.74, 7.8, 7.6, 7.7, 7.0, 171, 10.452,   0.116,    45
16,01,16,16,40,04,0.52,0.62,0.50,0.81, 8.3, 7.7, 7.6, 8.0, 150, 10.339,   0.073,    61
16,01,16,17,00,04,0.47,0.54,0.45,0.69, 8.3, 7.9, 7.7, 6.0, 155, 10.184,   0.030,    72
16,01,16,17,20,04,0.49,0.60,0.47,0.80, 8.8, 7.8, 7.7, 8.0, 171, 10.041,   0.016,   202
16,01,16,17,40,04,0.49,0.58,0.47,0.74, 8.3, 8.6, 8.3, 9.0, 151,  9.883,   0.190,   216
16,01,16,18,00,05,0.49,0.60,0.49,0.71, 8.8, 8.7, 8.7, 9.0, 158,  9.697,   0.281,   226
16,01,16,18,20,05,0.56,0.59,0.50,0.80, 9.5, 8.5, 8.5, 9.0, 158,  9.444,   0.188,   250
16,01,16,18,40,05,0.56,0.64,0.52,0.90, 8.8, 8.8, 8.8, 9.0, 151,  9.202,   0.067,   314
16,01,16,19,00,05,0.47,0.52,0.44,0.66, 7.8, 8.5, 8.6, 9.0, 135,  8.946,   0.065,     1
16,01,16,19,20,05,0.47,0.54,0.46,0.74, 9.5, 9.1, 9.4, 8.0, 155,  8.723,   0.161,   358
16,01,16,19,40,05,0.41,0.50,0.41,0.58, 9.5, 9.2, 9.2, 7.0,  23,  8.537,   0.160,   341
16,01,16,20,00,05,0.43,0.48,0.40,0.57, 8.8, 9.4, 9.2, 9.0, 159,  8.340,   0.176,   333
16,01,16,20,20,05,0.31,0.38,0.31,0.51,10.2, 9.4, 8.7,10.0, 159,  8.185,   0.124,   311
16,01,16,20,40,05,0.37,0.46,0.38,0.57,10.2, 8.2, 9.4,10.0, 151,  8.033,   0.110,    11
16,01,16,21,00,05,0.44,0.49,0.39,0.71, 9.5, 8.7, 9.0, 9.0, 127,  7.916,   0.135,    22
16,01,16,21,20,05,0.44,0.46,0.38,0.56, 9.5, 9.5, 9.0,12.0, 131,  7.862,   0.160,    24
16,01,16,21,40,05,0.40,0.44,0.37,0.60,10.2, 9.4, 8.7, 9.0, 136,  7.851,   0.190,    27
16,01,16,22,00,05,0.46,0.48,0.40,0.61, 9.5, 8.7, 9.1, 8.0, 159,  7.882,   0.225,    23
16,01,16,22,20,05,0.44,0.47,0.39,0.63,10.2, 9.2, 8.8, 9.0, 187,  7.879,   0.056,   290
16,01,16,22,40,05,0.41,0.47,0.38,0.62, 9.5, 9.5, 8.9,10.0,  27,  7.948,   0.089,   233
16,01,16,23,00,05,0.39,0.46,0.36,0.57,11.1, 7.9, 7.4, 9.0, 203,  8.059,   0.075,   260
16,01,16,23,20,05,0.41,0.45,0.36,0.55, 9.5, 9.2, 8.7,10.0, 127,  8.193,   0.176,   265
16,01,16,23,40,05,0.41,0.43,0.36,0.57,11.1, 8.4, 7.2, 9.0, 227,  8.357,   0.166,   260
16,01,17,00,00,05,0.42,0.47,0.38,0.64,10.2, 8.6, 8.1,10.0, 139,  8.575,   0.090,   303
16,01,17,00,20,05,0.43,0.50,0.40,0.65,11.1, 8.7, 8.4, 7.0, 163,  8.782,   0.061,   324
16,01,17,00,40,05,0.41,0.45,0.36,0.74, 9.5, 7.8, 7.7, 7.0, 135,  8.981,   0.055,   322
16,01,17,01,00,05,0.45,0.50,0.40,0.72,10.2, 8.6, 8.7,11.0, 142,  9.198,   0.122,    15
16,01,17,01,20,05,0.45,0.49,0.41,0.68,10.2, 9.6, 9.1, 9.0, 155,  9.442,   0.344,    25
16,01,17,01,40,05,0.43,0.52,0.41,0.67,10.2, 9.5, 9.2, 9.0, 155,  9.683,   0.291,    66
16,01,17,02,00,05,0.46,0.49,0.42,0.61, 9.5, 9.6, 9.4, 9.0, 168,  9.901,   0.269,    45
16,01,17,02,20,05,0.42,0.48,0.39,0.66,12.2, 9.9, 9.8, 8.0, 131, 10.103,   0.236,    48
16,01,17,02,40,05,0.39,0.47,0.39,0.55, 8.8, 9.6, 9.3,11.0, 147, 10.243,   0.277,    38
16,01,17,03,00,05,0.41,0.49,0.40,0.67,10.2, 9.4, 9.3, 9.0, 147, 10.387,   0.330,    33
16,01,17,03,20,05,0.40,0.50,0.41,0.63,10.2, 9.9, 9.3, 9.0, 130, 10.523,   0.403,    31
16,01,17,03,40,05,0.46,0.60,0.45,0.80,10.2,10.1, 9.7, 9.0, 143, 10.628,   0.366,    31
16,01,17,04,00,05,0.42,0.50,0.40,0.66,10.2,10.1, 9.5,10.0, 150, 10.665,   0.298,    38
16,01,17,04,20,05,0.41,0.50,0.41,0.59,10.2, 9.3, 9.5,10.0, 131, 10.670,   0.267,    37
16,01,17,04,40,05,0.48,0.56,0.45,0.68,10.2,10.2,10.2,10.0, 139, 10.639,   0.224,    32
16,01,17,05,00,05,0.44,0.50,0.43,0.57,10.2,10.3,10.0,10.0, 151, 10.552,   0.135,    38
16,01,17,05,20,06,0.43,0.52,0.41,0.61,10.2, 9.9, 9.6, 9.0, 139, 10.435,   0.083,    44
16,01,17,05,40,06,0.46,0.50,0.41,0.64,10.2,10.2, 9.7,11.0, 106, 10.285,   0.029,    62
16,01,17,06,00,06,0.40,0.53,0.42,0.75,10.2,10.4,10.2,11.0, 143, 10.106,   0.092,   206
16,01,17,06,20,06,0.40,0.44,0.35,0.68,11.1, 9.9, 9.3, 8.0, 139,  9.889,   0.252,   214
16,01,17,06,40,06,0.33,0.46,0.36,0.68,11.1,10.8,10.3,10.0, 147,  9.677,   0.275,   236
16,01,17,07,00,06,0.38,0.42,0.35,0.53,11.1,10.9,10.2,12.0, 147,  9.407,   0.154,   276
16,01,17,07,20,06,0.32,0.39,0.32,0.49,10.2,10.5,10.7, 9.0, 187,  9.138,   0.068,   312
16,01,17,07,40,06,0.35,0.43,0.35,0.53,10.2,10.0,10.2,10.0, 134,  8.878,   0.076,   338
16,01,17,08,00,06,0.28,0.35,0.28,0.44, 9.5, 9.9,10.1,11.0, 144,  8.626,   0.191,    14
16,01,17,08,20,06,0.29,0.35,0.28,0.51,10.2,10.5,10.7,11.0, 144,  8.388,   0.128,   350
16,01,17,08,40,06,0.27,0.33,0.26,0.43,10.2,10.8,10.7,10.0, 159,  8.174,   0.198,    10
16,01,17,09,00,06,0.23,0.33,0.25,0.49,10.2, 9.7, 9.6,10.0, 159,  7.988,   0.179,     8
16,01,17,09,20,06,0.26,0.30,0.26,0.37,10.2,10.2, 9.8,10.0, 135,  7.828,   0.191,    21
16,01,17,09,40,06,0.24,0.32,0.25,0.44,10.2,10.2,10.2,10.0, 184,  7.728,   0.163,    25
16,01,17,10,00,06,0.25,0.29,0.24,0.43, 9.5,10.0,10.0, 9.0, 131,  7.666,   0.143,    14
16,01,17,10,20,06,0.28,0.30,0.25,0.40,10.2,10.3, 9.8,11.0, 151,  7.601,   0.107,    14
16,01,17,10,40,06,0.24,0.29,0.23,0.46,11.1,10.4,10.0,10.0, 159,  7.603,   0.066,   228
16,01,17,11,00,06,0.23,0.25,0.21,0.33,10.2,10.4,10.3,10.0, 151,  7.644,   0.144,   222
16,01,17,11,20,06,0.24,0.32,0.27,0.38,11.1,10.4,10.5,10.0, 147,  7.725,   0.078,   231
16,01,17,11,40,06,0.28,0.32,0.26,0.41, 9.5,10.6,10.2, 9.0,  60,  7.849,   0.129,   235
16,01,17,12,00,06,0.22,0.29,0.24,0.39,11.1,10.1,10.2,10.0, 136,  7.986,   0.193,   249
16,01,17,12,20,06,0.23,0.29,0.23,0.43,11.1,10.6,10.4,10.0, 140,  8.191,   0.173,   258
16,01,17,12,40,06,0.33,0.32,0.28,0.38,11.1,10.2,10.1,10.0,  96,  8.420,   0.083,   310
16,01,17,13,00,06,0.25,0.33,0.25,0.45,10.2, 9.8, 9.9, 9.0, 156,  8.641,   0.077,   318
16,01,17,13,20,06,0.31,0.32,0.27,0.47,10.2, 9.6, 9.6, 8.0, 151,  8.863,   0.072,   345
16,01,17,13,40,06,0.27,0.36,0.29,0.44,12.2, 9.8,10.1,10.0, 159,  9.061,   0.082,     0
16,01,17,14,00,06,0.31,0.39,0.32,0.49,11.1,10.0,10.2,10.0, 156,  9.289,   0.174,     6
16,01,17,14,20,06,0.31,0.36,0.30,0.45,11.1, 9.4, 9.8, 9.0, 124,  9.497,   0.323,    26
16,01,17,14,40,06,0.27,0.34,0.27,0.48,11.1, 8.7, 8.7,10.0, 148,  9.690,   0.285,    57
16,01,17,15,00,06,0.35,0.36,0.30,0.44,12.2, 9.8, 9.1,11.0, 155,  9.873,   0.304,    39
16,01,17,15,20,06,0.28,0.33,0.27,0.48,10.2, 9.5, 8.9,10.0, 179, 10.045,   0.319,    30
16,01,17,15,40,06,0.27,0.33,0.27,0.41,11.1, 8.7, 8.9, 8.0, 119, 10.171,   0.313,    31
16,01,17,16,00,06,0.30,0.39,0.32,0.49,11.1, 9.7, 9.5,10.0, 171, 10.259,   0.317,    30
16,01,17,16,20,06,0.35,0.37,0.31,0.49,10.2, 9.2, 8.9, 8.0, 156, 10.361,   0.329,    28
16,01,17,16,40,06,0.36,0.37,0.31,0.48,10.2, 9.8, 9.3,10.0,  46, 10.385,   0.317,    29
16,01,17,17,00,06,0.35,0.37,0.31,0.47,10.2, 9.7, 9.3,10.0, 143, 10.373,   0.251,    34
16,01,17,17,20,06,0.30,0.37,0.30,0.47,10.2, 8.7, 9.3, 8.0, 126, 10.312,   0.174,    46
16,01,17,17,40,06,0.28,0.38,0.32,0.48,10.2, 9.1, 9.8, 9.0, 135, 10.262,   0.095,    56
16,01,17,18,00,06,0.28,0.30,0.24,0.42,10.2, 8.0, 8.6, 9.0,  74, 10.153,   0.083,    72
16,01,17,18,20,06,0.26,0.34,0.28,0.44,10.2,10.4, 9.8, 9.0, 131,  9.991,   0.017,   137
16,01,17,18,40,06,0.33,0.35,0.30,0.44,10.2, 9.8, 9.8, 9.0, 155,  9.832,   0.070,   207
16,01,17,19,00,06,0.26,0.29,0.24,0.42,10.2, 9.9, 9.4,11.0, 179,  9.652,   0.200,   220
16,01,17,19,20,06,0.33,0.37,0.30,0.45,10.2,10.2,10.0,10.0, 155,  9.455,   0.222,   237
16,01,17,19,40,06,0.29,0.37,0.29,0.48,10.2, 9.6, 9.7,10.0, 172,  9.176,   0.146,   270
16,01,17,20,00,06,0.27,0.33,0.27,0.43,10.2, 9.6, 9.8, 7.0, 132,  8.913,   0.060,   312
16,01,17,20,20,06,0.29,0.33,0.27,0.40, 9.5, 9.8, 9.8, 8.0, 155,  8.644,   0.047,   331
16,01,17,20,40,06,0.20,0.28,0.22,0.42,10.2, 9.8, 9.7,10.0, 143,  8.450,   0.078,    10
16,01,17,21,00,06,0.22,0.30,0.25,0.39, 8.8, 9.0, 9.4, 9.0, 135,  8.234,   0.119,   335
16,01,17,21,20,06,0.20,0.24,0.18,0.39,10.2, 9.6,10.0,10.0, 142,  8.035,   0.145,   337
16,01,17,21,40,06,0.19,0.23,0.19,0.27,10.2, 9.6, 9.8, 9.0, 168,  7.918,   0.130,   346
16,01,17,22,00,06,0.21,0.25,0.21,0.29, 9.5, 9.7, 9.6,10.0, 123,  7.799,   0.140,   352
16,01,17,22,20,06,0.19,0.24,0.19,0.34,10.2,11.1,10.0, 9.0, 147,  7.705,   0.119,   356
16,01,17,22,40,06,0.19,0.23,0.19,0.32, 8.8, 9.5,10.2, 9.0, 187,  7.653,   0.038,   307
16,01,17,23,00,06,0.19,0.24,0.19,0.34, 9.5, 9.8, 9.5,10.0, 179,  7.654,   0.058,   226
16,01,17,23,20,06,0.18,0.24,0.19,0.32,10.2, 9.6,10.1,10.0, 175,  7.704,   0.106,   212
16,01,17,23,40,06,0.22,0.25,0.20,0.33,10.2, 9.8, 9.6,11.0, 116,  7.759,   0.099,   215
16,01,18,00,00,06,0.22,0.26,0.22,0.33,10.2, 9.1, 9.1, 9.0, 140,  7.891,   0.077,   249
16,01,18,00,20,06,0.15,0.20,0.17,0.23,10.2, 9.4,10.0,11.0, 136,  8.019,   0.208,   253
16,01,18,00,40,06,0.22,0.27,0.22,0.34, 9.5, 9.7, 9.7,11.0, 155,  8.191,   0.172,   261
16,01,18,01,00,06,0.24,0.30,0.25,0.36,10.2, 9.7, 9.8,10.0, 123,  8.410,   0.097,   292
16,01,18,01,20,06,0.22,0.26,0.22,0.34, 8.3, 8.7, 9.0, 9.0, 148,  8.645,   0.066,   329
16,01,18,01,40,06,0.24,0.28,0.23,0.36, 9.5, 9.0, 9.1, 7.0, 164,  8.897,   0.072,   356
16,01,18,02,00,07,0.24,0.27,0.23,0.33, 8.8, 8.7, 8.7, 9.0, 161,  9.123,   0.151,     4
16,01,18,02,20,07,0.31,0.31,0.26,0.40,10.2, 8.8, 9.0, 9.0, 120,  9.319,   0.247,    17
16,01,18,02,40,07,0.22,0.28,0.23,0.38, 9.5, 9.3, 8.7, 7.0, 123,  9.540,   0.332,    38
16,01,18,03,00,07,0.28,0.32,0.27,0.39, 8.3, 8.7, 8.7, 7.0, 163,  9.751,   0.282,    48
16,01,18,03,20,07,0.24,0.30,0.25,0.39,10.2, 8.8, 8.8, 9.0,  98,  9.940,   0.274,    40
16,01,18,03,40,07,0.28,0.30,0.25,0.49, 9.5, 8.6, 8.3, 7.0, 147, 10.107,   0.329,    35
16,01,18,04,00,07,0.32,0.36,0.32,0.44, 7.3, 7.9, 8.1, 8.0, 171, 10.239,   0.395,    29
16,01,18,04,20,07,0.31,0.31,0.27,0.41, 9.5, 8.4, 8.4,10.0, 119, 10.385,   0.421,    31
16,01,18,04,40,07,0.21,0.29,0.22,0.37, 9.5, 8.2, 8.2, 7.0, 155, 10.483,   0.405,    32
16,01,18,05,00,07,0.24,0.28,0.22,0.37,10.2, 8.7, 8.6, 6.0, 139, 10.529,   0.369,    31
16,01,18,05,20,07,0.24,0.28,0.24,0.35, 9.5, 9.1, 8.3, 8.0, 167, 10.549,   0.323,    35
16,01,18,05,40,07,0.22,0.28,0.23,0.37, 9.5, 8.7, 8.5,11.0, 119, 10.544,   0.263,    36
16,01,18,06,00,07,0.23,0.28,0.22,0.39, 8.8, 8.4, 7.9, 7.0,  35, 10.513,   0.226,    36
16,01,18,06,20,07,0.25,0.29,0.24,0.40, 6.6, 8.0, 8.4, 9.0,  36, 10.397,   0.140,    43
16,01,18,06,40,07,0.22,0.30,0.24,0.41, 6.6, 8.2, 8.2, 8.0, 187, 10.246,   0.086,    55
16,01,18,07,00,07,0.24,0.25,0.21,0.32, 9.5, 7.8, 7.8, 7.0, 217, 10.086,   0.031,    61
16,01,18,07,20,07,0.22,0.26,0.22,0.31, 9.5, 8.4, 8.2, 9.0, 143,  9.936,   0.078,   193
16,01,18,07,40,07,0.20,0.26,0.21,0.38,10.2, 8.6, 9.1, 8.0,  99,  9.726,   0.188,   219
16,01,18,08,00,07,0.20,0.25,0.22,0.34,10.2, 9.2, 9.0, 6.0, 207,  9.504,   0.162,   249
16,01,18,08,20,07,0.21,0.26,0.21,0.33, 9.5, 7.9, 8.1,10.0, 217,  9.238,   0.106,   304
16,01,18,08,40,08,0.22,0.27,0.23,0.35,10.2, 8.1, 8.6, 8.0, 235,  8.971,   0.025,     8
16,01,18,09,00,08,0.21,0.27,0.22,0.34, 8.8, 8.1, 8.9, 6.0, 119,  8.706,   0.101,   352
16,01,18,09,20,08,0.17,0.27,0.21,0.34, 9.5, 9.2, 8.9, 9.0, 107,  8.473,   0.131,     3
16,01,18,09,40,08,0.22,0.26,0.21,0.37, 9.5, 8.5, 9.2, 9.0, 135,  8.216,   0.117,   356
16,01,18,10,00,08,0.13,0.18,0.14,0.23, 9.5, 9.4, 9.5, 9.0, 203,  8.012,   0.259,    22
16,01,18,10,20,08,0.20,0.22,0.18,0.26, 8.8, 8.8, 8.9, 9.0, 191,  7.837,   0.292,    32
16,01,18,10,40,08,0.18,0.22,0.18,0.29,10.2, 9.2, 9.0,11.0, 167,  7.699,   0.207,    30
16,01,18,11,00,08,0.16,0.19,0.16,0.28,10.2, 9.6, 9.3, 9.0, 128,  7.617,   0.194,    27
16,01,18,11,20,08,0.13,0.16,0.13,0.21,10.2, 8.9, 8.6, 8.0, 348,  7.552,   0.188,    35
16,01,18,11,40,08,0.12,0.14,0.12,0.17,10.2, 8.8, 9.0, 8.0,  48,  7.548,   0.110,    38
16,01,18,12,00,08,0.14,0.15,0.13,0.17,10.2, 9.1, 9.2,10.0, 160,  7.562,   0.076,   342
16,01,18,12,20,08,0.16,0.18,0.15,0.21, 8.8, 9.1, 9.6,11.0, 168,  7.598,   0.097,   225
16,01,18,12,40,08,0.14,0.17,0.14,0.24,10.2,10.4, 9.8,10.0, 120,  7.673,   0.098,   243
16,01,18,13,00,08,0.17,0.19,0.16,0.25, 9.5, 9.9, 9.5, 9.0, 148,  7.802,   0.100,   252
16,01,18,13,20,08,-0.00,0.16,0.12,0.20,-0.1, 9.6, 9.2, 9.0,  -1,  7.958,   0.141,   252
16,01,18,13,40,08,0.14,0.15,0.13,0.19,10.2, 9.8, 9.9, 7.0, 116,  8.109,   0.131,   265
16,01,18,14,00,08,0.16,0.20,0.16,0.24, 9.5, 9.6, 9.7,10.0,  84,  8.295,   0.097,   305
16,01,18,14,20,08,0.10,0.13,0.11,0.14,10.2, 9.6, 9.5, 7.0, 232,  8.501,   0.059,   320
16,01,18,14,40,08,0.15,0.21,0.17,0.29, 9.5, 9.7, 9.6, 7.0, 201,  8.710,   0.048,    13
16,01,18,15,00,08,0.10,0.18,0.15,0.22, 8.8, 8.7, 8.4, 9.0, 340,  8.941,   0.184,    20
16,01,18,15,20,08,0.11,0.15,0.12,0.19,11.1,11.1,11.6,11.0,  92,  9.152,   0.320,    33
16,01,18,15,40,09,0.16,0.17,0.14,0.20,10.2,10.0, 9.9,10.0, 120,  9.372,   0.268,    53
16,01,18,16,00,09,-0.00,0.11,0.09,0.13,-0.1, 9.1, 8.7,10.0,  -1,  9.537,   0.260,    37
16,01,18,16,20,09,-0.00,0.14,0.11,0.17,-0.1,10.6,11.1,10.0,  -1,  9.683,   0.235,    35
16,01,18,16,40,09,0.14,0.16,0.14,0.19,11.1,11.9,11.0,10.0, 151,  9.814,   0.238,    37
16,01,18,17,00,09,0.12,0.13,0.11,0.16,10.2,10.4, 9.9,10.0, 123,  9.924,   0.243,    44
16,01,18,17,20,09,-0.00,0.09,0.07,0.12,-0.1,10.2,10.6,10.0,  -1,  9.986,   0.222,    45
16,01,18,17,40,09,-0.00,0.08,0.07,0.11,-0.1,11.6,11.6, 9.0,  -1, 10.001,   0.194,    43
16,01,18,18,00,09,-0.00,0.07,0.06,0.09,-0.1,13.3,12.1,12.0,  -1,  9.994,   0.173,    46
16,01,18,18,20,09,-0.00,0.08,0.06,0.11,-0.1,12.1,12.1, 9.0,  -1,  9.981,   0.163,    53
16,01,18,18,40,09,0.10,0.12,0.10,0.15, 9.5,11.0,11.2,12.0, 340,  9.919,   0.102,    62
16,01,18,19,00,09,-0.00,0.11,0.09,0.13,-0.1,11.7,11.3,11.0,  -1,  9.787,   0.075,    73
16,01,18,19,20,09,-0.00,0.12,0.10,0.14,-0.1,12.3,12.1,10.0,  -1,  9.639,   0.034,    96
16,01,18,19,40,09,-0.00,0.09,0.07,0.13,-0.1,11.5,11.7,10.0,  -1,  9.504,   0.066,   198
16,01,18,20,00,09,0.12,0.14,0.12,0.15, 9.5,12.3,13.9,12.0,  61,  9.341,   0.187,   208
16,01,18,20,20,09,-0.00,0.10,0.09,0.11,-0.1,15.5,14.8,11.0,  -1,  9.105,   0.261,   220
16,01,18,20,40,09,0.11,0.15,0.12,0.23,10.2,10.5, 9.6,10.0,  88,  8.891,   0.275,   245
16,01,18,21,00,09,-0.00,0.10,0.09,0.11,-0.1,15.8,19.1,14.0,  -1,  8.630,   0.156,   296
16,01,18,21,20,09,-0.00,0.13,0.11,0.18,-0.1,10.1, 9.5,10.0,  -1,  8.419,   0.134,   324
16,01,18,21,40,09,-0.00,0.13,0.11,0.15,-0.1,16.0,16.4, 9.0,  -1,  8.168,   0.128,   332
16,01,18,22,00,09,-0.00,0.07,0.06,0.09,-0.1,15.4,13.2, 6.0,  -1,  7.987,   0.149,   333
16,01,18,22,20,09,0.11,0.14,0.12,0.17, 9.5,17.8,16.5,17.0, 100,  7.825,   0.124,   334
16,01,18,22,40,09,-0.00,0.10,0.08,0.13,-0.1,20.2,16.4,13.0,  -1,  7.635,   0.162,   348
16,01,18,23,00,09,-0.00,0.08,0.07,0.11,-0.1,16.3,14.1,24.0,  -1,  7.516,   0.099,   322
16,01,18,23,20,09,-0.00,0.07,0.06,0.10,-0.1,11.8, 9.7,28.0,  -1,  7.452,   0.052,   329
16,01,18,23,40,09,0.12,0.12,0.10,0.14, 9.5, 9.6, 8.7,10.0, 115,  7.401,   0.035,   271
16,01,19,00,00,09,0.11,0.12,0.10,0.14,10.2, 8.2, 7.7, 6.0, 217,  7.410,   0.116,   227
16,01,19,00,20,09,-0.00,0.08,0.07,0.12,-0.1, 8.1, 7.3,22.0,  -1,  7.446,   0.129,   220
16,01,19,00,40,09,-0.00,0.08,0.06,0.10,-0.1, 8.1, 8.0, 4.0,  -1,  7.478,   0.091,   235
16,01,19,01,00,09,-0.00,0.11,0.09,0.15,-0.1, 8.3, 8.2,12.0,  -1,  7.547,   0.115,   249
16,01,19,01,20,09,0.12,0.13,0.11,0.18, 9.5, 9.8, 8.7,16.0, 218,  7.677,   0.187,   256
16,01,19,01,40,09,0.14,0.15,0.13,0.18, 3.7, 8.1, 8.8,11.0, 248,  7.857,   0.149,   260
16,01,19,02,00,09,-0.00,0.10,0.08,0.14,-0.1, 8.5, 8.5,20.0,  -1,  8.024,   0.062,   277
16,01,19,02,20,09,-0.00,0.14,0.12,0.17,-0.1,13.7,14.4,19.0,  -1,  8.230,   0.071,   337
16,01,19,02,40,09,-0.00,0.13,0.10,0.16,-0.1,10.8, 9.9,12.0,  -1,  8.444,   0.052,    11
16,01,19,03,00,10,-0.00,0.11,0.10,0.14,-0.1,11.0,13.4,11.0,  -1,  8.658,   0.125,    19
16,01,19,03,20,10,-0.00,0.12,0.11,0.14,-0.1,13.5,12.6,17.0,  -1,  8.904,   0.291,    32
16,01,19,03,40,10,-0.00,0.11,0.10,0.13,-0.1,21.8,21.6,13.0,  -1,  9.148,   0.311,    55
16,01,19,04,00,10,-0.00,0.12,0.10,0.14,-0.1,15.9,14.4,14.0,  -1,  9.409,   0.309,    46
16,01,19,04,20,10,-0.00,0.10,0.09,0.12,-0.1,27.6,20.7,37.0,  -1,  9.594,   0.291,    42
16,01,19,04,40,10,-0.00,0.11,0.10,0.14,-0.1,14.1,16.5,12.0,  -1,  9.775,   0.270,    36
16,01,19,05,00,10,-0.00,0.09,0.07,0.13,-0.1,10.2, 9.8,12.0,  -1,  9.959,   0.252,    43
16,01,19,05,20,10,-0.00,0.09,0.07,0.12,-0.1,12.1,10.5,15.0,  -1, 10.033,   0.268,    41
16,01,19,05,40,10,-0.00,0.10,0.09,0.14,-0.1,11.6,10.9,11.0,  -1, 10.123,   0.304,    37
16,01,19,06,00,10,-0.00,0.09,0.07,0.12,-0.1,12.3,10.2,13.0,  -1, 10.157,   0.267,    35
16,01,19,06,20,10,-0.00,0.10,0.07,0.13,-0.1,11.5,10.3,10.0,  -1, 10.170,   0.220,    44
16,01,19,06,40,10,-0.00,0.11,0.09,0.16,-0.1, 9.6, 9.3,15.0,  -1, 10.129,   0.224,    41
16,01,19,07,00,10,-0.00,0.11,0.09,0.16,-0.1,10.7, 8.9,14.0,  -1, 10.091,   0.186,    40
16,01,19,07,20,10,-0.00,0.09,0.07,0.10,-0.1,15.3,12.8,13.0,  -1, 10.009,   0.107,    53
16,01,19,07,40,10,-0.00,0.12,0.10,0.14,-0.1,10.8, 9.6,14.0,  -1,  9.901,   0.066,    84
16,01,19,08,00,10,-0.00,0.12,0.09,0.17,-0.1,15.3,13.0,14.0,  -1,  9.728,   0.035,   137
16,01,19,08,20,10,-0.00,0.12,0.10,0.14,-0.1,10.5,10.8, 9.0,  -1,  9.545,   0.091,   202
16,01,19,08,40,10,0.14,0.14,0.13,0.18,12.2,11.0,10.0, 8.0,  72,  9.357,   0.273,   215
16,01,19,09,00,10,-0.00,0.14,0.11,0.21,-0.1,10.4,11.2,15.0,  -1,  9.090,   0.320,   226
16,01,19,09,20,10,0.14,0.16,0.14,0.22,12.2,11.4,11.7,10.0, 214,  8.837,   0.204,   258
16,01,19,09,40,11,0.10,0.13,0.11,0.15,12.2,10.7,10.2, 3.0, 218,  8.554,   0.167,   320
16,01,19,10,00,11,0.15,0.18,0.15,0.23,11.1, 8.5, 8.2,15.0, 128,  8.320,   0.149,   330
16,01,19,10,20,11,0.15,0.18,0.13,0.24, 2.9, 4.8, 6.3, 5.0, 316,  8.040,   0.123,    17
16,01,19,10,40,11,0.19,0.20,0.17,0.23, 3.3, 7.8, 8.1, 8.0,  58,  7.829,   0.118,    14
16,01,19,11,00,11,0.11,0.15,0.12,0.20,12.2, 8.7, 8.9,13.0, 218,  7.597,   0.141,    16
16,01,19,11,20,11,-0.00,0.12,0.09,0.15,-0.1, 6.3, 6.7, 7.0,  -1,  7.458,   0.246,    27
16,01,19,11,40,11,0.14,0.16,0.14,0.19,13.5, 7.3, 6.6, 8.0, 218,  7.322,   0.139,    32
16,01,19,12,00,11,0.12,0.14,0.11,0.20,11.1, 8.3, 8.4, 7.0, 218,  7.190,   0.125,    36
16,01,19,12,20,11,-0.00,0.12,0.10,0.17,-0.1,12.4,10.4, 9.0,  -1,  7.119,   0.125,    28
16,01,19,12,40,11,-0.00,0.10,0.09,0.13,-0.1,16.0,14.1,17.0,  -1,  7.114,   0.096,    10
16,01,19,13,00,11,-0.00,0.12,0.09,0.19,-0.1,14.0,12.4,24.0,  -1,  7.096,   0.032,   228
16,01,19,13,20,11,-0.00,0.11,0.09,0.14,-0.1,10.2,10.7,17.0,  -1,  7.136,   0.095,   225
16,01,19,13,40,11,-0.00,0.10,0.08,0.12,-0.1,13.4,12.3,14.0,  -1,  7.220,   0.098,   246
16,01,19,14,00,11,0.12,0.14,0.11,0.18, 4.5,10.0, 8.8, 7.0, 218,  7.329,   0.118,   255
16,01,19,14,20,11,-0.00,0.08,0.07,0.13,-0.1,13.1,11.7,11.0,  -1,  7.467,   0.135,   256
16,01,19,14,40,11,-0.00,0.12,0.10,0.15,-0.1,21.6,17.3,11.0,  -1,  7.632,   0.111,   282
16,01,19,15,00,11,-0.00,0.11,0.09,0.13,-0.1,11.3,13.6, 5.0,  -1,  7.837,   0.084,   314
16,01,19,15,20,11,-0.00,0.11,0.09,0.14,-0.1, 9.2, 8.9, 9.0,  -1,  8.022,   0.098,   335
16,01,19,15,40,11,0.13,0.15,0.13,0.21, 4.2,10.4, 8.8,10.0, 218,  8.213,   0.082,    21
16,01,19,16,00,11,-0.00,0.12,0.10,0.15,-0.1, 7.3, 7.9,11.0,  -1,  8.440,   0.149,    20
16,01,19,16,20,11,-0.00,0.11,0.09,0.12,-0.1,21.1,23.7,13.0,  -1,  8.640,   0.288,    33
16,01,19,16,40,11,0.12,0.13,0.11,0.21, 2.4, 8.4, 8.3, 6.0, 218,  8.877,   0.288,    52
16,01,19,17,00,11,-0.00,0.12,0.10,0.18,-0.1,13.5,10.8,33.0,  -1,  9.034,   0.219,    59
16,01,19,17,20,11,-0.00,0.11,0.09,0.14,-0.1,17.0,13.7,37.0,  -1,  9.200,   0.212,    48
16,01,19,17,40,11,0.11,0.14,0.11,0.16,10.2,11.3, 9.4, 7.0, 218,  9.377,   0.243,    47
16,01,19,18,00,11,-0.00,0.08,0.06,0.09,-0.1,12.6,11.6, 6.0,  -1,  9.487,   0.246,    44
16,01,19,18,20,11,-0.00,0.10,0.08,0.12,-0.1,13.6,11.9,20.0,  -1,  9.565,   0.202,    55
16,01,19,18,40,11,-0.00,0.11,0.09,0.14,-0.1,15.0,12.3,14.0,  -1,  9.632,   0.213,    50
16,01,19,19,00,11,-0.00,0.09,0.07,0.11,-0.1,16.3,13.3,20.0,  -1,  9.662,   0.194,    50
16,01,19,19,20,11,-0.00,0.07,0.06,0.09,-0.1,22.3,16.6,54.0,  -1,  9.673,   0.147,    56
16,01,19,19,40,11,-0.00,0.10,0.08,0.14,-0.1,23.1,16.2,25.0,  -1,  9.637,   0.132,    62
16,01,19,20,00,11,-0.00,0.09,0.07,0.11,-0.1,16.5,14.9, 9.0,  -1,  9.565,   0.112,    66
16,01,19,20,20,11,-0.00,0.06,0.05,0.08,-0.1,32.4,23.2,43.0,  -1,  9.498,   0.073,    52
16,01,19,20,40,11,-0.00,0.11,0.09,0.14,-0.1,13.6,14.2,17.0,  -1,  9.356,   0.019,   172
16,01,19,21,00,11,-0.00,0.10,0.08,0.15,-0.1, 8.8,12.3, 8.0,  -1,  9.172,   0.126,   225
16,01,19,21,20,11,-0.00,0.08,0.07,0.10,-0.1,17.0,16.3,16.0,  -1,  9.034,   0.218,   221
16,01,19,21,40,11,-0.00,0.10,0.08,0.11,-0.1,12.9,16.2, 9.0,  -1,  8.840,   0.299,   221
16,01,19,22,00,11,-0.00,0.09,0.08,0.11,-0.1,17.6,20.4,15.0,  -1,  8.594,   0.234,   240
16,01,19,22,20,12,-0.00,0.11,0.09,0.13,-0.1,18.0,13.0, 7.0,  -1,  8.421,   0.141,   294
16,01,19,22,40,12,-0.00,0.10,0.08,0.11,-0.1,22.7,20.5,40.0,  -1,  8.159,   0.105,   284
16,01,19,23,00,12,-0.00,0.07,0.06,0.09,-0.1,16.6,13.4,27.0,  -1,  8.002,   0.064,   330
16,01,19,23,20,12,-0.00,0.11,0.10,0.14,-0.1,15.0,15.6,16.0,  -1,  7.867,   0.100,   348
16,01,19,23,40,12,-0.00,0.08,0.07,0.09,-0.1,24.1,18.9,13.0,  -1,  7.713,   0.142,   323
16,01,20,00,00,12,-0.00,0.10,0.08,0.16,-0.1,16.3,12.6,28.0,  -1,  7.588,   0.114,   323
16,01,20,00,20,12,-0.00,0.07,0.06,0.09,-0.1,10.7,10.2, 7.0,  -1,  7.518,   0.057,   320
16,01,20,00,40,12,-0.00,0.05,0.04,0.07,-0.1,11.0,11.4, 7.0,  -1,  7.479,   0.055,   268
16,01,20,01,00,12,-0.00,0.05,0.04,0.06,-0.1,12.9,10.7, 8.0,  -1,  7.478,   0.061,   240
16,01,20,01,20,12,-0.00,0.05,0.04,0.06,-0.1,16.6,14.4,45.0,  -1,  7.511,   0.041,   233
16,01,20,01,40,12,-0.00,0.06,0.05,0.07,-0.1,17.1,13.8,16.0,  -1,  7.550,   0.040,   241
16,01,20,02,00,12,-0.00,0.07,0.06,0.08,-0.1,19.7,19.4,33.0,  -1,  7.641,   0.110,   272
16,01,20,02,20,12,-0.00,0.12,0.10,0.15,-0.1, 9.3,10.8, 8.0,  -1,  7.760,   0.171,   272
16,01,20,02,40,12,-0.00,0.09,0.07,0.11,-0.1,12.5,15.0,45.0,  -1,  7.954,   0.106,   279
16,01,20,03,00,12,-0.00,0.09,0.08,0.11,-0.1,54.1,42.5,91.0,  -1,  8.116,   0.067,   313
16,01,20,03,20,12,-0.00,0.10,0.09,0.11,-0.1,13.3,17.4,23.0,  -1,  8.332,   0.049,   329
16,01,20,03,40,12,-0.00,0.10,0.08,0.11,-0.1,27.8,26.1,34.0,  -1,  8.558,   0.142,    33
16,01,20,04,00,12,-0.00,0.09,0.08,0.09,-0.1,16.2,16.1,15.0,  -1,  8.778,   0.245,    21
16,01,20,04,20,12,-0.00,0.09,0.08,0.12,-0.1,14.4,18.2,25.0,  -1,  8.996,   0.341,    27
16,01,20,04,40,12,-0.00,0.10,0.08,0.12,-0.1,14.6,17.4,11.0,  -1,  9.224,   0.265,    42
16,01,20,05,00,12,-0.00,0.10,0.08,0.13,-0.1,13.5,20.2,12.0,  -1,  9.462,   0.289,    44
16,01,20,05,20,12,-0.00,0.09,0.08,0.09,-0.1,28.8,30.3,28.0,  -1,  9.636,   0.327,    39
16,01,20,05,40,12,-0.00,0.11,0.09,0.12,-0.1,12.6,12.6,11.0,  -1,  9.820,   0.312,    40
16,01,20,06,00,12,-0.00,0.07,0.06,0.10,-0.1, 9.7, 9.7,10.0,  -1,  9.954,   0.411,    32
16,01,20,06,20,12,-0.00,0.09,0.07,0.11,-0.1,11.5,11.2,11.0,  -1, 10.036,   0.428,    31
16,01,20,06,40,12,-0.00,0.11,0.09,0.15,-0.1,13.0,11.1, 8.0,  -1, 10.130,   0.387,    33
16,01,20,07,00,12,-0.00,0.08,0.07,0.11,-0.1,12.1,10.3,10.0,  -1, 10.210,   0.370,    32
16,01,20,07,20,12,-0.00,0.09,0.07,0.11,-0.1,10.2, 9.8,11.0,  -1, 10.264,   0.305,    36
16,01,20,07,40,12,-0.00,0.08,0.06,0.13,-0.1,11.3,10.2,12.0,  -1, 10.247,   0.244,    38
16,01,20,08,00,12,-0.00,0.08,0.06,0.10,-0.1,19.7,17.7,28.0,  -1, 10.196,   0.202,    47
16,01,20,08,20,12,-0.00,0.10,0.09,0.12,-0.1,13.3,15.7, 8.0,  -1, 10.112,   0.158,    54
16,01,20,08,40,12,-0.00,0.07,0.06,0.09,-0.1,19.3,14.7,26.0,  -1,  9.995,   0.119,    71
16,01,20,09,00,12,-0.00,0.11,0.09,0.13,-0.1,13.1,16.3,11.0,  -1,  9.874,   0.060,    93
16,01,20,09,20,12,-0.00,0.13,0.10,0.16,-0.1,13.7,11.8,14.0,  -1,  9.668,   0.063,   175
16,01,20,09,40,12,-0.00,0.12,0.09,0.18,-0.1,10.9,11.7,17.0,  -1,  9.479,   0.176,   203
16,01,20,10,00,12,-0.00,0.13,0.11,0.14,-0.1,11.6,10.4, 8.0,  -1,  9.251,   0.230,   227
16,01,20,10,20,12,-0.00,0.12,0.10,0.14,-0.1,15.2,14.2, 4.0,  -1,  8.988,   0.155,   272
16,01,20,10,40,12,-0.00,0.12,0.11,0.16,-0.1,16.8,15.0,14.0,  -1,  8.708,   0.153,   323
16,01,20,11,00,12,-0.00,0.11,0.09,0.13,-0.1,11.2,13.2, 8.0,  -1,  8.482,   0.118,     1
16,01,20,11,20,12,-0.00,0.13,0.10,0.17,-0.1, 9.6,12.1,10.0,  -1,  8.243,   0.148,     7
16,01,20,11,40,12,-0.00,0.11,0.09,0.15,-0.1,14.2,16.6,15.0,  -1,  8.020,   0.145,    19
16,01,20,12,00,12,-0.00,0.11,0.09,0.14,-0.1,14.4,14.2,14.0,  -1,  7.828,   0.190,    23
16,01,20,12,20,12,-0.00,0.10,0.09,0.12,-0.1,18.4,17.3,34.0,  -1,  7.643,   0.252,    25
16,01,20,12,40,12,-0.00,0.07,0.06,0.09,-0.1,19.2,14.7,35.0,  -1,  7.514,   0.194,    26
16,01,20,13,00,13,-0.00,0.08,0.07,0.11,-0.1, 8.8, 8.5,15.0,  -1,  7.449,   0.177,    34
16,01,20,13,20,13,-0.00,0.08,0.07,0.12,-0.1,11.0, 9.2,10.0,  -1,  7.382,   0.192,    33
16,01,20,13,40,13,-0.00,0.08,0.07,0.11,-0.1,13.0,12.2, 9.0,  -1,  7.298,   0.104,    29
16,01,20,14,00,13,-0.00,0.12,0.09,0.17,-0.1,10.0,10.3, 2.0,  -1,  7.293,   0.117,    26
16,01,20,14,20,13,-0.00,0.10,0.08,0.15,-0.1,10.9, 9.8,16.0,  -1,  7.334,   0.118,    21
16,01,20,14,40,13,-0.00,0.09,0.07,0.12,-0.1, 8.3,12.0, 4.0,  -1,  7.435,   0.182,     2
16,01,20,15,00,13,-0.00,0.09,0.07,0.13,-0.1,10.1,10.9, 6.0,  -1,  7.540,   0.051,   289
16,01,20,15,20,13,-0.00,0.08,0.07,0.10,-0.1,14.4,13.5,18.0,  -1,  7.677,   0.109,   272
16,01,20,15,40,13,-0.00,0.10,0.09,0.12,-0.1,32.7,26.2,24.0,  -1,  7.866,   0.117,   289
16,01,20,16,00,13,-0.00,0.08,0.07,0.10,-0.1,31.5,22.3,62.0,  -1,  8.067,   0.092,   315
16,01,20,16,20,13,-0.00,0.09,0.08,0.11,-0.1,13.5,13.0,10.0,  -1,  8.243,   0.104,   344
16,01,20,16,40,13,-0.00,0.09,0.07,0.10,-0.1,10.8,11.8, 4.0,  -1,  8.462,   0.095,    15
16,01,20,17,00,13,-0.00,0.09,0.08,0.12,-0.1,17.9,18.8,10.0,  -1,  8.663,   0.237,    20
16,01,20,17,20,13,-0.00,0.10,0.08,0.10,-0.1,12.7,19.7,13.0,  -1,  8.900,   0.288,    22
16,01,20,17,40,13,-0.00,0.09,0.07,0.10,-0.1,23.0,21.9,14.0,  -1,  9.124,   0.250,    60
16,01,20,18,00,13,-0.00,0.10,0.09,0.12,-0.1,20.0,24.1, 8.0,  -1,  9.305,   0.269,    45
16,01,20,18,20,13,-0.00,0.08,0.07,0.10,-0.1,24.8,22.6,40.0,  -1,  9.508,   0.220,    50
16,01,20,18,40,13,-0.00,0.09,0.07,0.12,-0.1,20.1,18.7,22.0,  -1,  9.663,   0.197,    54
16,01,20,19,00,13,-0.00,0.08,0.06,0.10,-0.1,15.2,12.9,19.0,  -1,  9.773,   0.221,    53
16,01,20,19,20,13,-0.00,0.09,0.08,0.12,-0.1,10.4,13.4,15.0,  -1,  9.894,   0.249,    39
16,01,20,19,40,13,-0.00,0.07,0.06,0.09,-0.1,10.9, 9.9, 7.0,  -1,  9.959,   0.232,    39
16,01,20,20,00,13,-0.00,0.06,0.05,0.08,-0.1,15.0,13.5,17.0,  -1,  9.980,   0.199,    48
16,01,20,20,20,13,-0.00,0.07,0.05,0.09,-0.1,13.2,12.2,11.0,  -1,  9.961,   0.157,    53
16,01,20,20,40,13,-0.00,0.08,0.07,0.11,-0.1,11.2,11.0,10.0,  -1,  9.901,   0.173,    42
16,01,20,21,00,14,-0.00,0.08,0.07,0.11,-0.1,14.7,12.8,10.0,  -1,  9.810,   0.132,    41
16,01,20,21,20,14,-0.00,0.08,0.06,0.10,-0.1,26.4,23.5,78.0,  -1,  9.700,   0.068,    61
16,01,20,21,40,14,-0.00,0.07,0.06,0.07,-0.1,23.9,19.3,42.0,  -1,  9.536,   0.027,   138
16,01,20,22,00,14,-0.00,0.08,0.07,0.09,-0.1,20.3,19.4,12.0,  -1,  9.397,   0.078,   196
16,01,20,22,20,14,-0.00,0.06,0.05,0.07,-0.1,14.1,19.1,15.0,  -1,  9.213,   0.234,   218
16,01,20,22,40,14,-0.00,0.07,0.06,0.08,-0.1,30.0,31.1,73.0,  -1,  9.000,   0.239,   234
16,01,20,23,00,14,-0.00,0.06,0.06,0.07,-0.1,28.4,27.6, 8.0,  -1,  8.751,   0.181,   273
16,01,20,23,20,14,-0.00,0.07,0.06,0.09,-0.1,68.3,41.9,113.0,  -1,  8.512,   0.148,   321
16,01,20,23,40,14,-0.00,0.08,0.07,0.10,-0.1,28.4,30.9,10.0,  -1,  8.285,   0.099,   328
16,01,21,00,00,14,-0.00,0.09,0.07,0.10,-0.1,36.3,34.4,29.0,  -1,  8.098,   0.109,   333
16,01,21,00,20,14,-0.00,0.08,0.07,0.10,-0.1,15.7,15.9,18.0,  -1,  7.920,   0.109,   340
16,01,21,00,40,14,-0.00,0.07,0.06,0.08,-0.1,23.2,21.6,21.0,  -1,  7.751,   0.154,   350
16,01,21,01,00,14,-0.00,0.07,0.06,0.09,-0.1,29.3,23.2,18.0,  -1,  7.633,   0.142,   327
16,01,21,01,20,14,-0.00,0.05,0.04,0.06,-0.1,27.3,19.9,37.0,  -1,  7.533,   0.113,   338
16,01,21,01,40,14,-0.00,0.04,0.04,0.05,-0.1,26.4,20.2,40.0,  -1,  7.500,   0.101,   355
16,01,21,02,00,14,-0.00,0.04,0.04,0.05,-0.1,16.7,14.3, 9.0,  -1,  7.499,   0.106,   354
16,01,21,02,20,14,-0.00,0.05,0.04,0.07,-0.1,22.5,16.7,22.0,  -1,  7.512,   0.094,     7
16,01,21,02,40,14,-0.00,0.05,0.04,0.07,-0.1,15.5,15.6,10.0,  -1,  7.554,   0.054,   256
16,01,21,03,00,14,-0.00,0.07,0.06,0.09,-0.1,14.6,13.6, 9.0,  -1,  7.661,   0.047,   300
16,01,21,03,20,14,-0.00,0.06,0.05,0.09,-0.1,15.9,18.1, 9.0,  -1,  7.768,   0.122,   285
16,01,21,03,40,14,-0.00,0.07,0.06,0.08,-0.1,18.8,19.1,33.0,  -1,  7.974,   0.136,   281
16,01,21,04,00,15,-0.00,0.07,0.06,0.08,-0.1,37.9,36.1,58.0,  -1,  8.156,   0.088,   297
16,01,21,04,20,15,-0.00,0.08,0.07,0.09,-0.1,23.3,27.8,11.0,  -1,  8.364,   0.105,   321
16,01,21,04,40,15,-0.00,0.07,0.06,0.08,-0.1,44.6,26.7,88.0,  -1,  8.581,   0.115,   358
16,01,21,05,00,15,-0.00,0.09,0.08,0.11,-0.1,35.9,33.9,22.0,  -1,  8.823,   0.283,    29
16,01,21,05,20,15,-0.00,0.17,0.12,0.22,-0.1, 2.8, 6.7, 2.0,  -1,  9.074,   0.394,    26
16,01,21,05,40,15,-0.00,0.10,0.09,0.11,-0.1,16.5,15.7, 6.0,  -1,  9.313,   0.296,    38
16,01,21,06,00,15,-0.00,0.09,0.07,0.10,-0.1,23.2,19.8, 9.0,  -1,  9.553,   0.263,    50
16,01,21,06,20,15,-0.00,0.08,0.06,0.10,-0.1,12.1,16.5, 8.0,  -1,  9.746,   0.321,    39
16,01,21,06,40,15,-0.00,0.08,0.07,0.10,-0.1,20.1,18.0,15.0,  -1,  9.948,   0.405,    35
16,01,21,07,00,15,-0.00,0.08,0.07,0.10,-0.1,14.6,14.5,14.0,  -1, 10.085,   0.430,    32
16,01,21,07,20,15,-0.00,0.06,0.05,0.09,-0.1,18.4,13.6,36.0,  -1, 10.213,   0.466,    30
16,01,21,07,40,15,-0.00,0.09,0.08,0.11,-0.1,15.6,13.8,39.0,  -1, 10.298,   0.461,    28
16,01,21,08,00,15,-0.00,0.09,0.07,0.11,-0.1,10.1, 9.0, 7.0,  -1, 10.382,   0.383,    29
16,01,21,08,20,15,-0.00,0.08,0.07,0.09,-0.1, 9.4, 8.9, 8.0,  -1, 10.406,   0.354,    33
16,01,21,08,40,15,-0.00,0.09,0.07,0.12,-0.1, 9.8, 8.8,11.0,  -1, 10.394,   0.233,    39
16,01,21,09,00,15,-0.00,0.08,0.07,0.10,-0.1,10.3,10.0,16.0,  -1, 10.327,   0.178,    53
16,01,21,09,20,15,-0.00,0.07,0.06,0.09,-0.1,20.3,17.5,37.0,  -1, 10.209,   0.152,    66
16,01,21,09,40,15,-0.00,0.09,0.07,0.12,-0.1,14.3,16.9, 9.0,  -1, 10.078,   0.091,    76
16,01,21,10,00,15,-0.00,0.09,0.08,0.11,-0.1,13.2,17.6, 7.0,  -1,  9.907,   0.035,   102
16,01,21,10,20,15,-0.00,0.10,0.08,0.11,-0.1,25.2,23.8,50.0,  -1,  9.672,   0.114,   197
16,01,21,10,40,15,-0.00,0.09,0.07,0.11,-0.1,11.1,15.8,15.0,  -1,  9.482,   0.197,   215
16,01,21,11,00,15,-0.00,0.11,0.10,0.14,-0.1,18.4,19.9,17.0,  -1,  9.195,   0.245,   244
16,01,21,11,20,15,-0.00,0.09,0.09,0.10,-0.1,16.8,20.0, 7.0,  -1,  8.928,   0.157,   302
16,01,21,11,40,15,-0.00,0.12,0.10,0.15,-0.1, 6.9,10.5, 3.0,  -1,  8.649,   0.110,   318
16,01,21,12,00,15,-0.00,0.10,0.09,0.13,-0.1,21.1,15.8,12.0,  -1,  8.384,   0.137,   358
16,01,21,12,20,15,-0.00,0.10,0.08,0.11,-0.1,20.6,22.5,10.0,  -1,  8.144,   0.111,     9
16,01,21,12,40,15,-0.00,0.10,0.09,0.11,-0.1,28.8,23.9,22.0,  -1,  7.921,   0.150,    17
16,01,21,13,00,15,-0.00,0.10,0.09,0.13,-0.1,47.8,38.9,70.0,  -1,  7.660,   0.224,    22
16,01,21,13,20,15,-0.00,0.08,0.06,0.09,-0.1,17.4,19.1,10.0,  -1,  7.500,   0.246,    28
16,01,21,13,40,15,-0.00,0.11,0.09,0.14,-0.1,12.7,11.7, 8.0,  -1,  7.331,   0.089,    13
16,01,21,14,00,15,-0.00,0.10,0.08,0.15,-0.1,18.8,16.1, 7.0,  -1,  7.215,   0.173,    29
16,01,21,14,20,15,-0.00,0.09,0.07,0.14,-0.1,14.2,12.2, 2.0,  -1,  7.138,   0.160,    27
16,01,21,14,40,15,-0.00,0.10,0.08,0.12,-0.1,21.1,16.7,39.0,  -1,  7.105,   0.142,     7
16,01,21,15,00,15,-0.00,0.07,0.06,0.09,-0.1,19.1,15.1,25.0,  -1,  7.126,   0.081,   256
16,01,21,15,20,15,-0.00,0.08,0.06,0.09,-0.1,24.7,19.0,16.0,  -1,  7.171,   0.124,   229
16,01,21,15,40,15,-0.00,0.08,0.07,0.11,-0.1,19.7,14.4,12.0,  -1,  7.219,   0.103,   246
16,01,21,16,00,15,-0.00,0.11,0.10,0.13,-0.1,13.3,12.8, 9.0,  -1,  7.364,   0.113,   248
16,01,21,16,20,15,-0.00,0.09,0.07,0.11,-0.1, 7.2, 7.6,20.0,  -1,  7.510,   0.121,   271
16,01,21,16,40,15,-0.00,0.13,0.11,0.16,-0.1,13.1,13.7, 8.0,  -1,  7.687,   0.132,   269
16,01,21,17,00,15,-0.00,0.10,0.08,0.12,-0.1,14.4,13.1, 2.0,  -1,  7.957,   0.086,   323
16,01,21,17,20,15,-0.00,0.12,0.09,0.17,-0.1, 5.9, 8.8, 2.0,  -1,  8.145,   0.088,   343
16,01,21,17,40,15,-0.00,0.11,0.09,0.12,-0.1,17.9,20.3,12.0,  -1,  8.389,   0.115,    17
16,01,21,18,00,16,-0.00,0.10,0.08,0.11,-0.1,20.2,16.3,26.0,  -1,  8.611,   0.215,    21
16,01,21,18,20,16,-0.00,0.12,0.10,0.14,-0.1, 8.3,13.2, 7.0,  -1,  8.867,   0.282,    29
16,01,21,18,40,16,-0.00,0.09,0.07,0.10,-0.1,36.2,29.1,30.0,  -1,  9.107,   0.273,    54
16,01,21,19,00,16,-0.00,0.09,0.08,0.10,-0.1,35.8,32.9,24.0,  -1,  9.342,   0.297,    41
16,01,21,19,20,16,-0.00,0.06,0.05,0.07,-0.1,13.5,13.4, 4.0,  -1,  9.529,   0.337,    37
16,01,21,19,40,16,-0.00,0.08,0.07,0.10,-0.1,31.2,24.6,16.0,  -1,  9.672,   0.299,    39
16,01,21,20,00,16,-0.00,0.07,0.06,0.09,-0.1,16.6,12.6,10.0,  -1,  9.805,   0.311,    34
16,01,21,20,20,16,-0.00,0.07,0.06,0.09,-0.1,14.0,12.6,14.0,  -1,  9.939,   0.267,    41
16,01,21,20,40,16,-0.00,0.05,0.04,0.07,-0.1,16.8,15.7, 8.0,  -1,  9.996,   0.215,    45
16,01,21,21,00,16,-0.00,0.05,0.04,0.08,-0.1,18.0,14.4,31.0,  -1, 10.011,   0.202,    49
16,01,21,21,20,16,-0.00,0.04,0.04,0.06,-0.1,25.2,18.9,13.0,  -1,  9.994,   0.153,    53
16,01,21,21,40,16,-0.00,0.07,0.06,0.09,-0.1,15.7,13.8,12.0,  -1,  9.940,   0.154,    48
16,01,21,22,00,16,-0.00,0.07,0.07,0.09,-0.1,20.4,17.6,36.0,  -1,  9.825,   0.127,    45
16,01,21,22,20,16,-0.00,0.08,0.06,0.11,-0.1,45.1,32.4,79.0,  -1,  9.714,   0.073,    52
16,01,21,22,40,16,-0.00,0.06,0.05,0.07,-0.1,23.4,27.2,15.0,  -1,  9.563,   0.030,    98
16,01,21,23,00,16,-0.00,0.07,0.06,0.08,-0.1,25.4,24.8,18.0,  -1,  9.415,   0.098,   205
16,01,21,23,20,16,-0.00,0.06,0.05,0.09,-0.1,21.2,19.5,33.0,  -1,  9.223,   0.245,   215
16,01,21,23,40,16,-0.00,0.07,0.06,0.09,-0.1,29.9,22.5,28.0,  -1,  9.008,   0.281,   230
16,01,22,00,00,16,-0.00,0.07,0.07,0.08,-0.1,37.3,33.7,82.0,  -1,  8.756,   0.172,   267
16,01,22,00,20,16,-0.00,0.07,0.06,0.08,-0.1,43.8,50.1,61.0,  -1,  8.530,   0.139,   318
16,01,22,00,40,16,-0.00,0.08,0.07,0.09,-0.1,62.0,62.9,83.0,  -1,  8.293,   0.106,   318
16,01,22,01,00,16,-0.00,0.07,0.06,0.07,-0.1,47.2,46.5,50.0,  -1,  8.071,   0.134,   340
16,01,22,01,20,16,-0.00,0.07,0.06,0.08,-0.1,41.0,35.6,84.0,  -1,  7.915,   0.123,   342
16,01,22,01,40,16,-0.00,0.08,0.07,0.10,-0.1,45.4,48.0,30.0,  -1,  7.737,   0.115,     0
16,01,22,02,00,16,-0.00,0.08,0.06,0.10,-0.1,49.7,32.3,82.0,  -1,  7.618,   0.133,    18
16,01,22,02,20,16,-0.00,0.05,0.04,0.07,-0.1,25.7,20.4, 8.0,  -1,  7.555,   0.238,    31
16,01,22,02,40,17,-0.00,0.05,0.04,0.06,-0.1,36.4,27.9,62.0,  -1,  7.513,   0.144,    28
16,01,22,03,00,17,-0.00,0.04,0.03,0.06,-0.1,22.9,17.3,15.0,  -1,  7.513,   0.186,    34
16,01,22,03,20,17,-0.00,0.05,0.04,0.06,-0.1,18.8,17.0,62.0,  -1,  7.553,   0.210,    28
16,01,22,03,40,17,-0.00,0.06,0.05,0.08,-0.1,18.2,14.8,27.0,  -1,  7.611,   0.225,    22
16,01,22,04,00,17,-0.00,0.10,0.08,0.14,-0.1, 6.8,12.4, 2.0,  -1,  7.703,   0.217,    17
16,01,22,04,20,17,-0.00,0.07,0.06,0.07,-0.1,34.3,26.9,14.0,  -1,  7.844,   0.189,   306
16,01,22,04,40,17,-0.00,0.06,0.05,0.08,-0.1,36.8,34.3,62.0,  -1,  8.019,   0.130,   284
16,01,22,05,00,17,-0.00,0.12,0.08,0.18,-0.1,14.8,33.2, 2.0,  -1,  8.172,   0.102,   304
16,01,22,05,20,17,-0.00,0.14,0.10,0.19,-0.1, 2.9,13.9, 2.0,  -1,  8.450,   0.084,   314
16,01,22,05,40,17,-0.00,0.08,0.06,0.11,-0.1,56.5,36.1,64.0,  -1,  8.675,   0.137,    24
16,01,22,06,00,17,-0.00,0.09,0.08,0.09,-0.1,289.0,148.2,118.0,  -1,  8.927,   0.328,    27
16,01,22,06,20,17,-0.00,0.09,0.08,0.10,-0.1,55.5,31.7,35.0,  -1,  9.174,   0.428,    25
16,01,22,06,40,17,-0.00,0.07,0.07,0.08,-0.1,48.0,43.1,56.0,  -1,  9.442,   0.362,    41
16,01,22,07,00,17,-0.00,0.07,0.06,0.10,-0.1,37.4,33.5,74.0,  -1,  9.679,   0.375,    40
16,01,22,07,20,17,-0.00,0.09,0.08,0.10,-0.1,50.4,40.4,62.0,  -1,  9.889,   0.471,    30
16,01,22,07,40,17,-0.00,0.08,0.06,0.11,-0.1,60.4,38.4,126.0,  -1, 10.075,   0.404,    24
16,01,22,08,00,17,-0.00,0.08,0.07,0.09,-0.1,23.9,19.1,43.0,  -1, 10.195,   0.603,    26
16,01,22,08,20,17,-0.00,0.12,0.09,0.18,-0.1, 7.7,10.3, 2.0,  -1, 10.358,   0.575,    24
16,01,22,08,40,17,-0.00,0.06,0.05,0.07,-0.1,10.8,11.2,25.0,  -1, 10.500,   0.542,    26
16,01,22,09,00,17,-0.00,0.04,0.04,0.06,-0.1,17.2,15.1,12.0,  -1, 10.536,   0.449,    27
16,01,22,09,20,17,-0.00,0.04,0.03,0.05,-0.1,11.4,10.0,24.0,  -1, 10.547,   0.300,    39
16,01,22,09,40,17,-0.00,0.05,0.04,0.07,-0.1,14.6,12.8,22.0,  -1, 10.518,   0.240,    41
16,01,22,10,00,17,-0.00,0.08,0.07,0.09,-0.1,10.9,11.1, 6.0,  -1, 10.419,   0.165,    43
16,01,22,10,20,17,-0.00,0.16,0.10,0.24,-0.1, 2.1, 5.2, 2.0,  -1, 10.301,   0.149,    46
16,01,22,10,40,17,-0.00,0.09,0.08,0.12,-0.1,29.3,23.1,100.0,  -1, 10.148,   0.072,    73
16,01,22,11,00,17,-0.00,0.07,0.06,0.08,-0.1,24.5,18.5,15.0,  -1,  9.956,   0.023,    91
16,01,22,11,20,17,-0.00,0.07,0.07,0.09,-0.1,35.8,28.6,40.0,  -1,  9.722,   0.122,   200
16,01,22,11,40,17,-0.00,0.08,0.07,0.09,-0.1,23.0,24.2,27.0,  -1,  9.491,   0.191,   224
16,01,22,12,00,17,-0.00,0.09,0.07,0.10,-0.1,30.7,35.8,50.0,  -1,  9.222,   0.156,   267
16,01,22,12,20,17,-0.00,0.08,0.07,0.09,-0.1,108.5,193.9,13.0,  -1,  8.928,   0.065,   332
16,01,22,12,40,17,-0.00,0.10,0.08,0.10,-0.1,66.0,93.7,66.0,  -1,  8.647,   0.120,    11
16,01,22,13,00,17,-0.00,0.11,0.08,0.11,-0.1,53.5,58.1,71.0,  -1,  8.390,   0.171,    21
16,01,22,13,20,17,-0.00,0.09,0.08,0.09,-0.1,63.7,75.7,95.0,  -1,  8.143,   0.126,    10
16,01,22,13,40,17,-0.00,0.09,0.08,0.11,-0.1,50.4,38.1,49.0,  -1,  7.914,   0.221,    23
16,01,22,14,00,17,-0.00,0.10,0.08,0.10,-0.1,48.8,43.2,82.0,  -1,  7.674,   0.268,    30
16,01,22,14,20,17,-0.00,0.06,0.05,0.07,-0.1,40.5,31.0,41.0,  -1,  7.498,   0.216,    29
16,01,22,14,40,17,-0.00,0.07,0.06,0.08,-0.1,15.9,15.7,31.0,  -1,  7.387,   0.131,    25
16,01,22,15,00,17,-0.00,0.06,0.05,0.06,-0.1,32.1,23.7,25.0,  -1,  7.254,   0.211,    31
16,01,22,15,20,17,-0.00,0.03,0.03,0.05,-0.1,12.9,11.0,18.0,  -1,  7.231,   0.151,    26
16,01,22,15,40,17,-0.00,0.11,0.08,0.14,-0.1, 3.9, 7.7, 6.0,  -1,  7.192,   0.129,    29
16,01,22,16,00,17,-0.00,0.05,0.04,0.06,-0.1,18.0,14.8,13.0,  -1,  7.224,   0.099,   348
16,01,22,16,20,17,-0.00,0.05,0.04,0.06,-0.1, 7.5, 7.6, 2.0,  -1,  7.280,   0.062,   232
16,01,22,16,40,17,0.11,0.20,0.15,0.30, 3.6, 3.1, 3.4, 3.0,  40,  7.392,   0.069,   242
16,01,22,17,00,17,-0.00,0.10,0.07,0.12,-0.1, 3.7, 6.0, 2.0,  -1,  7.564,   0.069,   264
16,01,22,17,20,17,-0.00,0.07,0.05,0.09,-0.1,18.7,17.4,33.0,  -1,  7.731,   0.139,   277
16,01,22,17,40,17,-0.00,0.17,0.12,0.23,-0.1, 3.1,32.6, 3.0,  -1,  7.986,   0.113,   293
16,01,22,18,00,17,-0.00,0.13,0.10,0.19,-0.1, 4.1, 9.2, 2.0,  -1,  8.204,   0.114,   326
16,01,22,18,20,17,-0.00,0.08,0.07,0.09,-0.1,26.3,20.1,73.0,  -1,  8.434,   0.135,   344
16,01,22,18,40,17,-0.00,0.10,0.08,0.10,-0.1,85.0,59.5,101.0,  -1,  8.659,   0.235,    27
16,01,22,19,00,17,-0.00,0.08,0.07,0.09,-0.1,31.6,29.9,39.0,  -1,  8.919,   0.340,    24
16,01,22,19,20,17,-0.00,0.07,0.07,0.08,-0.1,14.3,22.2,12.0,  -1,  9.166,   0.324,    39
16,01,22,19,40,17,-0.00,0.08,0.07,0.09,-0.1,26.9,24.1,30.0,  -1,  9.369,   0.290,    37
16,01,22,20,00,17,-0.00,0.08,0.07,0.10,-0.1,45.2,44.6,41.0,  -1,  9.604,   0.267,    52
16,01,22,20,20,17,-0.00,0.07,0.06,0.07,-0.1,18.5,18.6,45.0,  -1,  9.774,   0.353,    35
16,01,22,20,40,17,-0.00,0.07,0.06,0.09,-0.1,16.6,16.6, 7.0,  -1,  9.947,   0.366,    38
16,01,22,21,00,17,-0.00,0.06,0.05,0.08,-0.1,17.6,15.1,24.0,  -1, 10.065,   0.435,    26
16,01,22,21,20,17,-0.00,0.07,0.06,0.12,-0.1,16.4,13.1,23.0,  -1, 10.175,   0.318,    37
16,01,22,21,40,17,-0.00,0.05,0.04,0.07,-0.1,21.1,14.4,73.0,  -1, 10.220,   0.209,    40
16,01,22,22,00,17,-0.00,0.03,0.03,0.04,-0.1,11.5, 9.1,14.0,  -1, 10.228,   0.185,    41
16,01,22,22,20,17,-0.00,0.05,0.04,0.07,-0.1,12.6,12.1,42.0,  -1, 10.214,   0.172,    45
16,01,22,22,40,17,-0.00,0.06,0.05,0.07,-0.1,10.7,10.8, 5.0,  -1, 10.150,   0.092,    62
16,01,22,23,00,17,-0.00,0.05,0.04,0.08,-0.1,27.0,18.0,74.0,  -1, 10.039,   0.038,    85
16,01,22,23,20,17,-0.00,0.07,0.07,0.08,-0.1,13.6,13.4,11.0,  -1,  9.886,   0.016,    55
16,01,22,23,40,17,-0.00,0.08,0.06,0.11,-0.1,38.2,31.2,49.0,  -1,  9.712,   0.067,   185
16,01,23,00,00,17,-0.00,0.07,0.06,0.09,-0.1, 9.0,20.0, 6.0,  -1,  9.519,   0.172,   213
16,01,23,00,20,17,-0.00,0.06,0.06,0.08,-0.1,15.9,15.3,10.0,  -1,  9.292,   0.275,   223
16,01,23,00,40,17,-0.00,0.08,0.07,0.09,-0.1,22.0,32.4,20.0,  -1,  9.066,   0.250,   245
16,01,23,01,00,17,-0.00,0.08,0.07,0.09,-0.1,57.4,40.9,11.0,  -1,  8.784,   0.123,   314
16,01,23,01,20,17,-0.00,0.08,0.07,0.08,-0.1,20.3,25.0, 7.0,  -1,  8.535,   0.103,   331
16,01,23,01,40,17,-0.00,0.08,0.07,0.09,-0.1, 9.8,11.9, 7.0,  -1,  8.304,   0.134,   356
16,01,23,02,00,17,-0.00,0.07,0.06,0.10,-0.1,15.5,15.3, 6.0,  -1,  8.093,   0.136,   333
16,01,23,02,20,17,-0.00,0.10,0.08,0.11,-0.1,23.8,18.3,26.0,  -1,  7.916,   0.155,     3
16,01,23,02,40,18,-0.00,0.06,0.05,0.09,-0.1,25.6,16.6,69.0,  -1,  7.744,   0.148,    21
16,01,23,03,00,18,-0.00,0.08,0.07,0.10,-0.1,28.8,20.6, 7.0,  -1,  7.631,   0.086,    17
16,01,23,03,20,18,-0.00,0.06,0.04,0.07,-0.1,23.8,14.3, 4.0,  -1,  7.543,   0.101,    16
16,01,23,03,40,18,-0.00,0.05,0.04,0.08,-0.1,37.5,25.3,84.0,  -1,  7.530,   0.083,    19
16,01,23,04,00,18,-0.00,0.06,0.05,0.07,-0.1,22.9,16.5,30.0,  -1,  7.531,   0.142,    29
16,01,23,04,20,18,-0.00,0.07,0.06,0.08,-0.1,16.0,13.4,25.0,  -1,  7.576,   0.170,    27
16,01,23,04,40,18,-0.00,0.10,0.08,0.14,-0.1,25.3,16.6,39.0,  -1,  7.671,   0.163,    21
16,01,23,05,00,18,-0.00,0.11,0.10,0.14,-0.1,26.1,19.9,18.0,  -1,  7.770,   0.167,     3
16,01,23,05,20,18,-0.00,0.10,0.08,0.12,-0.1, 9.2, 9.9, 4.0,  -1,  7.966,   0.119,   293
16,01,23,05,40,18,-0.00,0.11,0.09,0.15,-0.1,29.2,22.8, 9.0,  -1,  8.159,   0.116,   292
16,01,23,06,00,18,0.11,0.13,0.11,0.19, 6.0, 6.2, 7.0, 4.0, 218,  8.405,   0.099,   324
16,01,23,06,20,18,0.13,0.14,0.12,0.17, 5.2, 9.4, 8.9, 4.0, 218,  8.637,   0.127,   334
16,01,23,06,40,18,0.18,0.18,0.15,0.24, 2.4, 5.9, 5.5, 2.0, 204,  8.841,   0.218,    25
16,01,23,07,00,18,0.16,0.17,0.14,0.25, 2.8, 4.8, 5.2, 2.0, 120,  9.091,   0.360,    29
16,01,23,07,20,18,0.20,0.21,0.18,0.30, 2.3, 4.9, 5.4, 3.0,  68,  9.351,   0.439,    23
16,01,23,07,40,18,0.17,0.17,0.15,0.23, 3.5, 5.2, 5.2,11.0, 218,  9.628,   0.311,    37
16,01,23,08,00,18,0.20,0.22,0.18,0.27, 5.4, 5.7, 5.6, 2.0, 149,  9.895,   0.502,    26
16,01,23,08,20,18,0.20,0.20,0.17,0.25, 4.8, 4.5, 4.8, 2.0, 148, 10.084,   0.605,    20
16,01,23,08,40,18,0.22,0.24,0.20,0.32, 2.2, 5.9, 5.2, 7.0, 136, 10.292,   0.605,    19
16,01,23,09,00,18,0.14,0.18,0.14,0.23, 2.1, 4.4, 4.6, 5.0, 218, 10.456,   0.587,    18
16,01,23,09,20,19,0.18,0.19,0.16,0.24, 6.0, 4.8, 4.9, 5.0, 180, 10.578,   0.563,    22
16,01,23,09,40,19,0.19,0.22,0.18,0.33, 5.4, 5.2, 5.1, 3.0, 160, 10.653,   0.512,    26
16,01,23,10,00,19,0.19,0.23,0.17,0.31, 5.7, 5.0, 5.1, 5.0, 145, 10.706,   0.296,    36
16,01,23,10,20,19,0.21,0.23,0.18,0.34, 5.4, 5.5, 5.1, 4.0, 128, 10.687,   0.244,    41
16,01,23,10,40,19,0.23,0.26,0.20,0.34, 5.4, 5.1, 4.8, 3.0, 168, 10.653,   0.172,    36
16,01,23,11,00,19,0.24,0.24,0.20,0.35, 5.7, 4.8, 4.8, 3.0,  97, 10.565,   0.157,    43
16,01,23,11,20,19,0.24,0.27,0.22,0.35, 2.8, 4.8, 4.9, 4.0, 132, 10.431,   0.135,    43
16,01,23,11,40,19,0.29,0.29,0.24,0.37, 6.0, 5.0, 4.5, 4.0, 328, 10.261,   0.068,    65
16,01,23,12,00,19,0.22,0.24,0.20,0.36, 6.2, 5.4, 5.3, 6.0, 236, 10.118,   0.018,    94
16,01,23,12,20,19,0.22,0.25,0.21,0.32, 6.0, 5.5, 5.8, 5.0, 108,  9.932,   0.115,   210
16,01,23,12,40,19,0.22,0.25,0.21,0.34, 6.6, 6.3, 6.4, 6.0, 132,  9.662,   0.236,   218
16,01,23,13,00,19,0.19,0.23,0.20,0.29, 6.2, 6.0, 6.4, 5.0, 328,  9.440,   0.174,   278
16,01,23,13,20,19,0.22,0.27,0.22,0.32, 6.6, 6.8, 7.3, 6.0, 158,  9.102,   0.082,   319
16,01,23,13,40,19,0.29,0.29,0.25,0.37, 6.2, 6.7, 6.8, 7.0, 166,  8.805,   0.135,    10
16,01,23,14,00,19,0.17,0.22,0.18,0.27, 6.9, 6.4, 7.1, 7.0, 156,  8.562,   0.181,   358
16,01,23,14,20,19,0.27,0.28,0.23,0.34, 6.9, 6.7, 6.5, 6.0,  40,  8.288,   0.168,    12
16,01,23,14,40,19,0.24,0.26,0.21,0.40, 6.9, 6.9, 7.0, 6.0, 172,  8.071,   0.295,    22
16,01,23,15,00,19,0.27,0.30,0.24,0.46, 7.3, 6.9, 6.9, 7.0, 118,  7.808,   0.270,    26
16,01,23,15,20,19,0.21,0.22,0.19,0.27, 7.8, 6.8, 6.4, 6.0, 125,  7.620,   0.183,    18
16,01,23,15,40,19,0.22,0.24,0.20,0.32, 7.3, 6.9, 6.7, 6.0, 208,  7.557,   0.057,    12
16,01,23,16,00,19,0.29,0.34,0.26,0.45, 6.9, 6.5, 6.6, 7.0, 152,  7.528,   0.073,    30
16,01,23,16,20,19,0.24,0.28,0.22,0.39, 7.8, 6.6, 6.7, 7.0, 160,  7.500,   0.183,    22
16,01,23,16,40,19,0.17,0.20,0.17,0.31, 7.8, 7.3, 7.1, 8.0, 132,  7.524,   0.089,     3
16,01,23,17,00,19,0.20,0.23,0.18,0.30, 8.3, 6.8, 6.9, 8.0, 214,  7.547,   0.109,   227
16,01,23,17,20,19,0.22,0.26,0.22,0.37, 8.3, 6.9, 7.3, 6.0, 136,  7.681,   0.042,   228
16,01,23,17,40,19,0.29,0.30,0.26,0.35, 7.3, 7.3, 7.2, 7.0, 116,  7.816,   0.054,   257
16,01,23,18,00,19,0.24,0.32,0.25,0.42, 7.8, 7.2, 7.3, 6.0,  56,  7.962,   0.065,   296
16,01,23,18,20,19,0.24,0.29,0.23,0.45, 7.8, 7.3, 7.2, 8.0, 298,  8.134,   0.138,   276
16,01,23,18,40,19,0.30,0.33,0.28,0.42, 7.8, 7.3, 7.3, 6.0, 167,  8.371,   0.092,   300
16,01,23,19,00,19,0.26,0.34,0.27,0.44, 8.3, 7.3, 7.2, 8.0, 144,  8.561,   0.091,   340
16,01,23,19,20,19,0.39,0.41,0.35,0.55, 7.8, 7.7, 7.5, 8.0, 176,  8.825,   0.108,    17
16,01,23,19,40,19,0.32,0.41,0.33,0.55, 7.8, 7.5, 7.7, 8.0, 159,  9.053,   0.257,    29
16,01,23,20,00,19,0.39,0.44,0.37,0.59, 7.8, 7.3, 7.4, 8.0, 140,  9.293,   0.366,    30
16,01,23,20,20,19,0.40,0.54,0.44,0.68, 8.3, 7.9, 8.0, 7.0, 116,  9.562,   0.309,    41
16,01,23,20,40,19,0.44,0.47,0.39,0.58, 8.3, 7.8, 7.4, 8.0, 139,  9.797,   0.335,    43
16,01,23,21,00,19,0.39,0.49,0.39,0.60, 8.3, 7.6, 7.6, 7.0, 146, 10.021,   0.320,    42
16,01,23,21,20,19,0.49,0.60,0.48,1.03, 8.3, 8.2, 7.9, 8.0, 120, 10.210,   0.361,    38
16,01,23,21,40,19,0.49,0.56,0.43,0.75, 8.3, 8.0, 7.7, 8.0, 145, 10.385,   0.290,    44
16,01,23,22,00,20,0.48,0.59,0.48,0.78, 7.8, 8.4, 8.4, 7.0, 132, 10.496,   0.309,    38
16,01,23,22,20,20,0.45,0.55,0.44,0.72, 8.8, 7.9, 7.8, 9.0, 144, 10.564,   0.272,    36
16,01,23,22,40,20,0.51,0.60,0.48,0.74, 7.8, 7.9, 7.8, 8.0, 120, 10.589,   0.295,    34
16,01,23,23,00,20,0.44,0.51,0.41,0.70, 8.8, 7.5, 7.6, 8.0, 160, 10.562,   0.271,    38
16,01,23,23,20,20,0.46,0.59,0.45,0.79, 8.3, 8.2, 7.8, 8.0, 140, 10.559,   0.263,    36
16,01,23,23,40,20,0.48,0.57,0.48,0.78, 8.8, 7.8, 8.2, 8.0, 152, 10.493,   0.197,    31
16,01,24,00,00,20,0.51,0.62,0.51,0.78, 8.8, 8.3, 8.4, 7.0, 144, 10.360,   0.129,    44
16,01,24,00,20,20,0.63,0.66,0.55,0.89, 8.3, 8.3, 8.1, 8.0, 147, 10.192,   0.088,    52
16,01,24,00,40,20,0.55,0.64,0.52,0.79, 8.3, 8.2, 8.2, 8.0, 167, 10.015,   0.027,   153
16,01,24,01,00,20,0.58,0.63,0.51,0.73, 9.5, 8.3, 8.4, 8.0, 159,  9.811,   0.151,   208
16,01,24,01,20,20,0.42,0.57,0.46,0.85, 8.8, 8.6, 8.7, 8.0, 196,  9.583,   0.237,   226
16,01,24,01,40,20,0.49,0.54,0.43,0.72, 8.8, 9.0, 8.7, 7.0, 132,  9.355,   0.127,   283
16,01,24,02,00,20,0.52,0.64,0.51,0.82,10.2, 8.6, 9.0, 7.0, 164,  9.088,   0.058,   324
16,01,24,02,20,20,0.50,0.61,0.50,0.90, 9.5, 9.1, 9.0,10.0, 143,  8.848,   0.109,    13
16,01,24,02,40,20,0.48,0.60,0.46,0.75, 9.5, 9.5, 9.5, 9.0, 129,  8.604,   0.135,     1
16,01,24,03,00,20,0.45,0.53,0.43,0.71,10.2, 9.6, 9.1, 8.0, 156,  8.404,   0.134,     5
16,01,24,03,20,20,0.54,0.58,0.48,0.83, 8.8, 8.7, 8.4, 9.0, 152,  8.232,   0.176,    16
16,01,24,03,40,20,0.40,0.51,0.39,0.65,10.2, 9.1, 8.7, 8.0, 176,  8.067,   0.277,    25
16,01,24,04,00,20,0.42,0.53,0.44,0.69,10.2, 9.4, 9.2, 9.0, 112,  8.008,   0.223,    26
16,01,24,04,20,20,0.55,0.66,0.54,0.86,10.2, 9.5, 9.5, 9.0, 155,  7.941,   0.229,    26
16,01,24,04,40,20,0.43,0.51,0.43,0.76,10.2, 9.4, 9.1, 7.0,  80,  7.931,   0.180,     7
16,01,24,05,00,20,0.53,0.55,0.47,0.68,10.2, 9.5, 9.7,10.0,  76,  7.950,   0.114,   338
16,01,24,05,20,20,0.50,0.58,0.49,0.68,10.2, 9.5, 9.7,11.0, 219,  7.989,   0.088,   347
16,01,24,05,40,20,0.56,0.69,0.53,0.90, 9.5,10.2, 9.8,11.0, 148,  8.103,   0.054,   259
16,01,24,06,00,20,0.55,0.64,0.54,0.78,11.1, 9.7, 9.7, 9.0, 132,  8.193,   0.043,   338
16,01,24,06,20,20,0.56,0.69,0.55,0.86, 9.5,10.0,10.0,10.0, 172,  8.368,   0.105,   330
16,01,24,06,40,20,0.50,0.60,0.50,0.69,12.2,10.0,10.1,11.0,  16,  8.535,   0.115,   289
16,01,24,07,00,20,0.61,0.71,0.60,0.85, 9.5,10.1,10.2,10.0, 152,  8.763,   0.050,   311
16,01,24,07,20,20,0.55,0.72,0.59,0.86,12.2, 9.8,10.0,11.0, 143,  9.021,   0.108,   334
16,01,24,07,40,20,0.63,0.68,0.58,1.06,11.1, 9.5, 8.9,10.0, 117,  9.203,   0.253,    28
16,01,24,08,00,20,0.61,0.73,0.60,0.93,11.1, 9.8, 9.5,10.0, 147,  9.472,   0.406,    27
16,01,24,08,20,20,0.65,0.76,0.62,1.02,11.1,10.2, 9.5,10.0, 144,  9.722,   0.398,    32
16,01,24,08,40,20,0.75,0.85,0.71,1.00,11.1, 9.9, 9.2,11.0, 143, 10.005,   0.370,    35
16,01,24,09,00,20,0.84,0.98,0.77,1.30,11.1,10.7,10.6,11.0, 141, 10.222,   0.400,    38
16,01,24,09,20,20,0.78,0.90,0.74,1.16,10.2, 9.9, 9.3,10.0, 140, 10.396,   0.402,    35
16,01,24,09,40,20,0.81,0.97,0.82,1.19,11.1,10.3,10.3,11.0, 148, 10.541,   0.463,    27
16,01,24,10,00,20,0.88,1.01,0.84,1.28,12.2,10.0,10.0,10.0, 148, 10.663,   0.301,    32
16,01,24,10,20,20,0.89,1.04,0.84,1.32,12.2,10.1,10.3,10.0, 150, 10.747,   0.328,    34
16,01,24,10,40,20,0.88,1.07,0.84,1.38,12.2,11.0,10.4, 8.0, 151, 10.780,   0.274,    34
16,01,24,11,00,20,1.02,1.20,0.91,1.62,12.2,10.4, 9.8,12.0, 148, 10.824,   0.214,    40
16,01,24,11,20,20,1.00,1.07,0.88,1.48,11.1,10.7,10.5, 9.0, 141, 10.780,   0.167,    51
16,01,24,11,40,20,0.82,1.07,0.88,1.31,12.2,11.5,11.2,11.0, 142, 10.726,   0.150,    52
16,01,24,12,00,20,0.92,1.12,0.91,1.44,12.2,10.4,10.4,11.0, 146, 10.635,   0.115,    57
16,01,24,12,20,20,0.95,1.06,0.91,1.28,13.5,11.4,11.3,12.0, 148, 10.499,   0.070,    84
16,01,24,12,40,20,0.92,1.09,0.90,1.39,12.2,11.2,11.0,11.0, 147, 10.333,   0.022,   107
16,01,24,13,00,20,0.89,0.97,0.82,1.20,11.1,11.6,10.8,12.0, 146, 10.121,   0.117,   198
16,01,24,13,20,20,0.80,0.88,0.76,1.04,13.5,10.4,10.7,12.0, 156,  9.919,   0.199,   217
16,01,24,13,40,21,0.69,0.87,0.72,1.03,13.5,11.3,10.9,13.0, 173,  9.650,   0.198,   256
16,01,24,14,00,21,0.67,0.86,0.69,1.07,15.1,11.2,11.1,11.0, 169,  9.359,   0.133,   334
16,01,24,14,20,21,0.77,0.92,0.79,1.01,12.2,12.3,11.7,11.0, 140,  9.077,   0.140,   342
16,01,24,14,40,21,0.63,0.79,0.64,0.97,12.2,11.7,10.8,12.0, 144,  8.796,   0.139,     9
16,01,24,15,00,21,0.51,0.63,0.51,0.85,12.2, 9.1, 8.9, 8.0, 144,  8.549,   0.156,     9
16,01,24,15,20,21,0.62,0.66,0.57,0.80,12.2, 9.6, 9.2, 8.0, 149,  8.301,   0.166,    18
16,01,24,15,40,21,0.54,0.66,0.55,0.83,12.2,11.0, 9.8, 8.0, 124,  8.105,   0.199,    18
16,01,24,16,00,21,0.62,0.66,0.54,0.88,13.5, 9.4, 9.3,10.0, 184,  7.929,   0.153,    16
16,01,24,16,20,21,0.62,0.63,0.53,0.79, 6.2, 9.7, 9.0, 7.0, 156,  7.791,   0.116,    17
16,01,24,16,40,21,0.55,0.70,0.57,0.89,11.1, 8.9, 9.4,11.0, 139,  7.701,   0.145,    14
16,01,24,17,00,21,0.49,0.61,0.48,0.76,13.5,10.8,10.5,10.0, 140,  7.666,   0.117,   338
16,01,24,17,20,21,0.43,0.50,0.40,0.66,12.2, 8.9, 8.4, 8.0, 156,  7.646,   0.123,   356
16,01,24,17,40,21,0.42,0.55,0.44,0.78,13.5,11.4,10.4, 8.0, 116,  7.651,   0.053,   293
16,01,24,18,00,21,0.48,0.52,0.45,0.62,12.2,11.4,11.1,11.0, 160,  7.718,   0.071,   218
16,01,24,18,20,21,0.56,0.59,0.48,0.73,13.5,11.7,10.5,12.0, 141,  7.842,   0.058,   237
16,01,24,18,40,21,0.50,0.55,0.46,0.65,13.5,11.4,10.9,13.0,  84,  7.979,   0.060,   285
16,01,24,19,00,21,0.43,0.51,0.43,0.61,13.5,11.6,11.1,12.0, 135,  8.150,   0.102,   283
16,01,24,19,20,21,0.48,0.53,0.44,0.66,13.5,10.8,10.6, 8.0, 136,  8.359,   0.101,   282
16,01,24,19,40,21,0.46,0.54,0.45,0.66,12.2,11.3,10.8,14.0, 196,  8.579,   0.085,   312
16,01,24,20,00,21,0.53,0.62,0.52,0.72,12.2,11.6,11.6,11.0, 140,  8.783,   0.126,   341
16,01,24,20,20,21,0.50,0.61,0.51,0.82,15.1,11.5,11.5,12.0, 140,  9.013,   0.270,    27
16,01,24,20,40,21,0.57,0.68,0.56,0.77,12.2,11.1,11.1,13.0, 143,  9.275,   0.320,    29
16,01,24,21,00,21,0.54,0.61,0.51,0.79,13.5,11.0,11.1,13.0, 136,  9.485,   0.368,    29
16,01,24,21,20,21,0.55,0.68,0.54,0.89,13.5,10.8,10.4,11.0, 162,  9.689,   0.211,    57
16,01,24,21,40,21,0.58,0.63,0.53,0.76,13.5,10.0,10.0,10.0, 160,  9.884,   0.250,    41
16,01,24,22,00,21,0.63,0.74,0.60,0.90,12.2,11.3,11.2,14.0, 163, 10.037,   0.299,    35
16,01,24,22,20,21,0.60,0.73,0.58,0.91,12.2,10.8,10.1,12.0,  24, 10.183,   0.280,    38
16,01,24,22,40,21,0.65,0.73,0.58,1.00,13.5,11.7,10.8,12.0, 152, 10.281,   0.293,    36
16,01,24,23,00,21,0.64,0.70,0.57,0.88,13.5,11.0, 9.9,10.0, 136, 10.343,   0.286,    40
16,01,24,23,20,21,0.59,0.67,0.56,0.82,12.2,10.9,10.1,12.0, 163, 10.391,   0.248,    38
16,01,24,23,40,21,0.65,0.68,0.55,0.86,12.2,10.9,10.0,12.0, 114, 10.369,   0.201,    38
16,01,25,00,00,21,0.63,0.71,0.59,0.86,12.2,11.4,10.7, 9.0, 127, 10.326,   0.157,    35
16,01,25,00,20,21,0.70,0.74,0.63,0.83,12.2,11.8,11.5,13.0, 146, 10.249,   0.106,    57
16,01,25,00,40,21,0.55,0.65,0.53,0.80,12.2,10.5,10.3,10.0, 148, 10.148,   0.051,    66
16,01,25,01,00,21,0.54,0.61,0.51,0.81,12.2,10.8,10.3, 9.0,  84,  9.997,   0.001,    38
16,01,25,01,20,21,0.54,0.66,0.53,0.84,11.1,10.5,10.5,10.0, 151,  9.815,   0.064,   199
16,01,25,01,40,21,0.52,0.63,0.51,0.78,11.1,10.9,10.8,12.0, 143,  9.608,   0.158,   203
16,01,25,02,00,21,0.46,0.52,0.44,0.68,11.1,10.6, 9.8,11.0, 193,  9.375,   0.184,   241
16,01,25,02,20,22,0.41,0.56,0.47,0.70,12.2,10.9,10.4,12.0, 157,  9.109,   0.116,   292
16,01,25,02,40,22,0.49,0.59,0.48,0.81,12.2,11.1,10.1,12.0, 146,  8.843,   0.091,   342
16,01,25,03,00,22,0.51,0.68,0.56,0.77,13.5,11.4,11.4,12.0, 148,  8.596,   0.159,   359
16,01,25,03,20,22,0.48,0.57,0.46,0.69,13.5,11.4,10.8,13.0, 169,  8.361,   0.148,    16
16,01,25,03,40,22,0.46,0.50,0.42,0.62,12.2,10.5,10.8,12.0, 140,  8.154,   0.154,     4
16,01,25,04,00,22,0.37,0.43,0.35,0.56,12.2,10.2,10.3, 9.0, 172,  8.002,   0.221,    23
16,01,25,04,20,22,0.44,0.45,0.38,0.59,12.2,10.2, 9.5,11.0, 163,  7.821,   0.223,    27
16,01,25,04,40,22,0.39,0.41,0.35,0.56,13.5,10.5, 9.9,11.0, 143,  7.718,   0.202,    26
16,01,25,05,00,22,0.32,0.38,0.30,0.58,13.5,10.4, 9.8,12.0, 125,  7.638,   0.170,    27
16,01,25,05,20,22,0.30,0.39,0.31,0.48,11.1,10.8,10.1,12.0, 144,  7.603,   0.111,    22
16,01,25,05,40,22,0.32,0.38,0.30,0.52,12.2,11.7,11.2, 9.0, 149,  7.615,   0.066,    16
16,01,25,06,00,22,0.31,0.35,0.30,0.45,13.5,10.1, 9.7, 8.0, 120,  7.666,   0.101,     8
16,01,25,06,20,22,0.37,0.44,0.35,0.56,12.2,10.7,10.2,12.0, 116,  7.770,   0.039,   270
16,01,25,06,40,22,0.42,0.46,0.38,0.57,12.2,11.1,10.9,12.0, 128,  7.918,   0.053,   295
16,01,25,07,00,22,0.32,0.37,0.31,0.50,12.2,10.6,10.1,12.0, 356,  8.085,   0.137,   289
16,01,25,07,20,22,0.35,0.47,0.37,0.57,11.1,11.4,10.2,10.0, 136,  8.266,   0.102,   278
16,01,25,07,40,22,0.37,0.43,0.35,0.51,12.2,10.2, 9.7,10.0, 147,  8.495,   0.108,   312
16,01,25,08,00,23,0.37,0.45,0.38,0.55,12.2,11.6,11.1,10.0, 156,  8.711,   0.126,   338
16,01,25,08,20,23,0.45,0.52,0.43,0.69,12.2,11.5,11.0,12.0, 117,  8.959,   0.263,    24
16,01,25,08,40,23,0.39,0.47,0.39,0.55,12.2,11.1,10.3,11.0, 133,  9.234,   0.365,    33
16,01,25,09,00,23,0.49,0.57,0.48,0.68,12.2,10.8,10.7,11.0, 156,  9.480,   0.402,    29
16,01,25,09,20,23,0.42,0.50,0.42,0.60,12.2, 9.9, 9.8, 9.0, 124,  9.723,   0.252,    47
16,01,25,09,40,23,0.54,0.56,0.48,0.66,12.2,10.5,10.3,10.0, 169,  9.925,   0.344,    39
16,01,25,10,00,23,0.46,0.60,0.48,0.72,12.2,10.8,10.1,10.0, 124, 10.093,   0.338,    34
16,01,25,10,20,23,0.50,0.54,0.46,0.66,13.5,10.2, 9.4,11.0, 156, 10.253,   0.277,    45
16,01,25,10,40,23,0.44,0.53,0.43,0.71,11.1,10.1, 8.9, 8.0, 236, 10.381,   0.341,    31
16,01,25,11,00,23,0.48,0.59,0.49,0.73,12.2,10.3,10.1,12.0, 172, 10.431,   0.313,    30
16,01,25,11,20,23,0.49,0.60,0.49,0.85,12.2,11.0,10.5,11.0, 144, 10.483,   0.350,    31
16,01,25,11,40,23,0.40,0.50,0.42,0.61,12.2, 9.9, 9.3, 8.0, 164, 10.500,   0.367,    30
16,01,25,12,00,23,0.50,0.58,0.48,0.82,12.2,10.2,10.1,10.0, 140, 10.466,   0.241,    33
16,01,25,12,20,23,0.51,0.56,0.48,0.68,11.1,10.5,10.3,12.0, 172, 10.422,   0.117,    55
16,01,25,12,40,23,0.44,0.49,0.41,0.63,11.1, 9.7, 9.3, 9.0, 128, 10.328,   0.102,    64
16,01,25,13,00,23,0.39,0.48,0.39,0.64,11.1,10.1, 9.3,11.0, 160, 10.206,   0.087,    83
16,01,25,13,20,23,0.43,0.50,0.41,0.71,12.2,10.0, 9.9,13.0, 139, 10.040,   0.036,   132
16,01,25,13,40,24,0.46,0.53,0.43,0.69,11.1,10.2,10.0,10.0, 152,  9.798,   0.125,   207
16,01,25,14,00,24,0.38,0.49,0.39,0.65,12.2,11.4,10.6,10.0, 154,  9.580,   0.216,   218
16,01,25,14,20,24,0.37,0.43,0.36,0.47,11.1,10.8,10.7, 9.0, 136,  9.280,   0.163,   271
16,01,25,14,40,24,0.43,0.48,0.40,0.66,12.2,10.3,10.2,10.0, 140,  8.977,   0.099,   353
16,01,25,15,00,24,0.36,0.43,0.36,0.55,11.1, 9.7,10.3,10.0, 160,  8.690,   0.133,     3
16,01,25,15,20,24,0.36,0.42,0.35,0.53,11.1,10.6,10.8, 9.0, 152,  8.428,   0.171,   358
16,01,25,15,40,24,0.27,0.35,0.27,0.45,11.1,11.4,11.2,10.0, 136,  8.153,   0.169,   353
16,01,25,16,00,24,0.29,0.31,0.26,0.40, 8.8, 8.9, 8.8,11.0, 136,  7.917,   0.183,    15
16,01,25,16,20,24,0.28,0.35,0.29,0.42,11.1, 9.4, 9.3,10.0, 181,  7.725,   0.200,    21
16,01,25,16,40,24,0.28,0.33,0.27,0.47,12.2, 9.9, 9.7,11.0, 124,  7.566,   0.265,    28
16,01,25,17,00,24,0.28,0.30,0.26,0.39,10.2, 9.6, 9.3, 9.0, 157,  7.434,   0.272,    32
16,01,25,17,20,24,0.31,0.33,0.28,0.42,11.1,10.6, 9.8,12.0, 136,  7.326,   0.152,    29
16,01,25,17,40,24,0.20,0.27,0.22,0.35,11.1, 9.7, 9.5, 7.0, 132,  7.266,   0.134,    33
16,01,25,18,00,24,0.27,0.35,0.28,0.42,11.1,10.8,10.4,11.0, 180,  7.260,   0.145,    27
16,01,25,18,20,24,0.28,0.33,0.27,0.40,11.1,10.4, 9.6, 9.0, 140,  7.299,   0.059,   318
16,01,25,18,40,24,0.29,0.31,0.26,0.41,12.2, 8.3, 7.5, 3.0, 136,  7.380,   0.113,   246
16,01,25,19,00,24,0.26,0.33,0.26,0.41,11.1,10.5, 9.2, 9.0, 155,  7.481,   0.108,   273
16,01,25,19,20,24,0.30,0.35,0.27,0.48,12.2, 8.1, 7.7, 9.0, 132,  7.620,   0.061,   308
16,01,25,19,40,24,0.78,-0.00,-0.00,-0.00, 2.2,-0.1,-0.1,-0.1,  40,  7.815,   0.176,   285
16,01,25,20,00,24,0.76,-0.00,-0.00,-0.00, 2.0,-0.1,-0.1,-0.1, 268,  8.031,   0.131,   291
16,01,25,20,20,24,0.85,-0.00,-0.00,-0.00, 2.2,-0.1,-0.1,-0.1, 148,  8.254,   0.125,   328
16,01,25,20,40,24,0.83,-0.00,-0.00,-0.00, 3.3,-0.1,-0.1,-0.1, 172,  8.478,   0.179,     9
16,01,25,21,00,24,0.92,-0.00,-0.00,-0.00, 2.1,-0.1,-0.1,-0.1, 153,  8.741,   0.251,    28
16,01,25,21,20,24,0.45,0.52,0.42,0.77, 3.4, 4.4, 5.1, 4.0, 157,  9.005,   0.291,    23
16,01,25,21,40,24,0.92,-0.00,-0.00,-0.00, 2.1,-0.1,-0.1,-0.1, 356,  9.222,   0.275,    46
16,01,25,22,00,24,0.95,-0.00,-0.00,-0.00, 3.6,-0.1,-0.1,-0.1, 187,  9.463,   0.222,    57
16,01,25,22,20,24,0.55,0.58,0.48,0.87,12.2, 5.4, 5.7, 3.0, 116,  9.664,   0.222,    56
16,01,25,22,40,24,0.55,0.54,0.44,0.69, 3.6, 4.9, 4.7, 7.0, 154,  9.859,   0.216,    48
16,01,25,23,00,24,0.51,0.56,0.46,0.73, 3.3, 5.3, 5.5, 3.0, 143, 10.008,   0.317,    37
16,01,25,23,20,24,0.51,0.57,0.46,0.77, 3.8, 5.1, 5.0, 4.0, 140, 10.129,   0.265,    44
16,01,25,23,40,24,0.51,0.53,0.45,0.66, 3.7, 5.9, 5.5, 9.0, 166, 10.207,   0.305,    38
16,01,26,00,00,24,0.48,0.52,0.43,0.69, 3.6, 5.6, 5.6, 4.0, 135, 10.259,   0.247,    46
16,01,26,00,20,24,0.47,0.50,0.42,0.76, 3.8, 5.8, 5.8, 4.0, 157, 10.266,   0.182,    46
16,01,26,00,40,24,0.45,0.47,0.40,0.60,11.1, 6.4, 6.2, 9.0, 172, 10.238,   0.207,    36
16,01,26,01,00,24,0.43,0.45,0.36,0.70, 3.7, 5.4, 5.5, 3.0, 147, 10.155,   0.130,    53
16,01,26,01,20,24,0.47,0.49,0.41,0.68, 3.6, 5.9, 5.9, 3.0, 124, 10.030,   0.084,    57
16,01,26,01,40,24,0.46,0.47,0.39,0.63, 3.6, 6.5, 5.8, 4.0, 143,  9.882,   0.040,    61
16,01,26,02,00,24,0.44,0.48,0.39,0.72, 3.9, 6.1, 5.8, 4.0, 183,  9.703,   0.061,   193
16,01,26,02,20,24,0.42,0.44,0.36,0.58,10.2, 6.3, 5.9, 7.0, 164,  9.509,   0.123,   205
16,01,26,02,40,24,0.44,0.47,0.39,0.66,10.2, 6.3, 6.1, 3.0, 168,  9.280,   0.193,   236
16,01,26,03,00,24,0.45,0.47,0.38,0.72,11.1, 6.1, 5.7, 5.0, 140,  9.021,   0.177,   276
16,01,26,03,20,24,0.41,0.46,0.37,0.72, 4.1, 6.1, 5.9, 4.0, 172,  8.759,   0.125,   331
16,01,26,03,40,24,0.40,0.45,0.37,0.57, 3.9, 6.4, 6.7, 4.0, 187,  8.508,   0.139,   333
16,01,26,04,00,24,0.40,0.43,0.36,0.54, 3.9, 6.0, 6.3, 5.0, 188,  8.263,   0.134,   353
16,01,26,04,20,24,0.29,0.37,0.29,0.54,10.2, 7.3, 7.4, 4.0, 188,  8.061,   0.132,   345
16,01,26,04,40,24,0.34,0.32,0.27,0.48,10.2, 5.5, 5.3, 4.0, 232,  7.866,   0.177,     4
16,01,26,05,00,24,0.29,0.34,0.27,0.44,10.2, 5.7, 5.6, 4.0, 140,  7.716,   0.091,   359
16,01,26,05,20,24,0.27,0.27,0.23,0.34, 3.3, 5.0, 5.4, 5.0, 168,  7.609,   0.114,    17
16,01,26,05,40,24,0.27,0.33,0.26,0.46, 4.1, 5.9, 5.8, 4.0, 168,  7.538,   0.160,    22
16,01,26,06,00,24,0.34,0.37,0.31,0.46,10.2, 6.0, 6.2, 3.0, 152,  7.496,   0.210,    22
16,01,26,06,20,24,0.27,0.32,0.26,0.40, 3.8, 6.7, 6.1, 4.0, 176,  7.516,   0.148,    32
16,01,26,06,40,24,0.28,0.30,0.24,0.40,10.2, 6.1, 5.8, 7.0, 160,  7.575,   0.187,    30
16,01,26,07,00,24,0.33,0.38,0.30,0.62, 3.7, 5.3, 5.4, 3.0, 147,  7.654,   0.202,    29
16,01,26,07,20,24,0.40,0.42,0.35,0.63, 4.2, 4.9, 5.3, 4.0, 187,  7.772,   0.172,    15
16,01,26,07,40,24,0.45,0.47,0.38,0.60, 4.1, 4.4, 4.5, 4.0, 175,  7.921,   0.146,   322
16,01,26,08,00,24,0.45,0.52,0.41,0.76, 3.6, 3.9, 4.3, 4.0, 160,  8.124,   0.184,   289
16,01,26,08,20,24,0.60,0.63,0.50,0.93, 3.8, 4.1, 4.4, 4.0, 164,  8.369,   0.132,   311
16,01,26,08,40,24,0.92,-0.00,-0.00,-0.00, 3.4,-0.1,-0.1,-0.1, 308,  8.597,   0.157,   344
16,01,26,09,00,24,1.03,-0.00,-0.00,-0.00, 2.1,-0.1,-0.1,-0.1, 155,  8.840,   0.230,    33
16,01,26,09,20,24,0.61,0.66,0.55,0.89, 3.9, 4.6, 4.6, 4.0, 148,  9.124,   0.349,    29
16,01,26,09,40,24,0.96,-0.00,-0.00,-0.00, 3.9,-0.1,-0.1,-0.1,  84,  9.343,   0.353,    35
16,01,26,10,00,24,0.61,0.71,0.57,0.97, 4.5, 4.6, 5.0, 5.0, 148,  9.568,   0.276,    52
16,01,26,10,20,24,0.61,0.65,0.52,1.03, 4.1, 4.8, 4.7, 5.0, 152,  9.793,   0.518,    30
16,01,26,10,40,24,0.61,0.68,0.55,0.86, 5.7, 5.2, 5.2, 3.0, 131,  9.991,   0.522,    30
16,01,26,11,00,24,0.64,0.70,0.56,1.01, 4.7, 4.8, 4.9, 5.0, 148, 10.172,   0.336,    39
16,01,26,11,20,24,1.03,-0.00,-0.00,-0.00, 3.9,-0.1,-0.1,-0.1, 308, 10.310,   0.286,    38
16,01,26,11,40,24,1.03,-0.00,-0.00,-0.00, 2.0,-0.1,-0.1,-0.1, 142, 10.400,   0.336,    33
16,01,26,12,00,24,1.02,-0.00,-0.00,-0.00, 5.4,-0.1,-0.1,-0.1, 156, 10.477,   0.215,    42
16,01,26,12,20,24,1.03,-0.00,-0.00,-0.00, 2.2,-0.1,-0.1,-0.1, 159, 10.504,   0.201,    44
16,01,26,12,40,24,0.60,0.65,0.54,0.86, 5.7, 5.3, 5.2, 5.0, 137, 10.514,   0.137,    45
16,01,26,13,00,24,0.61,0.66,0.54,0.83, 6.0, 5.3, 5.5, 5.0, 149, 10.462,   0.095,    57
16,01,26,13,20,24,0.58,0.65,0.52,1.07, 6.0, 5.3, 5.3, 6.0, 140, 10.362,   0.092,    65
16,01,26,13,40,24,0.52,0.59,0.49,0.78, 5.7, 5.3, 5.5, 5.0, 165, 10.223,   0.049,    73
16,01,26,14,00,24,0.51,0.59,0.48,0.79, 5.0, 5.0, 5.2, 5.0, 161, 10.044,   0.019,   177
16,01,26,14,20,24,0.54,0.55,0.46,0.80, 5.0, 4.7, 4.9, 4.0, 158,  9.850,   0.113,   184
16,01,26,14,40,24,0.38,0.47,0.38,0.59, 5.7, 5.6, 5.4, 4.0, 116,  9.632,   0.216,   220
16,01,26,15,00,24,0.50,0.53,0.44,0.69, 4.8, 5.2, 5.4, 5.0, 176,  9.393,   0.196,   252
16,01,26,15,20,24,0.45,0.52,0.43,0.82, 5.4, 5.4, 5.8, 6.0, 163,  9.106,   0.097,   334
16,01,26,15,40,24,0.52,0.54,0.45,0.70, 5.7, 5.6, 5.9, 6.0, 162,  8.807,   0.086,     2
16,01,26,16,00,24,0.50,0.53,0.44,0.70, 5.4, 5.7, 6.1, 6.0, 180,  8.529,   0.142,     6
16,01,26,16,20,24,0.43,0.45,0.38,0.61, 5.4, 5.8, 5.9, 5.0, 174,  8.293,   0.155,    12
16,01,26,16,40,24,0.29,0.36,0.29,0.46, 6.0, 5.8, 5.9, 5.0, 184,  8.064,   0.174,    13
16,01,26,17,00,24,0.41,0.48,0.38,0.71, 5.4, 5.7, 5.7, 6.0, 173,  7.851,   0.198,    21
16,01,26,17,20,24,0.32,0.39,0.32,0.56, 5.4, 6.8, 6.5, 7.0, 184,  7.668,   0.229,    21
16,01,26,17,40,24,0.39,0.47,0.38,0.62, 6.2, 5.5, 6.0, 6.0, 184,  7.526,   0.132,    13
16,01,26,18,00,24,0.41,0.42,0.35,0.54, 6.0, 5.1, 5.4, 4.0, 156,  7.418,   0.070,     2
16,01,26,18,20,24,0.48,0.52,0.43,0.72, 6.0, 5.3, 5.5, 6.0, 160,  7.357,   0.083,    13
16,01,26,18,40,24,0.43,0.48,0.38,0.70, 5.4, 5.3, 5.4, 6.0, 178,  7.348,   0.064,     6
16,01,26,19,00,24,0.49,0.49,0.41,0.61, 5.4, 5.4, 5.5, 6.0, 196,  7.385,   0.158,    27
16,01,26,19,20,24,0.43,0.51,0.43,0.69, 5.7, 5.2, 5.4, 6.0, 188,  7.459,   0.195,    27
16,01,26,19,40,24,0.46,0.56,0.45,0.73, 5.7, 5.4, 5.3, 5.0, 172,  7.551,   0.210,    22
16,01,26,20,00,24,0.51,0.59,0.48,0.85, 5.7, 5.4, 5.5, 5.0, 172,  7.671,   0.222,    25
16,01,26,20,20,24,0.54,0.58,0.48,0.85, 6.0, 4.9, 5.0, 5.0, 144,  7.861,   0.136,   321
16,01,26,20,40,24,0.55,0.60,0.48,0.92, 6.0, 5.3, 5.3, 6.0, 140,  8.072,   0.170,   292
16,01,26,21,00,24,0.60,0.63,0.52,0.93, 5.7, 5.1, 4.9, 5.0, 140,  8.311,   0.130,   318
16,01,26,21,20,24,0.90,-0.00,-0.00,-0.00, 6.0,-0.1,-0.1,-0.1, 214,  8.533,   0.135,   357
16,01,26,21,40,24,0.62,0.72,0.58,0.97, 3.6, 4.3, 4.8, 4.0, 164,  8.742,   0.216,    27
16,01,26,22,00,24,0.63,0.64,0.52,0.76, 3.7, 4.8, 4.8, 5.0, 137,  8.988,   0.301,    28
16,01,26,22,20,24,0.54,0.63,0.51,0.81, 5.4, 5.0, 5.4, 5.0, 168,  9.197,   0.374,    25
16,01,26,22,40,25,0.56,0.62,0.51,0.93, 5.7, 4.9, 5.2, 6.0, 165,  9.435,   0.269,    43
16,01,26,23,00,25,0.51,0.61,0.49,0.76, 6.0, 5.1, 5.3, 5.0, 155,  9.617,   0.195,    54
16,01,26,23,20,25,0.51,0.55,0.46,0.84, 6.2, 4.9, 5.2, 5.0, 156,  9.780,   0.232,    50
16,01,26,23,40,25,0.55,0.58,0.46,0.91, 6.0, 5.3, 5.2, 5.0, 180,  9.932,   0.271,    38
16,01,27,00,00,25,0.50,0.58,0.47,0.80, 5.7, 5.2, 5.5, 5.0, 136, 10.037,   0.262,    39
16,01,27,00,20,25,0.46,0.50,0.39,0.68, 5.4, 5.4, 5.4, 5.0, 177, 10.108,   0.232,    44
16,01,27,00,40,25,0.46,0.51,0.41,0.71, 6.0, 5.3, 5.5, 6.0, 172, 10.161,   0.253,    44
16,01,27,01,00,25,0.40,0.46,0.36,0.67, 6.0, 5.4, 5.5, 5.0, 196, 10.153,   0.173,    53
16,01,27,01,20,25,0.42,0.48,0.36,0.65, 6.0, 5.6, 5.6, 4.0, 159, 10.128,   0.187,    44
16,01,27,01,40,25,0.36,0.43,0.34,0.59, 5.7, 5.3, 5.6, 6.0, 159, 10.075,   0.161,    45
16,01,27,02,00,25,0.39,0.45,0.37,0.61, 6.0, 5.6, 5.7, 6.0, 148,  9.967,   0.071,    65
16,01,27,02,20,25,0.39,0.43,0.35,0.55, 6.0, 5.4, 5.6, 5.0, 148,  9.826,   0.025,    73
16,01,27,02,40,25,0.34,0.39,0.32,0.51, 6.0, 5.6, 5.5, 5.0, 145,  9.654,   0.057,   182
16,01,27,03,00,25,0.37,0.44,0.35,0.59, 6.0, 5.6, 5.7,11.0, 149,  9.479,   0.191,   208
16,01,27,03,20,25,0.31,0.35,0.29,0.47, 6.0, 5.6, 5.9, 5.0, 120,  9.247,   0.224,   235
16,01,27,03,40,25,0.38,0.41,0.33,0.50, 5.7, 5.8, 5.8, 5.0, 168,  8.979,   0.190,   266
16,01,27,04,00,25,0.36,0.42,0.34,0.53, 5.4, 5.7, 5.9, 4.0, 160,  8.712,   0.129,   320
16,01,27,04,20,26,0.40,0.54,0.42,0.71, 6.2, 5.6, 5.7, 6.0, 152,  8.483,   0.115,   322
16,01,27,04,40,26,0.44,0.54,0.43,0.73, 5.7, 6.0, 6.1, 6.0, 163,  8.231,   0.146,   346
16,01,27,05,00,26,0.33,0.43,0.34,0.60, 6.0, 6.2, 6.5, 6.0, 173,  8.041,   0.125,     5
16,01,27,05,20,26,0.29,0.32,0.27,0.37, 5.4, 5.6, 6.1, 6.0, 148,  7.822,   0.127,    12
16,01,27,05,40,26,0.24,0.26,0.22,0.32, 5.7, 6.1, 6.1, 6.0, 173,  7.654,   0.146,    13
16,01,27,06,00,26,0.23,0.28,0.22,0.36, 5.2, 5.8, 5.9, 6.0, 176,  7.544,   0.099,   350
16,01,27,06,20,26,0.25,0.31,0.23,0.44, 5.7, 5.5, 5.7, 5.0, 165,  7.496,   0.117,    16
16,01,27,06,40,26,0.26,0.28,0.24,0.35, 5.4, 5.6, 6.1, 6.0, 196,  7.457,   0.165,    26
16,01,27,07,00,26,0.28,0.32,0.26,0.39, 5.2, 5.9, 6.3, 6.0, 172,  7.453,   0.198,    31
16,01,27,07,20,26,0.23,0.27,0.22,0.33, 6.2, 6.9, 7.1, 7.0, 208,  7.516,   0.198,    23
16,01,27,07,40,26,0.21,0.23,0.19,0.30, 4.8, 6.4, 6.7, 6.0, 188,  7.577,   0.092,   336
16,01,27,08,00,26,0.22,0.26,0.21,0.38, 5.4, 6.2, 6.6, 6.0, 160,  7.683,   0.130,   345
16,01,27,08,20,26,0.30,0.31,0.26,0.42, 6.6, 6.1, 6.2, 7.0, 148,  7.840,   0.116,   335
16,01,27,08,40,26,0.20,0.27,0.22,0.38, 6.9, 6.6, 6.7, 6.0, 168,  8.021,   0.149,   292
16,01,27,09,00,26,0.21,0.28,0.22,0.40, 4.5, 6.0, 6.1, 5.0, 175,  8.243,   0.102,   309
16,01,27,09,20,26,0.28,0.31,0.26,0.39, 6.0, 6.1, 6.5, 7.0, 124,  8.454,   0.121,   322
16,01,27,09,40,26,0.25,0.30,0.24,0.40, 6.0, 7.1, 6.8, 6.0, 164,  8.647,   0.165,    15
16,01,27,10,00,26,0.30,0.32,0.27,0.43, 9.5, 6.7, 6.8, 8.0, 176,  8.900,   0.264,    29
16,01,27,10,20,26,0.25,0.27,0.22,0.35, 5.4, 7.6, 7.0, 6.0, 136,  9.101,   0.362,    25
16,01,27,10,40,26,0.29,0.33,0.27,0.44, 6.0, 6.9, 6.5, 7.0, 160,  9.305,   0.292,    42
16,01,27,11,00,26,0.23,0.27,0.22,0.42, 6.2, 6.3, 7.1, 5.0, 176,  9.554,   0.265,    46
16,01,27,11,20,26,0.23,0.28,0.23,0.41, 6.9, 6.0, 6.7, 5.0, 148,  9.756,   0.246,    48
16,01,27,11,40,26,0.30,0.29,0.26,0.39, 6.0, 6.5, 6.7, 6.0,  68,  9.890,   0.280,    41
16,01,27,12,00,26,0.21,0.27,0.22,0.37, 8.3, 7.8, 7.9, 9.0, 196, 10.030,   0.243,    43
16,01,27,12,20,27,0.24,0.25,0.21,0.36, 5.7, 6.9, 7.2, 9.0, 292, 10.121,   0.270,    43
16,01,27,12,40,27,0.21,0.26,0.21,0.36, 7.3, 7.2, 7.6, 7.0, 164, 10.203,   0.274,    41
16,01,27,13,00,27,0.20,0.26,0.21,0.37, 7.8, 6.7, 6.9, 8.0, 156, 10.231,   0.233,    42
16,01,27,13,20,27,0.21,0.27,0.20,0.36, 8.8, 7.1, 7.3, 6.0, 148, 10.248,   0.218,    45
16,01,27,13,40,27,0.20,0.26,0.21,0.34, 7.8, 7.0, 7.6, 6.0, 208, 10.199,   0.168,    56
16,01,27,14,00,27,0.21,0.22,0.19,0.30, 8.3, 7.5, 7.6,10.0, 160, 10.111,   0.138,    51
16,01,27,14,20,27,0.17,0.23,0.19,0.29, 6.9, 7.8, 8.0, 6.0,  64, 10.012,   0.074,    77
16,01,27,14,40,27,0.24,0.26,0.22,0.32, 7.8, 7.7, 7.7, 7.0, 236,  9.830,   0.036,    95
16,01,27,15,00,27,0.18,0.21,0.18,0.28, 8.3, 6.9, 7.9, 5.0, 200,  9.647,   0.084,   199
16,01,27,15,20,27,0.17,0.21,0.18,0.27, 8.3, 8.1, 8.4, 9.0, 132,  9.472,   0.215,   218
16,01,27,15,40,27,0.16,0.21,0.18,0.26, 8.8, 8.2, 8.8, 9.0, 112,  9.247,   0.221,   231
16,01,27,16,00,27,0.14,0.20,0.17,0.24, 8.8, 8.7, 8.8, 7.0, 164,  8.955,   0.140,   278
16,01,27,16,20,27,0.18,0.23,0.19,0.28, 8.8, 8.1, 8.6, 7.0,  76,  8.690,   0.080,   357
16,01,27,16,40,27,0.19,0.25,0.20,0.31, 9.5, 8.2, 8.3, 8.0, 163,  8.461,   0.099,     2
16,01,27,17,00,27,0.21,0.28,0.22,0.38, 9.5, 8.2, 8.2, 7.0, 200,  8.242,   0.153,     7
16,01,27,17,20,27,0.17,0.24,0.19,0.37,10.2, 8.2, 8.7, 7.0, 188,  8.039,   0.114,    13
16,01,27,17,40,27,0.17,0.22,0.18,0.29, 8.3, 8.9, 8.9, 8.0, 140,  7.808,   0.245,    25
16,01,27,18,00,27,0.15,0.16,0.14,0.19, 8.8, 8.8, 9.0, 8.0, 141,  7.631,   0.200,    25
16,01,27,18,20,27,-0.00,0.13,0.10,0.18,-0.1, 8.8, 9.2, 8.0,  -1,  7.534,   0.185,    26
16,01,27,18,40,27,0.16,0.18,0.15,0.24, 9.5, 8.3, 8.3, 9.0, 152,  7.434,   0.143,    27
16,01,27,19,00,28,0.17,0.22,0.17,0.28, 9.5, 8.8, 8.9, 9.0, 284,  7.391,   0.132,    16
16,01,27,19,20,28,0.15,0.19,0.16,0.21, 8.8, 9.2, 9.3,10.0, 177,  7.348,   0.070,    25
16,01,27,19,40,28,0.20,0.22,0.19,0.26, 8.8, 9.1, 9.0, 7.0, 180,  7.422,   0.183,    29
16,01,27,20,00,28,0.16,0.18,0.15,0.24, 9.5, 9.0, 9.0, 9.0, 120,  7.466,   0.145,     3
16,01,27,20,20,28,0.15,0.18,0.15,0.21, 9.5, 9.0, 9.4, 9.0, 192,  7.574,   0.062,   349
16,01,27,20,40,28,0.13,0.19,0.15,0.24, 8.8, 9.3, 9.6, 9.0, 180,  7.697,   0.082,    12
16,01,27,21,00,28,0.17,0.19,0.16,0.21, 9.5, 9.1, 9.5,10.0, 128,  7.890,   0.128,   284
16,01,27,21,20,28,0.14,0.17,0.14,0.22, 9.5, 9.1, 9.4, 9.0,  76,  8.100,   0.112,   289
16,01,27,21,40,28,0.13,0.18,0.14,0.24,10.2, 9.1, 9.4, 9.0, 128,  8.295,   0.111,   318
16,01,27,22,00,28,0.12,0.17,0.14,0.21, 8.8, 9.0, 9.6, 8.0, 228,  8.539,   0.128,   351
16,01,27,22,20,28,0.11,0.19,0.14,0.24, 9.5, 9.2, 9.6, 9.0, 188,  8.745,   0.238,    31
16,01,27,22,40,28,0.14,0.20,0.16,0.33, 8.8, 8.6, 8.6, 9.0, 296,  8.997,   0.348,    26
16,01,27,23,00,28,0.13,0.19,0.16,0.23, 8.8, 9.0, 9.4,10.0, 336,  9.211,   0.342,    32
16,01,27,23,20,28,0.18,0.22,0.18,0.28, 9.5, 9.0, 8.9, 8.0, 132,  9.451,   0.270,    41
16,01,27,23,40,28,0.16,0.20,0.16,0.27, 8.8, 9.0, 9.2, 9.0,  92,  9.659,   0.254,    50
16,01,28,00,00,28,0.18,0.21,0.17,0.28, 8.8, 9.1, 9.0, 8.0, 156,  9.807,   0.296,    38
16,01,28,00,20,28,0.15,0.23,0.18,0.29, 9.5, 8.8, 9.1, 8.0,  64,  9.979,   0.385,    35
16,01,28,00,40,28,0.16,0.18,0.15,0.24,10.2, 8.8, 8.8,10.0, 252, 10.095,   0.450,    32
16,01,28,01,00,28,0.13,0.16,0.13,0.21, 8.8, 8.9, 9.2,10.0, 112, 10.150,   0.384,    36
16,01,28,01,20,28,0.12,0.16,0.13,0.19, 8.8, 8.7, 9.1,10.0, 160, 10.171,   0.322,    36
16,01,28,01,40,28,0.11,0.15,0.11,0.19,10.2, 9.0, 8.8, 9.0, 160, 10.186,   0.302,    33
16,01,28,02,00,28,0.11,0.13,0.10,0.15, 9.5, 8.6, 9.1, 8.0, 208, 10.194,   0.231,    39
16,01,28,02,20,28,0.16,0.17,0.14,0.19, 8.8, 8.9, 8.7, 9.0, 132, 10.137,   0.164,    49
16,01,28,02,40,28,0.11,0.14,0.12,0.20, 9.5, 8.6, 8.5, 8.0, 180, 10.069,   0.151,    49
16,01,28,03,00,28,0.16,0.18,0.15,0.22, 8.3, 8.5, 8.8, 7.0, 208,  9.947,   0.105,    67
16,01,28,03,20,28,0.12,0.17,0.13,0.22, 9.5, 9.3, 9.4, 8.0, 356,  9.774,   0.044,   109
16,01,28,03,40,28,0.12,0.15,0.13,0.18, 9.5,10.4,10.0,10.0, 148,  9.586,   0.079,   197
16,01,28,04,00,28,0.18,0.21,0.17,0.25, 8.8, 8.9, 9.0, 9.0, 148,  9.380,   0.160,   216
16,01,28,04,20,29,-0.00,0.12,0.10,0.14,-0.1,11.1,10.4, 9.0,  -1,  9.171,   0.147,   251
16,01,28,04,40,29,0.16,0.19,0.16,0.26, 8.8, 8.9, 9.3, 9.0, 200,  8.931,   0.088,   272
16,01,28,05,00,29,-0.00,0.16,0.12,0.22,-0.1, 8.6, 8.8, 6.0,  -1,  8.708,   0.140,   331
16,01,28,05,20,29,0.18,0.21,0.17,0.25, 9.5, 9.7, 9.5,10.0, 152,  8.515,   0.160,   341
16,01,28,05,40,29,0.20,0.28,0.22,0.31, 8.8, 7.4, 7.0, 8.0, 172,  8.269,   0.125,   357
16,01,28,06,00,29,0.15,0.17,0.14,0.21, 8.8, 7.0, 7.8, 4.0, 232,  8.115,   0.144,   358
16,01,28,06,20,29,0.12,0.18,0.14,0.27, 9.5, 6.8, 7.2, 6.0, 196,  7.998,   0.154,     8
16,01,28,06,40,29,0.16,0.20,0.16,0.27, 8.3, 9.0, 8.9, 9.0, 176,  7.855,   0.146,     3
16,01,28,07,00,29,0.15,0.17,0.13,0.22, 8.8, 8.3, 8.1,10.0, 184,  7.752,   0.123,    20
16,01,28,07,20,29,-0.00,0.12,0.10,0.15,-0.1, 8.9, 8.8, 9.0,  -1,  7.714,   0.191,    25
16,01,28,07,40,29,0.12,0.14,0.11,0.20, 8.3, 9.0, 9.0, 9.0, 297,  7.726,   0.175,    26
16,01,28,08,00,29,0.14,0.17,0.14,0.22, 8.8, 8.5, 8.7, 9.0, 176,  7.777,   0.132,    24
16,01,28,08,20,29,0.22,0.25,0.20,0.28, 8.3, 8.4, 8.4, 8.0, 184,  7.867,   0.186,    30
16,01,28,08,40,29,0.15,0.20,0.16,0.26, 9.5,10.8, 9.8, 8.0, 163,  8.011,   0.257,    25
16,01,28,09,00,29,0.16,0.17,0.14,0.21, 8.3, 8.5, 9.0, 9.0, 140,  8.136,   0.180,   336
16,01,28,09,20,29,0.14,0.19,0.15,0.23, 9.5, 8.5, 8.1, 8.0, 268,  8.273,   0.188,   297
16,01,28,09,40,29,0.16,0.21,0.17,0.25, 9.5, 9.2, 8.8, 8.0,  72,  8.459,   0.125,   306
16,01,28,10,00,29,0.19,0.22,0.18,0.28, 8.8, 6.9, 7.7, 3.0, 140,  8.608,   0.156,   325
16,01,28,10,20,29,0.22,0.25,0.21,0.35, 8.8, 8.6, 8.5, 8.0, 165,  8.813,   0.203,    19
16,01,28,10,40,29,0.18,0.22,0.19,0.29, 8.8, 9.3, 8.9, 6.0, 107,  9.051,   0.291,    33
16,01,28,11,00,29,0.19,0.25,0.21,0.32, 9.5, 8.5, 8.0, 7.0, 152,  9.241,   0.352,    22
16,01,28,11,20,29,0.21,0.25,0.20,0.33, 9.5, 7.1, 6.4, 8.0, 320,  9.434,   0.400,    30
16,01,28,11,40,29,0.26,0.28,0.24,0.37, 8.8, 6.6, 5.9, 3.0,  88,  9.607,   0.446,    30
16,01,28,12,00,29,0.79,-0.00,-0.00,-0.00, 2.2,-0.1,-0.1,-0.1, 176,  9.782,   0.540,    28
16,01,28,12,20,29,0.27,0.29,0.24,0.35, 8.8, 6.5, 5.7, 2.0, 157,  9.938,   0.524,    25
16,01,28,12,40,29,0.26,0.29,0.23,0.43, 2.8, 5.3, 4.7, 2.0, 173, 10.034,   0.509,    24
16,01,28,13,00,29,0.79,-0.00,-0.00,-0.00, 2.0,-0.1,-0.1,-0.1, 140, 10.133,   0.429,    29
16,01,28,13,20,29,0.81,-0.00,-0.00,-0.00, 2.0,-0.1,-0.1,-0.1, 133, 10.188,   0.394,    29
16,01,28,13,40,29,0.80,-0.00,-0.00,-0.00, 2.1,-0.1,-0.1,-0.1, 189, 10.194,   0.302,    32
16,01,28,14,00,29,0.84,-0.00,-0.00,-0.00, 2.0,-0.1,-0.1,-0.1, 166, 10.201,   0.237,    35
16,01,28,14,20,29,0.83,-0.00,-0.00,-0.00, 2.0,-0.1,-0.1,-0.1, 151, 10.140,   0.158,    34
16,01,28,14,40,29,0.46,0.50,0.39,0.77, 3.6, 3.4, 3.7, 3.0, 168, 10.070,   0.145,    37
16,01,28,15,00,29,0.49,0.59,0.45,0.86, 3.5, 3.8, 4.0, 4.0, 152,  9.979,   0.093,    62
16,01,28,15,20,29,0.47,0.48,0.39,0.61, 3.8, 3.5, 3.8, 4.0, 161,  9.843,   0.021,   119
16,01,28,15,40,29,0.47,0.47,0.39,0.68, 3.7, 3.7, 3.8, 3.0, 172,  9.669,   0.067,   186
16,01,28,16,00,29,0.43,0.47,0.38,0.61, 3.7, 3.8, 3.9, 4.0, 165,  9.515,   0.110,   194
16,01,28,16,20,29,0.46,0.47,0.39,0.68, 3.5, 3.7, 3.9, 3.0, 152,  9.309,   0.149,   256
16,01,28,16,40,29,0.36,0.43,0.34,0.61, 3.8, 4.5, 4.8, 3.0, 152,  9.100,   0.153,   325
16,01,28,17,00,29,0.45,0.47,0.39,0.60, 4.1, 4.1, 4.1, 3.0, 185,  8.854,   0.117,   356
16,01,28,17,20,29,0.43,0.49,0.40,0.65, 4.1, 4.3, 4.6, 5.0, 237,  8.630,   0.143,   347
16,01,28,17,40,29,0.49,0.49,0.41,0.64, 4.1, 4.3, 4.4, 4.0, 192,  8.410,   0.129,    12
16,01,28,18,00,29,0.41,0.49,0.39,0.66, 4.3, 4.3, 4.4, 4.0, 207,  8.237,   0.125,     7
16,01,28,18,20,29,0.35,0.37,0.29,0.55, 4.2, 4.3, 4.7, 4.0, 180,  8.053,   0.173,    22
16,01,28,18,40,29,0.34,0.33,0.28,0.48, 4.2, 4.7, 4.8, 4.0, 196,  7.897,   0.246,    25
16,01,28,19,00,29,0.29,0.34,0.28,0.46, 3.9, 4.3, 4.6, 3.0, 189,  7.764,   0.212,    22
16,01,28,19,20,29,0.26,0.27,0.22,0.37, 3.7, 4.0, 4.2, 4.0, 184,  7.704,   0.120,    16
16,01,28,19,40,29,0.29,0.32,0.26,0.42, 3.9, 3.9, 4.1, 4.0, 164,  7.680,   0.113,     6
16,01,28,20,00,29,0.30,0.35,0.27,0.53, 3.8, 4.4, 4.3, 7.0, 180,  7.628,   0.063,    15
16,01,28,20,20,29,0.32,0.34,0.27,0.48, 3.4, 4.1, 4.1, 3.0, 156,  7.668,   0.086,    20
16,01,28,20,40,29,0.36,0.41,0.34,0.53, 3.8, 4.2, 4.6, 4.0, 184,  7.736,   0.152,    27
16,01,28,21,00,29,0.43,0.46,0.37,0.65, 3.6, 4.0, 4.3, 4.0, 148,  7.834,   0.220,    30
16,01,28,21,20,29,0.45,0.48,0.39,0.66, 4.1, 4.0, 4.4, 3.0, 165,  7.969,   0.158,     4
16,01,28,21,40,29,0.43,0.48,0.38,0.67, 3.7, 4.6, 5.1, 4.0, 168,  8.119,   0.163,   302
16,01,28,22,00,29,0.89,-0.00,-0.00,-0.00, 2.1,-0.1,-0.1,-0.1,  96,  8.302,   0.115,   291
16,01,28,22,20,29,0.85,-0.00,-0.00,-0.00, 2.0,-0.1,-0.1,-0.1, 356,  8.480,   0.155,   326
16,01,28,22,40,29,0.95,-0.00,-0.00,-0.00, 3.2,-0.1,-0.1,-0.1, 159,  8.682,   0.165,    16
16,01,28,23,00,29,0.95,-0.00,-0.00,-0.00, 3.2,-0.1,-0.1,-0.1, 229,  8.899,   0.223,    33
16,01,28,23,20,29,0.88,-0.00,-0.00,-0.00, 2.0,-0.1,-0.1,-0.1, 164,  9.156,   0.320,    24
16,01,28,23,40,29,0.92,-0.00,-0.00,-0.00, 2.1,-0.1,-0.1,-0.1, 333,  9.369,   0.290,    42
16,01,29,00,00,29,0.48,0.54,0.42,0.82, 4.5, 4.3, 4.5, 4.0, 156,  9.579,   0.210,    56
16,01,29,00,20,29,0.46,0.51,0.42,0.74, 3.8, 4.3, 4.7, 4.0, 152,  9.739,   0.243,    49
16,01,29,00,40,29,0.48,0.48,0.39,0.66, 4.3, 4.8, 4.7, 3.0, 148,  9.897,   0.233,    43
16,01,29,01,00,29,0.44,0.49,0.41,0.67, 4.5, 4.5, 4.7, 5.0, 159, 10.016,   0.289,    35
16,01,29,01,20,29,0.44,0.49,0.39,0.64, 4.3, 4.2, 4.4, 6.0, 252, 10.147,   0.210,    40
16,01,29,01,40,29,0.40,0.47,0.37,0.65, 4.2, 4.7, 4.7, 5.0, 156, 10.253,   0.324,    33
16,01,29,02,00,29,0.41,0.43,0.36,0.64, 4.7, 5.0, 4.9, 4.0, 156, 10.302,   0.260,    38
16,01,29,02,20,29,0.41,0.47,0.38,0.66, 4.5, 4.7, 4.8, 3.0, 152, 10.288,   0.189,    51
16,01,29,02,40,29,0.37,0.46,0.37,0.64, 4.5, 4.7, 4.8, 5.0, 152, 10.241,   0.203,    48
16,01,29,03,00,29,0.36,0.42,0.34,0.53, 4.2, 4.7, 4.9, 4.0, 152, 10.209,   0.153,    56
16,01,29,03,20,29,0.31,0.35,0.27,0.48, 4.3, 4.7, 4.7, 5.0, 172, 10.131,   0.083,    62
16,01,29,03,40,29,0.32,0.36,0.29,0.48, 4.3, 5.5, 5.4, 4.0, 141, 10.012,   0.034,   119
16,01,29,04,00,29,0.33,0.33,0.29,0.40, 4.2, 4.7, 5.0, 5.0, 156,  9.859,   0.067,   196
16,01,29,04,20,29,0.24,0.27,0.22,0.38, 4.5, 5.7, 5.8, 4.0, 168,  9.685,   0.112,   222
16,01,29,04,40,29,0.30,0.34,0.28,0.42, 4.1, 5.2, 5.5, 4.0, 176,  9.528,   0.194,   219
16,01,29,05,00,29,0.30,0.33,0.27,0.40, 4.2, 5.0, 5.0, 4.0, 180,  9.267,   0.204,   256
16,01,29,05,20,29,0.25,0.31,0.24,0.48, 4.1, 5.5, 5.3, 7.0, 175,  9.044,   0.151,   316
16,01,29,05,40,29,0.27,0.32,0.26,0.38, 8.3, 6.4, 6.3, 5.0,  48,  8.801,   0.104,   317
16,01,29,06,00,29,0.23,0.27,0.22,0.36, 7.8, 7.0, 6.7, 6.0, 184,  8.597,   0.125,   347
16,01,29,06,20,29,0.26,0.28,0.23,0.33, 8.3, 7.1, 6.7, 7.0, 164,  8.406,   0.157,   358
16,01,29,06,40,29,0.18,0.22,0.18,0.28, 3.8, 5.7, 5.5, 4.0, 152,  8.241,   0.153,     6
16,01,29,07,00,29,0.17,0.18,0.15,0.24, 8.3, 6.6, 6.2, 7.0, 116,  8.107,   0.147,    13
16,01,29,07,20,29,0.17,0.19,0.16,0.24, 3.8, 6.5, 6.1, 9.0, 165,  8.000,   0.262,    24
16,01,29,07,40,29,0.21,0.22,0.19,0.30, 3.9, 5.8, 6.1, 5.0, 204,  7.953,   0.234,    21
16,01,29,08,00,29,0.25,0.25,0.21,0.31, 3.9, 6.0, 5.6, 8.0, 148,  7.927,   0.148,    25
16,01,29,08,20,29,0.24,0.26,0.22,0.32, 7.8, 5.9, 6.5, 5.0, 192,  7.914,   0.217,    28
16,01,29,08,40,29,0.21,0.23,0.19,0.33, 7.8, 6.8, 6.3, 5.0, 144,  7.950,   0.232,    30
16,01,29,09,00,29,0.17,0.21,0.17,0.26, 8.3, 7.8, 7.5, 8.0, 252,  8.019,   0.257,    29
16,01,29,09,20,29,0.18,0.20,0.17,0.30, 8.3, 8.1, 7.4, 9.0, 168,  8.094,   0.181,    17

