0.004; 10020.2; 4773.82; 3.12192e-05; 3.10888e-05; 3.12122e-05; 3.10817e-05; 3.0325e-05
0.2; 75694.3; 60756.8; 0.0242585; 0.0223543; 0.0242641; 0.0223612; 0.0235279
0.4; 91109.9; 109451; 0.133257; 0.134841; 0.133277; 0.134849; 0.134898
0.6; 60435.2; 62362; 0.288867; 0.287495; 0.288944; 0.287459; 0.28926
0.8; 73571.8; 74267.1; 0.444995; 0.441418; 0.445025; 0.441418; 0.444825
1; 76079.3; 79345.9; 0.565775; 0.561628; 0.565755; 0.561646; 0.566233
1.2; 84773.7; 89073.4; 0.624881; 0.620489; 0.624909; 0.620472; 0.626944
1.4; 111803; 119992; 0.611184; 0.609152; 0.611351; 0.608933; 0.614523
1.6; 139477; 139777; 0.556763; 0.553111; 0.556418; 0.553514; 0.55749
1.8; 163913; 164235; 0.514661; 0.513139; 0.514674; 0.513241; 0.513674
2; 157412; 156668; 0.512364; 0.515335; 0.51236; 0.515409; 0.511231
2.2; 150038; 152140; 0.542744; 0.548402; 0.5428; 0.548411; 0.540563
2.4; 135641; 136524; 0.579636; 0.585755; 0.579633; 0.585863; 0.576955
2.6; 120358; 124445; 0.592876; 0.598737; 0.593045; 0.598781; 0.59085
2.8; 134769; 134751; 0.575402; 0.58033; 0.575625; 0.580363; 0.574074
3; 143219; 143032; 0.550684; 0.553059; 0.550743; 0.553303; 0.551435
3.2; 136372; 139881; 0.540525; 0.54059; 0.540669; 0.5405; 0.541024
3.4; 123860; 131836; 0.550488; 0.548132; 0.55041; 0.548107; 0.551622
3.6; 110312; 111423; 0.571885; 0.568079; 0.571792; 0.568298; 0.574262
3.8; 109555; 105528; 0.586682; 0.582042; 0.586858; 0.581995; 0.589377
4; 115756; 109912; 0.582387; 0.576089; 0.582361; 0.57608; 0.584481
4.2; 121414; 124782; 0.563392; 0.557914; 0.563316; 0.557857; 0.565254
4.4; 139875; 141680; 0.547822; 0.54376; 0.547854; 0.543726; 0.548825
4.6; 142834; 141642; 0.550129; 0.547112; 0.550161; 0.547158; 0.549934
4.8; 129635; 133512; 0.564392; 0.565921; 0.564324; 0.566124; 0.564213
5; 107047; 118439; 0.57959; 0.583091; 0.580085; 0.582698; 0.577899
5.2; 100412; 99987.2; 0.579461; 0.584376; 0.579594; 0.584193; 0.577795
5.4; 101347; 102966; 0.563581; 0.569475; 0.56361; 0.569333; 0.56138
5.6; 118077; 114757; 0.547027; 0.552278; 0.547114; 0.552194; 0.544238
5.8; 132143; 125715; 0.542831; 0.547879; 0.542834; 0.548048; 0.541628
6; 137786; 133298; 0.55312; 0.555758; 0.552693; 0.556362; 0.551073
6.2; 131572; 132536; 0.566933; 0.56748; 0.567141; 0.567502; 0.566828
6.4; 111826; 116495; 0.577287; 0.575121; 0.577827; 0.574648; 0.579042
6.6; 104035; 105337; 0.579069; 0.574085; 0.578295; 0.57474; 0.581281
6.8; 117433; 120707; 0.569154; 0.563525; 0.569313; 0.563196; 0.572114
7; 124602; 126316; 0.556668; 0.550557; 0.556702; 0.550544; 0.558994
7.2; 144805; 142333; 0.552085; 0.546784; 0.552198; 0.546782; 0.55395
7.4; 145285; 141312; 0.559453; 0.555315; 0.559539; 0.555401; 0.560414
7.6; 124925; 117557; 0.574218; 0.571837; 0.574302; 0.572015; 0.574796
7.8; 117780; 122191; 0.579865; 0.580392; 0.579164; 0.581154; 0.579393
8; 127415; 125700; 0.570922; 0.574346; 0.57169; 0.573504; 0.569814
8.2; 129551; 125563; 0.559094; 0.564293; 0.558998; 0.564308; 0.557132
8.4; 138085; 142096; 0.550622; 0.556813; 0.550629; 0.55685; 0.548183
8.6; 158038; 149762; 0.550567; 0.55633; 0.550749; 0.556308; 0.547505
8.8; 154794; 151534; 0.558931; 0.56365; 0.558641; 0.564187; 0.557216
9; 141846; 135700; 0.567911; 0.5709; 0.568729; 0.570466; 0.566841
9.2; 127192; 137620; 0.571453; 0.572968; 0.571777; 0.572842; 0.572502
9.4; 126537; 119107; 0.572127; 0.56892; 0.571843; 0.568997; 0.573242
9.6; 148227; 141200; 0.567038; 0.562875; 0.5672; 0.562611; 0.56916
9.8; 154481; 155334; 0.56218; 0.555955; 0.562014; 0.555971; 0.564215
10; 152306; 151757; 0.559735; 0.55364; 0.559512; 0.553779; 0.562066
10.2; 152336; 151871; 0.561624; 0.556081; 0.561712; 0.556082; 0.563695
10.4; 152531; 147391; 0.566079; 0.561802; 0.566249; 0.56192; 0.567503
10.6; 136331; 137070; 0.572613; 0.570017; 0.572681; 0.570194; 0.573269
10.8; 141448; 138698; 0.571234; 0.573625; 0.571294; 0.573611; 0.571436
11; 153596; 152547; 0.566493; 0.56756; 0.566392; 0.56757; 0.564228
11.2; 150980; 148109; 0.559861; 0.565273; 0.559701; 0.565332; 0.557744
11.4; 159821; 158377; 0.556485; 0.561775; 0.556072; 0.562206; 0.553652
11.6; 156257; 154998; 0.55544; 0.561506; 0.555566; 0.561499; 0.552769
11.8; 163664; 158721; 0.558924; 0.564335; 0.558985; 0.564454; 0.55748
12; 154172; 152487; 0.563238; 0.566996; 0.563619; 0.566743; 0.562087
12.2; 159344; 161147; 0.566337; 0.567698; 0.56659; 0.567478; 0.566761
12.4; 149636; 140247; 0.569421; 0.566983; 0.569188; 0.567208; 0.57084
12.6; 155554; 162964; 0.56959; 0.564774; 0.569465; 0.564825; 0.571318
12.8; 164576; 156783; 0.566239; 0.560086; 0.566289; 0.560006; 0.568842
13; 158220; 157787; 0.562226; 0.556034; 0.562155; 0.556159; 0.56465
13.2; 170392; 169178; 0.560716; 0.555216; 0.560685; 0.555344; 0.563079
13.4; 165632; 162212; 0.562641; 0.558168; 0.56267; 0.558202; 0.56359
13.6; 153625; 153007; 0.56973; 0.56677; 0.569782; 0.566801; 0.56993
13.8; 155671; 155029; 0.57211; 0.573336; 0.572482; 0.573021; 0.571899
14; 162641; 157445; 0.56869; 0.570621; 0.568344; 0.57101; 0.567016
14.2; 156984; 156571; 0.562382; 0.567647; 0.562537; 0.56754; 0.560471
14.4; 172571; 170024; 0.556443; 0.562528; 0.556419; 0.562619; 0.554356
14.6; 166543; 167073; 0.55386; 0.559224; 0.553578; 0.559578; 0.550709
14.8; 177574; 174378; 0.556275; 0.561754; 0.55627; 0.561784; 0.554776
15; 172901; 167452; 0.561938; 0.56539; 0.561831; 0.565533; 0.560256
15.2; 173943; 173139; 0.566192; 0.568233; 0.566365; 0.568124; 0.566827
15.4; 154510; 153055; 0.570835; 0.568078; 0.570911; 0.568; 0.571971
15.6; 166576; 169008; 0.570744; 0.566134; 0.570726; 0.566132; 0.572647
15.8; 174464; 167478; 0.566343; 0.560663; 0.566613; 0.560429; 0.569361
16; 172866; 172398; 0.561087; 0.554773; 0.56098; 0.554907; 0.563404
16.2; 179196; 179823; 0.559077; 0.553541; 0.558979; 0.553695; 0.561342
16.4; 178209; 175276; 0.561706; 0.557248; 0.561726; 0.557293; 0.562742
16.6; 168888; 168223; 0.569978; 0.567123; 0.569962; 0.567211; 0.570231
16.8; 159341; 156821; 0.572677; 0.574695; 0.572987; 0.574458; 0.573058
17; 172605; 169704; 0.569554; 0.570609; 0.569521; 0.570694; 0.567507
17.2; 168599; 164817; 0.561915; 0.567112; 0.561951; 0.567114; 0.560063
17.4; 181809; 180807; 0.555606; 0.561821; 0.55567; 0.561825; 0.553489
17.6; 182533; 182241; 0.553141; 0.559022; 0.553283; 0.55894; 0.550194
17.8; 188764; 184112; 0.556298; 0.561942; 0.556294; 0.561965; 0.554798
18; 178726; 180362; 0.562407; 0.565937; 0.562324; 0.566; 0.560645
18.2; 185450; 178893; 0.566909; 0.568455; 0.566942; 0.568433; 0.56718
18.4; 161580; 167502; 0.57058; 0.568094; 0.57027; 0.568438; 0.571853
18.6; 181200; 176272; 0.569962; 0.565904; 0.570311; 0.565541; 0.572058
18.8; 182067; 179018; 0.565822; 0.560022; 0.566003; 0.559825; 0.56865
19; 182965; 181814; 0.560846; 0.55466; 0.560845; 0.554664; 0.56323
19.2; 188755; 189158; 0.559331; 0.553743; 0.559259; 0.553816; 0.561573
19.4; 188870; 187584; 0.561882; 0.557521; 0.561937; 0.557551; 0.563027
19.6; 181864; 173560; 0.569761; 0.566922; 0.56986; 0.566945; 0.570199
19.8; 163141; 166505; 0.572495; 0.574289; 0.572491; 0.574398; 0.572922
20; 184002; 180570; 0.569191; 0.570366; 0.569249; 0.570366; 0.567203
20.2; 175435; 173072; 0.561884; 0.566802; 0.561848; 0.566858; 0.559908
20.4; 189642; 189035; 0.555782; 0.561732; 0.555766; 0.561798; 0.55352
20.6; 192928; 195401; 0.55336; 0.558923; 0.553327; 0.559056; 0.550292
20.8; 197792; 187903; 0.556303; 0.561763; 0.556273; 0.56189; 0.554732
21; 189119; 194452; 0.562253; 0.565839; 0.562239; 0.565968; 0.560712
21.2; 191268; 180569; 0.566588; 0.568261; 0.567015; 0.567884; 0.566827
21.4; 169988; 181261; 0.569861; 0.568356; 0.569763; 0.568451; 0.571492
21.6; 187113; 179631; 0.570167; 0.565478; 0.570133; 0.565455; 0.571811
21.8; 188459; 193965; 0.566192; 0.559976; 0.566076; 0.560042; 0.568754
22; 188508; 180262; 0.561089; 0.554892; 0.561099; 0.554882; 0.563473
22.2; 196932; 201861; 0.559359; 0.554063; 0.55947; 0.554047; 0.561943
22.4; 193464; 187334; 0.561766; 0.557216; 0.561821; 0.557276; 0.562932
22.6; 190039; 189805; 0.569474; 0.566284; 0.569539; 0.566326; 0.569749
22.8; 166716; 164964; 0.572218; 0.573974; 0.572225; 0.574026; 0.57265
23; 189724; 186823; 0.569095; 0.570422; 0.569174; 0.570392; 0.567207
23.2; 175181; 176521; 0.562032; 0.566977; 0.562106; 0.566927; 0.560125
23.4; 200757; 196150; 0.555908; 0.562031; 0.555979; 0.561993; 0.55378
23.6; 188227; 195614; 0.553089; 0.559039; 0.553248; 0.558927; 0.55011
23.8; 211299; 197261; 0.555942; 0.561705; 0.556117; 0.561556; 0.554388
24; 184044; 195519; 0.561895; 0.565421; 0.561768; 0.565621; 0.560172
24.2; 199196; 183964; 0.566282; 0.568081; 0.56633; 0.568036; 0.566454
24.4; 167386; 182473; 0.569989; 0.567903; 0.569547; 0.568429; 0.571332
24.6; 189796; 179537; 0.570246; 0.565626; 0.570386; 0.565483; 0.571988
24.8; 189516; 193110; 0.5664; 0.560182; 0.566315; 0.560305; 0.569
25; 185313; 184669; 0.56115; 0.555117; 0.561325; 0.555015; 0.563729
25.2; 204001; 200919; 0.559484; 0.553922; 0.55952; 0.553937; 0.561888
25.4; 188349; 187702; 0.561652; 0.557069; 0.561686; 0.557077; 0.562779
25.6; 192339; 191412; 0.569073; 0.565935; 0.569114; 0.56599; 0.56936
25.8; 165825; 164839; 0.572243; 0.573849; 0.57227; 0.573905; 0.572783
26; 187287; 185480; 0.569131; 0.570997; 0.569275; 0.570932; 0.567616
26.2; 176341; 174889; 0.562478; 0.567402; 0.562484; 0.567449; 0.560672
26.4; 196314; 190603; 0.5564; 0.562324; 0.556433; 0.562362; 0.554223
26.6; 193839; 201768; 0.553161; 0.559059; 0.553215; 0.559074; 0.550221
26.8; 204683; 187629; 0.555564; 0.56124; 0.555549; 0.561271; 0.553827
27; 188779; 205583; 0.561316; 0.565197; 0.561291; 0.565207; 0.559654
27.2; 192481; 176350; 0.566079; 0.567879; 0.566184; 0.567878; 0.566345
27.4; 173165; 187051; 0.569718; 0.568389; 0.569909; 0.568237; 0.571168
27.6; 184382; 174652; 0.5706; 0.565832; 0.57057; 0.565828; 0.572257
27.8; 194010; 198109; 0.566809; 0.560625; 0.566819; 0.5606; 0.569306
28; 183562; 183650; 0.561456; 0.555136; 0.561466; 0.555166; 0.563912
28.2; 200472; 198208; 0.559204; 0.553803; 0.55923; 0.553848; 0.561738
28.4; 193093; 190028; 0.561232; 0.556528; 0.561276; 0.55658; 0.562411
28.6; 191979; 190408; 0.56853; 0.565365; 0.568583; 0.565408; 0.568894
28.8; 165911; 164878; 0.572431; 0.57356; 0.572432; 0.573618; 0.572734
29; 183698; 185523; 0.569469; 0.571329; 0.569498; 0.571316; 0.567856
29.2; 181452; 176478; 0.56288; 0.56754; 0.56286; 0.567573; 0.560997
29.4; 190631; 189032; 0.55637; 0.562431; 0.556438; 0.562436; 0.554254
29.6; 200294; 201331; 0.553088; 0.559043; 0.553295; 0.558978; 0.550261
29.8; 197904; 192097; 0.555289; 0.561029; 0.555339; 0.561092; 0.553841
30; 193262; 199955; 0.561302; 0.565092; 0.561222; 0.565206; 0.559555
30.2; 188832; 182146; 0.566144; 0.567909; 0.5665; 0.567547; 0.566085
30.4; 181101; 184470; 0.569748; 0.568437; 0.569641; 0.568546; 0.571137
30.6; 179808; 176315; 0.570647; 0.566034; 0.570403; 0.566208; 0.572279
30.8; 193758; 198358; 0.566946; 0.560717; 0.566904; 0.560764; 0.569368
31; 183357; 179944; 0.561399; 0.555211; 0.561467; 0.555189; 0.563986
31.2; 199777; 199439; 0.559225; 0.553693; 0.559265; 0.55376; 0.561787
31.4; 197011; 191881; 0.561239; 0.556372; 0.561277; 0.556433; 0.562362
31.6; 188003; 191325; 0.568466; 0.565079; 0.568487; 0.565156; 0.568793
31.8; 169056; 162558; 0.572841; 0.573294; 0.572718; 0.573476; 0.572853
32; 182937; 189540; 0.569254; 0.571787; 0.56932; 0.571746; 0.568029
32.2; 180380; 171517; 0.562823; 0.56756; 0.563026; 0.567363; 0.561078
32.4; 190293; 192831; 0.556461; 0.562474; 0.556551; 0.562466; 0.554332
32.6; 202017; 198192; 0.553173; 0.559139; 0.553197; 0.559219; 0.550349
32.8; 198518; 192276; 0.555542; 0.561093; 0.555523; 0.561159; 0.553762
33; 190911; 198375; 0.561096; 0.565297; 0.56132; 0.565121; 0.559547
33.2; 192311; 182643; 0.566175; 0.567902; 0.565972; 0.5681; 0.566075
33.4; 176304; 187811; 0.569513; 0.568299; 0.569735; 0.568021; 0.570714
33.6; 181382; 172685; 0.570319; 0.566211; 0.570428; 0.56606; 0.572162
33.8; 193859; 199654; 0.567089; 0.560795; 0.566923; 0.560953; 0.569481
34; 185006; 179428; 0.561668; 0.555481; 0.561716; 0.555503; 0.56425
34.2; 200517; 203653; 0.559229; 0.553969; 0.559201; 0.554056; 0.561935
34.4; 193909; 182096; 0.561148; 0.556269; 0.561188; 0.556288; 0.562286
34.6; 190359; 202003; 0.568011; 0.564666; 0.568013; 0.564722; 0.568333
34.8; 169818; 156437; 0.573017; 0.572763; 0.572739; 0.5731; 0.572756
35; 182190; 191089; 0.56929; 0.57226; 0.569732; 0.571909; 0.568413
35.2; 178824; 172793; 0.563322; 0.567864; 0.563569; 0.567697; 0.561649
35.4; 192210; 188812; 0.556864; 0.562824; 0.557095; 0.562722; 0.554797
35.6; 197602; 200303; 0.553048; 0.559285; 0.553453; 0.559038; 0.550433
35.8; 202645; 193022; 0.555109; 0.560849; 0.555089; 0.560919; 0.553438
36; 189410; 197485; 0.560819; 0.564906; 0.560852; 0.564765; 0.558819
36.2; 194140; 187322; 0.56591; 0.567774; 0.565632; 0.567974; 0.565704
36.4; 178291; 182926; 0.569519; 0.568294; 0.569759; 0.568044; 0.570598
36.6; 177713; 175853; 0.570671; 0.566337; 0.570481; 0.566531; 0.572472
36.8; 194500; 197569; 0.56724; 0.561107; 0.567029; 0.561412; 0.569824
37; 185919; 184594; 0.561564; 0.555453; 0.561688; 0.555511; 0.564297
37.2; 200672; 197110; 0.55884; 0.55376; 0.559218; 0.553508; 0.561772
37.4; 190165; 189522; 0.560871; 0.555967; 0.560835; 0.556; 0.561971
37.6; 194070; 192308; 0.567902; 0.564503; 0.567703; 0.564675; 0.568124
37.8; 168654; 169818; 0.572648; 0.57357; 0.572848; 0.57335; 0.573022
38; 178793; 181416; 0.570201; 0.571792; 0.570092; 0.571981; 0.568678
38.2; 183774; 177832; 0.563472; 0.567728; 0.563593; 0.567752; 0.561762
38.4; 190232; 185635; 0.556812; 0.562755; 0.556902; 0.562809; 0.554807
38.6; 199219; 203337; 0.553037; 0.559083; 0.553132; 0.559089; 0.550249
38.8; 199221; 189220; 0.554965; 0.56077; 0.555177; 0.560517; 0.553066
39; 191990; 204894; 0.560813; 0.564877; 0.560425; 0.56517; 0.558947
39.2; 189804; 178825; 0.566028; 0.567834; 0.566473; 0.567261; 0.565521
39.4; 180255; 187697; 0.56944; 0.568529; 0.569492; 0.568443; 0.57065
39.6; 180306; 173136; 0.570694; 0.566167; 0.570109; 0.566867; 0.572494
39.8; 192509; 199150; 0.567273; 0.561173; 0.567397; 0.561208; 0.569815
40; 184841; 181175; 0.561616; 0.555679; 0.56176; 0.555693; 0.564472
40.2; 198896; 200589; 0.559458; 0.553563; 0.559168; 0.553884; 0.561862
40.4; 192086; 184578; 0.560909; 0.555991; 0.560794; 0.556024; 0.561941
40.6; 193863; 200033; 0.567631; 0.564031; 0.567603; 0.564; 0.567764
40.8; 167483; 162755; 0.572545; 0.572879; 0.57285; 0.572632; 0.572831
41; 182496; 181462; 0.569952; 0.571951; 0.569709; 0.572321; 0.568707
41.2; 181763; 179070; 0.563834; 0.56779; 0.564109; 0.5677; 0.562133
41.4; 191254; 182917; 0.557383; 0.562981; 0.557356; 0.56308; 0.555072
41.6; 195553; 204364; 0.553345; 0.559271; 0.553266; 0.559313; 0.550375
41.8; 202619; 191778; 0.554841; 0.560774; 0.554949; 0.56056; 0.552908
42; 187296; 203230; 0.560395; 0.564901; 0.56061; 0.564648; 0.558713
42.2; 194635; 179193; 0.565741; 0.567688; 0.565649; 0.567784; 0.56552
42.4; 177905; 188998; 0.569483; 0.56818; 0.569362; 0.568427; 0.57047
42.6; 182947; 170665; 0.570245; 0.566846; 0.570764; 0.566413; 0.572595
42.8; 190457; 201834; 0.567258; 0.561616; 0.567524; 0.561392; 0.569839
43; 187015; 183375; 0.562024; 0.555688; 0.561893; 0.555829; 0.564542
43.2; 196954; 197992; 0.559241; 0.553727; 0.559229; 0.553736; 0.561789
43.4; 191398; 185880; 0.560751; 0.555786; 0.560769; 0.555818; 0.562046
43.6; 196187; 202037; 0.56727; 0.563801; 0.567311; 0.563855; 0.567701
43.8; 169638; 161849; 0.572528; 0.572998; 0.57241; 0.573216; 0.572964
44; 179929; 184395; 0.570047; 0.57226; 0.570141; 0.57223; 0.568859
44.2; 181886; 175274; 0.563995; 0.567766; 0.564049; 0.567739; 0.562078
44.4; 189627; 187263; 0.557357; 0.563055; 0.557423; 0.563034; 0.555074
44.6; 197051; 201880; 0.553249; 0.559349; 0.553206; 0.55946; 0.550546
44.8; 200549; 189617; 0.55492; 0.560398; 0.554981; 0.560374; 0.552843
45; 191205; 203203; 0.560245; 0.564656; 0.560069; 0.56482; 0.558593
45.2; 190509; 181904; 0.566034; 0.567218; 0.566391; 0.56692; 0.565264
45.4; 181556; 187564; 0.568774; 0.568791; 0.56894; 0.568682; 0.570321
45.6; 178038; 172791; 0.570885; 0.566531; 0.57062; 0.566811; 0.572571
45.8; 192537; 198320; 0.567729; 0.561817; 0.56775; 0.561776; 0.570048
46; 187358; 185446; 0.562217; 0.55597; 0.562141; 0.556105; 0.564804
46.2; 197251; 197064; 0.55926; 0.553703; 0.559211; 0.553777; 0.561903
46.4; 189878; 187424; 0.56057; 0.555575; 0.560563; 0.555609; 0.561829
46.6; 199680; 196665; 0.56701; 0.563299; 0.567028; 0.563346; 0.567351
46.8; 166214; 165328; 0.572441; 0.572815; 0.572507; 0.572832; 0.572923
47; 180744; 182828; 0.570404; 0.572359; 0.570332; 0.572513; 0.569112
47.2; 181994; 180663; 0.564292; 0.567886; 0.56444; 0.567802; 0.562461
47.4; 186739; 179967; 0.557588; 0.56325; 0.557568; 0.563325; 0.555275
47.6; 201772; 206723; 0.55336; 0.559368; 0.55334; 0.559497; 0.550745
47.8; 196687; 190118; 0.554616; 0.560472; 0.555037; 0.560102; 0.552662
48; 194855; 201279; 0.560162; 0.564628; 0.560215; 0.564613; 0.558582
48.2; 189779; 184449; 0.565605; 0.567555; 0.565669; 0.56755; 0.565161
48.4; 181225; 186369; 0.568976; 0.568522; 0.569386; 0.568084; 0.570018
48.6; 178766; 174755; 0.570707; 0.566631; 0.569777; 0.567512; 0.572389
48.8; 191807; 195404; 0.567757; 0.56179; 0.567353; 0.562149; 0.56993
49; 188325; 183732; 0.562333; 0.556002; 0.562042; 0.556327; 0.564917
49.2; 196636; 201329; 0.559365; 0.553599; 0.558973; 0.55412; 0.562034
49.4; 190106; 184438; 0.560556; 0.555485; 0.560638; 0.555594; 0.562074
49.6; 199559; 197012; 0.566719; 0.56305; 0.566819; 0.5631; 0.567277
49.8; 168396; 167226; 0.572916; 0.572072; 0.573131; 0.571921; 0.572815
50; 181129; 181378; 0.570037; 0.572837; 0.57014; 0.5727; 0.569072
50.2; 178808; 179594; 0.564696; 0.567821; 0.56404; 0.568432; 0.562579
50.4; 190561; 181703; 0.557801; 0.563432; 0.557936; 0.563336; 0.55546
50.6; 194318; 204318; 0.553432; 0.559395; 0.553341; 0.559579; 0.550801
50.8; 204484; 187684; 0.55471; 0.560171; 0.554672; 0.56033; 0.552615
51; 188664; 206922; 0.560214; 0.564208; 0.559961; 0.564588; 0.558406
51.2; 192352; 179971; 0.565207; 0.567794; 0.565366; 0.567705; 0.565041
51.4; 183156; 192227; 0.568927; 0.568406; 0.56875; 0.568548; 0.569782
51.6; 175413; 169248; 0.570777; 0.566645; 0.570739; 0.566592; 0.572355
51.8; 195445; 199814; 0.567673; 0.562268; 0.56787; 0.561963; 0.570015
52; 186698; 183033; 0.562571; 0.556183; 0.562465; 0.556265; 0.564994
52.2; 195791; 201189; 0.55945; 0.553711; 0.559378; 0.55391; 0.562192
52.4; 190055; 182879; 0.560372; 0.555322; 0.560522; 0.555345; 0.561964
52.6; 199305; 200108; 0.566035; 0.562678; 0.566219; 0.562702; 0.566862
52.8; 168817; 166218; 0.572447; 0.571916; 0.57236; 0.572106; 0.572663
53; 180393; 182932; 0.570363; 0.572967; 0.570428; 0.572876; 0.569365
53.2; 180335; 177265; 0.565061; 0.568191; 0.5649; 0.568303; 0.563008
53.4; 186137; 182960; 0.558116; 0.56382; 0.558073; 0.563883; 0.555847
53.6; 200814; 201831; 0.553404; 0.559398; 0.553383; 0.559586; 0.550905
53.8; 195618; 193343; 0.55406; 0.559757; 0.554109; 0.559873; 0.552018
54; 199978; 201717; 0.559481; 0.563865; 0.559473; 0.563909; 0.557827
54.2; 185792; 183938; 0.565094; 0.567284; 0.565114; 0.567296; 0.564515
54.4; 188358; 185553; 0.568781; 0.568602; 0.568512; 0.568762; 0.569609
54.6; 172940; 175693; 0.571182; 0.566891; 0.571012; 0.567014; 0.572753
54.8; 193608; 195174; 0.568161; 0.562423; 0.568265; 0.562362; 0.570429
55; 186670; 185075; 0.562416; 0.556547; 0.562626; 0.556554; 0.565488
55.2; 197197; 196038; 0.559217; 0.553477; 0.559335; 0.553581; 0.562065
55.4; 189852; 189907; 0.560128; 0.555048; 0.560206; 0.55502; 0.561619
55.6; 198862; 196483; 0.565934; 0.562283; 0.565869; 0.562267; 0.566241
55.8; 168355; 167378; 0.572357; 0.572219; 0.572249; 0.572268; 0.572717
56; 181837; 180394; 0.570752; 0.573121; 0.570825; 0.573112; 0.569785
56.2; 180036; 178375; 0.56515; 0.568289; 0.565242; 0.568379; 0.563435
56.4; 187241; 182022; 0.558119; 0.56386; 0.558211; 0.563983; 0.556194
56.6; 198114; 202242; 0.553415; 0.55957; 0.553447; 0.559668; 0.550931
56.8; 197793; 192893; 0.554252; 0.559603; 0.554104; 0.559724; 0.551756
57; 200140; 203217; 0.559151; 0.564008; 0.559239; 0.563871; 0.557587
57.2; 186342; 185310; 0.565368; 0.567149; 0.565125; 0.567248; 0.564181
57.4; 185091; 186898; 0.568742; 0.568594; 0.56845; 0.568868; 0.569619
57.6; 174497; 172295; 0.570557; 0.567363; 0.571068; 0.56704; 0.57289
57.8; 195948; 197757; 0.568444; 0.562507; 0.568436; 0.562683; 0.570725
58; 183575; 181368; 0.562735; 0.55667; 0.56276; 0.556701; 0.565515
58.2; 198946; 201070; 0.559384; 0.553705; 0.559415; 0.553594; 0.561848
58.4; 188323; 185546; 0.56031; 0.555003; 0.560276; 0.554932; 0.561533
58.6; 200422; 201022; 0.565619; 0.562227; 0.565672; 0.562151; 0.566218
58.8; 168393; 164899; 0.572483; 0.571734; 0.57231; 0.57198; 0.572702
59; 180804; 181345; 0.570581; 0.573258; 0.570844; 0.573152; 0.569982
59.2; 180387; 178149; 0.565341; 0.568143; 0.56536; 0.568239; 0.563486
59.4; 186549; 184723; 0.558307; 0.56405; 0.558449; 0.563925; 0.55607
59.6; 198023; 197781; 0.553603; 0.5598; 0.553562; 0.559827; 0.551043
59.8; 198530; 197618; 0.554602; 0.559537; 0.554211; 0.559904; 0.551818
60; 196780; 199081; 0.559322; 0.564016; 0.559323; 0.564051; 0.557797
60.2; 189265; 185361; 0.564875; 0.567398; 0.564911; 0.567418; 0.564242
60.4; 188522; 189035; 0.568547; 0.568314; 0.568384; 0.568568; 0.569457
60.6; 171909; 171101; 0.570936; 0.566843; 0.570837; 0.566913; 0.572446
60.8; 194822; 196438; 0.568207; 0.562901; 0.568394; 0.562658; 0.570477
61; 186108; 185253; 0.563073; 0.556803; 0.56298; 0.556856; 0.565593
61.2; 196803; 196042; 0.559745; 0.553772; 0.559727; 0.553817; 0.562262
61.4; 188148; 190712; 0.560253; 0.555039; 0.560294; 0.55508; 0.561828
61.6; 202050; 193088; 0.565481; 0.561757; 0.565609; 0.561781; 0.566223
61.8; 166865; 170801; 0.57222; 0.571524; 0.572222; 0.571656; 0.572626
62; 182199; 179516; 0.570773; 0.573282; 0.570815; 0.573278; 0.569943
62.2; 180068; 180141; 0.565848; 0.567974; 0.565735; 0.568072; 0.56352
62.4; 184737; 179475; 0.558371; 0.564315; 0.558418; 0.564276; 0.556277
62.6; 199720; 204321; 0.553666; 0.559922; 0.553773; 0.559907; 0.55128
62.8; 194823; 188308; 0.554221; 0.55962; 0.55413; 0.559878; 0.551899
63; 203615; 206541; 0.5591; 0.563795; 0.559142; 0.56391; 0.55769
63.2; 184695; 182826; 0.564856; 0.567207; 0.564751; 0.56727; 0.563855
63.4; 190306; 188896; 0.568386; 0.568444; 0.568148; 0.568584; 0.569084
63.6; 170622; 174211; 0.570509; 0.567304; 0.570617; 0.567223; 0.572508
63.8; 196754; 192658; 0.568026; 0.563347; 0.568536; 0.562819; 0.570614
64; 183954; 186255; 0.562892; 0.556991; 0.563085; 0.556878; 0.56579
64.2; 198578; 197044; 0.5594; 0.553871; 0.559621; 0.553742; 0.562206
64.4; 191388; 189822; 0.560192; 0.554858; 0.560158; 0.554936; 0.561732
64.6; 196114; 196713; 0.565338; 0.561545; 0.565266; 0.561588; 0.56581
64.8; 172462; 170596; 0.572444; 0.57131; 0.572412; 0.571332; 0.572549
65; 177672; 176550; 0.570854; 0.573648; 0.570994; 0.573566; 0.570297
65.2; 181286; 182374; 0.565867; 0.568374; 0.565974; 0.56839; 0.563999
65.4; 184399; 178956; 0.558683; 0.56451; 0.558791; 0.564535; 0.556733
65.6; 201595; 203136; 0.553655; 0.559931; 0.553731; 0.559995; 0.551355
65.8; 194048; 191931; 0.553951; 0.55935; 0.553959; 0.559433; 0.551415
66; 207540; 202796; 0.558625; 0.563708; 0.558626; 0.563731; 0.557227
66.2; 180562; 186252; 0.564862; 0.566766; 0.564773; 0.566807; 0.563549
66.4; 190766; 189175; 0.568239; 0.568511; 0.567993; 0.568695; 0.568948
66.6; 171893; 172246; 0.570588; 0.567569; 0.570606; 0.567522; 0.57257
66.8; 194377; 193552; 0.568805; 0.563099; 0.56883; 0.563198; 0.570951
67; 186043; 181734; 0.5633; 0.557236; 0.563423; 0.557258; 0.566225
67.2; 195345; 201222; 0.559561; 0.553792; 0.559662; 0.553811; 0.562343
67.4; 194061; 187363; 0.559891; 0.554617; 0.559898; 0.554621; 0.561405
67.6; 192413; 199785; 0.564858; 0.560944; 0.564836; 0.560933; 0.565388
67.8; 175787; 169116; 0.572257; 0.570876; 0.572184; 0.570918; 0.572311
68; 177304; 175972; 0.571071; 0.57384; 0.571151; 0.57384; 0.570553
68.2; 181700; 181093; 0.566322; 0.568638; 0.566425; 0.568676; 0.564492
68.4; 183474; 178988; 0.558989; 0.564765; 0.559059; 0.564846; 0.556984
68.6; 200772; 203755; 0.553723; 0.560043; 0.553793; 0.560118; 0.551536
68.8; 193416; 191912; 0.553872; 0.559277; 0.553888; 0.559284; 0.551199
69; 208108; 203438; 0.558615; 0.563456; 0.558622; 0.563424; 0.557005
69.2; 181432; 186168; 0.564578; 0.566973; 0.564513; 0.567; 0.563457
69.4; 190543; 190007; 0.567878; 0.56877; 0.567805; 0.568862; 0.568901
69.6; 170254; 173140; 0.570779; 0.567485; 0.570996; 0.567342; 0.572702
69.8; 197891; 190527; 0.56876; 0.5634; 0.568801; 0.563401; 0.570986
70; 182907; 184879; 0.563468; 0.557432; 0.563552; 0.557377; 0.56623
70.2; 196630; 198220; 0.559671; 0.553833; 0.559768; 0.553789; 0.562301
70.4; 192660; 193993; 0.559893; 0.554593; 0.559889; 0.554633; 0.561574
70.6; 198328; 190453; 0.56455; 0.560625; 0.564576; 0.560622; 0.565123
70.8; 170871; 174469; 0.57222; 0.570453; 0.572233; 0.570493; 0.572227
71; 180467; 176533; 0.571151; 0.573985; 0.571367; 0.573834; 0.570749
71.2; 177084; 183054; 0.56683; 0.568426; 0.565777; 0.569551; 0.564629
71.4; 186900; 178448; 0.559191; 0.564977; 0.559569; 0.564695; 0.55711
71.6; 197976; 201923; 0.553847; 0.560095; 0.553838; 0.560179; 0.551581
71.8; 198359; 196552; 0.553802; 0.559008; 0.553537; 0.559251; 0.550904
72; 201202; 198094; 0.558378; 0.563096; 0.558295; 0.563107; 0.556613
72.2; 188515; 192713; 0.564174; 0.567112; 0.56413; 0.567175; 0.563241
72.4; 185022; 183347; 0.567794; 0.568731; 0.568019; 0.568631; 0.568984
72.6; 175733; 173698; 0.571164; 0.567233; 0.570867; 0.567446; 0.572429
72.8; 192111; 193277; 0.56884; 0.563497; 0.568941; 0.563324; 0.570877
73; 188225; 185467; 0.563465; 0.557453; 0.563438; 0.557409; 0.566095
73.2; 186881; 197403; 0.55966; 0.553635; 0.559634; 0.553693; 0.56217
73.4; 198776; 188931; 0.559835; 0.55451; 0.559867; 0.554584; 0.561625
73.6; 198745; 197035; 0.564538; 0.560544; 0.564603; 0.560671; 0.565389
73.8; 174193; 169049; 0.572062; 0.570593; 0.57228; 0.570514; 0.572444
74; 171488; 176906; 0.571205; 0.574024; 0.571304; 0.573938; 0.57077
74.2; 185516; 186323; 0.566512; 0.56864; 0.566003; 0.569091; 0.564438
74.4; 179970; 176675; 0.559174; 0.564844; 0.559216; 0.564807; 0.556974
74.6; 204512; 203528; 0.553853; 0.56019; 0.553975; 0.560186; 0.551692
74.8; 191263; 192353; 0.553714; 0.559108; 0.553735; 0.559266; 0.551117
75; 210351; 202447; 0.558252; 0.563335; 0.558351; 0.563372; 0.556953
