0.004; 10191.4; 4996.09; 3.22559e-05; 3.21965e-05; 3.22519e-05; 3.21874e-05; 3.14487e-05
0.2; 73808.9; 63473.4; 0.0242084; 0.0223223; 0.02421; 0.0223252; 0.0231991
0.4; 89465; 107545; 0.132163; 0.133726; 0.132175; 0.133748; 0.132938
0.6; 65127.9; 60988; 0.284429; 0.285; 0.284477; 0.285008; 0.285224
0.8; 78107.7; 80562.4; 0.443636; 0.441781; 0.443679; 0.441806; 0.443199
1; 84528; 88749.5; 0.582711; 0.582363; 0.582676; 0.582443; 0.5833
1.2; 89093.5; 87867; 0.671815; 0.67046; 0.671577; 0.670584; 0.672175
1.4; 107221; 109820; 0.695739; 0.693589; 0.695628; 0.693543; 0.696432
1.6; 120341; 121260; 0.655322; 0.655352; 0.655292; 0.655363; 0.658093
1.8; 134279; 133046; 0.582717; 0.579005; 0.582789; 0.579045; 0.583925
2; 162278; 166080; 0.521678; 0.518858; 0.520907; 0.519664; 0.523307
2.2; 169037; 164396; 0.518144; 0.514379; 0.517041; 0.515513; 0.518738
2.4; 142571; 147746; 0.547075; 0.546797; 0.548386; 0.545484; 0.54944
2.6; 129944; 131233; 0.564994; 0.562449; 0.563852; 0.563596; 0.566059
2.8; 126767; 128168; 0.550053; 0.547658; 0.550497; 0.547303; 0.551355
3; 123039; 126478; 0.507831; 0.505069; 0.507035; 0.50584; 0.508779
3.2; 128591; 131293; 0.459245; 0.459108; 0.459358; 0.458935; 0.461205
3.4; 131731; 143857; 0.447209; 0.447696; 0.447656; 0.447109; 0.448798
3.6; 115641; 113648; 0.471494; 0.469613; 0.470586; 0.470386; 0.471183
3.8; 114605; 109963; 0.48794; 0.488515; 0.488764; 0.487615; 0.488838
4; 115420; 111314; 0.486511; 0.484866; 0.485514; 0.485926; 0.486087
4.2; 122250; 119062; 0.464174; 0.464733; 0.465314; 0.463748; 0.46457
4.4; 139549; 140248; 0.438962; 0.440255; 0.43859; 0.440735; 0.439408
4.6; 155112; 148303; 0.44167; 0.443027; 0.442672; 0.441948; 0.44113
4.8; 126187; 131393; 0.471648; 0.47183; 0.471574; 0.471717; 0.469863
5; 105917; 120518; 0.495656; 0.497837; 0.495451; 0.497958; 0.495095
5.2; 102079; 104477; 0.506497; 0.506391; 0.506066; 0.506756; 0.504407
5.4; 105142; 103314; 0.500606; 0.503374; 0.501635; 0.502431; 0.49989
5.6; 123399; 121003; 0.49394; 0.49481; 0.492955; 0.495996; 0.492267
5.8; 138859; 139434; 0.510189; 0.510501; 0.509835; 0.510772; 0.507419
6; 130810; 124353; 0.541377; 0.542544; 0.541001; 0.542668; 0.538823
6.2; 115452; 116903; 0.565538; 0.568418; 0.565354; 0.568453; 0.564239
6.4; 116438; 117375; 0.579045; 0.581035; 0.579355; 0.580833; 0.577686
6.6; 119471; 118060; 0.582358; 0.582721; 0.581884; 0.583582; 0.580444
6.8; 132656; 126252; 0.58097; 0.582583; 0.581158; 0.582879; 0.580085
7; 147447; 150654; 0.591623; 0.595077; 0.591612; 0.594968; 0.591023
7.2; 130666; 126357; 0.615531; 0.616917; 0.615305; 0.616866; 0.613949
7.4; 124089; 124895; 0.635564; 0.635115; 0.635551; 0.635007; 0.633628
7.6; 123149; 120431; 0.643582; 0.645577; 0.643564; 0.645766; 0.643828
7.8; 125733; 123104; 0.642218; 0.64388; 0.642614; 0.643862; 0.642793
8; 131993; 128608; 0.634766; 0.634919; 0.635325; 0.634813; 0.635232
8.2; 157818; 152998; 0.628691; 0.62815; 0.629023; 0.627879; 0.628606
8.4; 139605; 140950; 0.632567; 0.631277; 0.631756; 0.631629; 0.631778
8.6; 138099; 135632; 0.636627; 0.63728; 0.636479; 0.636868; 0.637267
8.8; 128863; 132272; 0.636943; 0.635969; 0.63755; 0.635096; 0.6375
9; 129850; 124946; 0.628086; 0.626104; 0.627332; 0.62705; 0.629134
9.2; 136557; 133428; 0.609953; 0.61024; 0.610592; 0.610181; 0.613112
9.4; 143413; 139909; 0.590757; 0.589025; 0.590853; 0.58961; 0.593133
9.6; 151147; 147288; 0.572824; 0.570036; 0.572212; 0.571045; 0.57449
9.8; 149982; 146552; 0.559073; 0.55648; 0.558744; 0.556568; 0.560152
10; 149504; 149036; 0.55015; 0.547344; 0.549912; 0.546824; 0.550383
10.2; 141162; 146925; 0.542353; 0.539878; 0.541561; 0.53982; 0.542749
10.4; 141731; 135695; 0.531834; 0.53039; 0.531165; 0.530549; 0.533259
10.6; 141385; 141158; 0.516868; 0.516085; 0.517556; 0.515505; 0.51923
10.8; 145587; 144968; 0.498803; 0.496922; 0.499687; 0.496714; 0.501308
11; 158919; 150821; 0.480357; 0.477382; 0.479987; 0.478497; 0.482101
11.2; 167700; 162528; 0.467513; 0.46674; 0.467418; 0.466795; 0.468684
11.4; 148005; 151762; 0.464333; 0.464589; 0.463987; 0.46395; 0.464789
11.6; 148277; 149224; 0.462603; 0.461742; 0.461714; 0.461354; 0.46169
11.8; 152696; 149849; 0.458349; 0.456243; 0.457996; 0.455892; 0.457348
12; 151979; 150897; 0.450669; 0.450674; 0.451048; 0.450554; 0.45152
12.2; 173889; 163775; 0.444371; 0.445698; 0.444827; 0.445966; 0.445685
12.4; 166995; 170601; 0.448813; 0.447693; 0.447884; 0.448529; 0.447651
12.6; 154166; 151565; 0.457945; 0.457761; 0.457768; 0.457075; 0.455731
12.8; 156804; 158884; 0.465561; 0.466762; 0.465319; 0.466017; 0.463562
13; 156851; 156578; 0.470601; 0.47306; 0.470241; 0.472888; 0.469486
13.2; 166249; 162522; 0.475751; 0.477573; 0.476424; 0.47711; 0.474801
13.4; 178923; 170946; 0.485137; 0.485687; 0.485584; 0.485947; 0.484077
13.6; 165368; 166210; 0.500299; 0.500891; 0.500265; 0.500908; 0.498222
13.8; 164975; 162748; 0.516526; 0.519441; 0.516862; 0.518281; 0.514337
14; 161304; 166162; 0.533619; 0.536119; 0.532746; 0.535884; 0.530574
14.2; 164237; 160097; 0.549178; 0.550378; 0.548601; 0.550193; 0.545852
14.4; 163859; 166965; 0.562173; 0.563034; 0.562291; 0.562969; 0.55977
14.6; 169564; 165425; 0.573386; 0.574998; 0.573633; 0.575617; 0.572601
14.8; 172910; 165110; 0.584659; 0.586782; 0.584976; 0.587714; 0.585046
15; 170620; 171342; 0.596516; 0.599276; 0.597271; 0.599561; 0.597217
15.2; 171537; 165775; 0.609457; 0.611418; 0.609563; 0.611673; 0.609148
15.4; 169650; 170087; 0.621318; 0.623002; 0.62114; 0.622797; 0.620211
15.6; 162729; 165069; 0.630711; 0.631979; 0.630702; 0.631152; 0.629069
15.8; 166035; 165962; 0.636403; 0.637134; 0.63651; 0.636259; 0.634893
16; 164882; 164175; 0.637866; 0.63841; 0.638131; 0.637936; 0.637474
16.2; 170701; 168549; 0.635991; 0.636506; 0.636367; 0.636587; 0.636944
16.4; 172886; 168613; 0.63196; 0.632743; 0.632362; 0.633275; 0.634228
16.6; 175529; 171134; 0.627567; 0.627709; 0.628095; 0.628146; 0.630013
16.8; 172173; 169841; 0.622715; 0.622189; 0.623265; 0.62215; 0.624584
17; 171161; 171192; 0.616619; 0.615741; 0.617104; 0.615122; 0.617815
17.2; 169812; 167872; 0.608338; 0.607209; 0.608521; 0.606366; 0.608933
17.4; 166441; 169600; 0.597362; 0.595563; 0.59718; 0.594947; 0.597653
17.6; 171367; 170274; 0.583621; 0.580986; 0.583191; 0.580934; 0.584159
17.8; 172107; 173163; 0.56749; 0.564923; 0.567347; 0.565159; 0.568958
18; 177254; 173520; 0.550964; 0.548461; 0.551458; 0.548593; 0.553342
18.2; 179853; 177366; 0.535498; 0.532658; 0.535979; 0.532992; 0.538012
18.4; 178475; 174197; 0.52132; 0.518444; 0.521312; 0.51906; 0.523495
18.6; 180090; 179344; 0.508305; 0.505624; 0.508225; 0.505805; 0.509754
18.8; 175607; 174364; 0.496026; 0.493557; 0.496004; 0.493172; 0.496674
19; 176788; 179883; 0.484095; 0.481663; 0.483723; 0.481403; 0.484159
19.2; 177784; 177787; 0.472372; 0.470052; 0.471955; 0.469971; 0.472389
19.4; 186130; 184489; 0.461755; 0.460068; 0.461921; 0.459908; 0.462453
19.6; 189836; 183036; 0.454377; 0.453364; 0.454747; 0.453236; 0.455166
19.8; 182017; 183993; 0.451202; 0.449912; 0.451015; 0.449953; 0.451165
20; 179096; 178432; 0.448973; 0.448023; 0.448085; 0.448463; 0.448176
20.2; 186087; 193068; 0.447235; 0.446813; 0.446325; 0.447517; 0.446552
20.4; 195110; 181776; 0.448799; 0.448444; 0.448685; 0.448763; 0.448395
20.6; 181507; 185489; 0.453277; 0.453157; 0.453534; 0.452828; 0.452108
20.8; 189317; 189446; 0.458699; 0.458861; 0.458272; 0.458994; 0.457028
21; 187214; 191016; 0.465612; 0.466254; 0.464699; 0.467135; 0.464188
21.2; 191423; 185950; 0.474963; 0.476123; 0.474735; 0.476692; 0.473991
21.4; 194005; 193753; 0.486217; 0.488171; 0.486995; 0.487956; 0.485708
21.6; 187799; 187799; 0.499243; 0.501923; 0.500348; 0.501341; 0.498741
21.8; 194887; 189333; 0.514341; 0.51646; 0.514779; 0.516285; 0.513022
22; 185666; 189499; 0.529982; 0.531909; 0.529652; 0.532163; 0.528001
22.2; 190035; 188722; 0.545304; 0.547553; 0.544697; 0.547833; 0.543119
22.4; 184118; 187636; 0.559821; 0.562664; 0.559908; 0.562209; 0.557983
22.6; 189156; 187253; 0.573862; 0.576434; 0.574131; 0.575964; 0.572273
22.8; 187643; 188685; 0.587258; 0.589002; 0.587257; 0.589124; 0.585889
23; 189632; 186213; 0.599471; 0.600916; 0.599207; 0.601539; 0.598561
23.2; 185607; 187735; 0.610236; 0.612082; 0.610265; 0.612512; 0.609957
23.4; 189063; 183278; 0.619671; 0.621844; 0.620145; 0.621706; 0.619637
23.6; 181446; 185061; 0.627987; 0.629065; 0.628043; 0.629093; 0.627481
23.8; 186387; 181428; 0.633693; 0.634227; 0.633226; 0.634496; 0.6329
24; 178275; 185929; 0.636514; 0.636935; 0.635989; 0.637149; 0.635971
24.2; 183946; 181467; 0.636503; 0.637106; 0.636641; 0.636716; 0.636589
24.4; 179247; 181753; 0.634152; 0.634603; 0.63484; 0.63391; 0.634968
24.6; 183631; 183646; 0.629888; 0.62973; 0.630611; 0.629281; 0.631194
24.8; 182050; 180932; 0.623908; 0.622897; 0.624277; 0.622978; 0.625423
25; 181666; 179293; 0.616274; 0.614327; 0.61622; 0.614813; 0.617661
25.2; 183382; 182117; 0.60658; 0.604462; 0.60646; 0.604827; 0.607895
25.4; 178797; 182177; 0.595071; 0.593049; 0.59521; 0.592881; 0.596315
25.6; 183061; 178118; 0.582137; 0.579884; 0.582153; 0.579637; 0.583217
25.8; 179751; 186011; 0.567959; 0.565379; 0.567609; 0.565502; 0.569038
26; 184015; 179384; 0.552748; 0.550175; 0.552505; 0.550347; 0.554138
26.2; 182296; 187841; 0.537225; 0.534848; 0.537401; 0.534845; 0.539097
26.4; 186349; 180867; 0.522188; 0.519744; 0.5225; 0.519784; 0.524193
26.6; 184941; 187961; 0.507959; 0.505322; 0.508058; 0.505615; 0.509799
26.8; 187838; 182781; 0.49454; 0.492014; 0.494501; 0.492329; 0.4961
27; 184103; 188435; 0.482099; 0.479878; 0.482189; 0.479849; 0.483268
27.2; 186930; 186187; 0.47115; 0.469193; 0.471251; 0.469029; 0.471957
27.4; 186881; 190047; 0.461985; 0.46017; 0.461926; 0.460218; 0.462562
27.6; 193750; 186576; 0.454659; 0.453111; 0.45462; 0.453179; 0.454962
27.8; 188393; 195265; 0.450188; 0.44906; 0.450255; 0.448914; 0.450253
28; 186965; 185115; 0.447234; 0.447241; 0.447407; 0.447023; 0.447432
28.2; 192774; 193733; 0.446408; 0.447175; 0.446784; 0.446808; 0.446665
28.4; 188437; 189516; 0.447934; 0.449034; 0.448403; 0.448552; 0.44789
28.6; 190340; 189135; 0.452096; 0.452715; 0.452502; 0.452301; 0.451408
28.8; 192065; 192305; 0.458337; 0.458142; 0.458192; 0.458288; 0.456868
29; 191509; 189274; 0.465527; 0.465996; 0.465313; 0.466217; 0.464049
29.2; 191266; 193511; 0.474687; 0.476186; 0.47478; 0.476105; 0.473438
29.4; 192808; 192811; 0.48596; 0.48836; 0.486324; 0.48801; 0.484857
29.6; 191275; 190316; 0.499488; 0.501877; 0.499675; 0.501709; 0.498152
29.8; 189516; 191574; 0.514577; 0.516543; 0.514292; 0.516874; 0.512883
30; 189481; 189512; 0.530257; 0.531758; 0.529716; 0.532358; 0.52827
30.2; 186138; 187647; 0.545704; 0.546924; 0.545192; 0.54752; 0.543584
30.4; 189520; 187385; 0.560237; 0.561785; 0.559825; 0.562242; 0.558319
30.6; 185009; 186259; 0.573691; 0.576028; 0.573614; 0.57613; 0.572318
30.8; 188355; 187835; 0.586576; 0.58916; 0.586682; 0.58907; 0.585501
31; 185375; 188014; 0.59894; 0.60116; 0.598931; 0.601204; 0.597925
31.2; 187065; 184407; 0.610165; 0.612222; 0.6101; 0.612337; 0.609392
31.4; 183038; 185836; 0.619998; 0.62175; 0.620161; 0.621664; 0.619434
31.6; 183278; 181632; 0.628044; 0.629176; 0.628237; 0.629059; 0.627526
31.8; 182340; 184832; 0.633524; 0.634384; 0.633688; 0.63429; 0.633268
32; 179954; 180922; 0.636219; 0.636973; 0.636383; 0.636891; 0.636393
32.2; 184044; 180866; 0.636318; 0.636879; 0.636347; 0.636927; 0.636853
32.4; 179927; 181833; 0.634046; 0.634497; 0.633963; 0.634632; 0.634925
32.6; 183559; 182758; 0.629735; 0.629941; 0.62982; 0.629887; 0.630891
32.8; 179390; 181844; 0.623582; 0.623562; 0.623692; 0.623504; 0.625044
33; 183668; 181376; 0.615674; 0.61542; 0.615633; 0.615534; 0.61741
33.2; 179886; 182975; 0.606068; 0.605373; 0.606101; 0.605437; 0.607914
33.4; 182561; 180112; 0.59455; 0.593681; 0.594733; 0.593606; 0.59658
33.6; 179310; 182474; 0.581363; 0.580485; 0.581567; 0.580404; 0.583628
33.8; 183756; 181544; 0.566985; 0.566063; 0.567004; 0.566149; 0.569372
34; 181270; 183534; 0.551931; 0.550866; 0.551897; 0.550986; 0.55431
34.2; 186334; 183253; 0.536783; 0.535517; 0.536907; 0.535456; 0.539026
34.4; 181687; 187752; 0.521941; 0.520552; 0.522207; 0.520345; 0.524085
34.6; 189702; 184374; 0.507707; 0.506248; 0.508162; 0.505841; 0.509678
34.8; 179500; 188078; 0.494281; 0.492809; 0.494884; 0.492284; 0.496106
35; 191091; 183906; 0.481985; 0.480366; 0.482318; 0.480129; 0.483494
35.2; 185025; 188749; 0.471312; 0.469197; 0.471156; 0.469413; 0.472244
35.4; 188671; 186290; 0.46204; 0.460111; 0.461755; 0.460401; 0.462567
35.6; 192084; 195378; 0.454436; 0.453334; 0.454534; 0.453234; 0.454933
35.8; 185654; 185814; 0.449895; 0.449283; 0.450344; 0.448859; 0.450359
36; 191283; 191977; 0.44713; 0.447269; 0.447492; 0.446919; 0.447471
36.2; 186720; 189353; 0.446348; 0.447127; 0.446553; 0.446916; 0.44661
36.4; 194555; 190974; 0.447869; 0.4491; 0.447825; 0.449129; 0.4479
36.6; 186722; 191712; 0.451873; 0.452901; 0.451718; 0.453068; 0.451416
36.8; 192790; 190847; 0.457887; 0.458406; 0.457764; 0.458541; 0.456821
37; 188304; 192330; 0.465685; 0.465699; 0.465672; 0.465738; 0.463986
37.2; 194144; 190761; 0.475079; 0.475668; 0.475121; 0.4756; 0.473309
37.4; 189331; 194467; 0.486367; 0.487773; 0.486335; 0.487795; 0.48475
37.6; 193266; 189813; 0.499724; 0.501444; 0.499612; 0.501565; 0.498031
37.8; 188320; 193981; 0.514576; 0.51636; 0.514345; 0.516663; 0.512845
38; 190084; 187619; 0.530008; 0.531819; 0.529684; 0.532256; 0.528246
38.2; 184906; 189113; 0.545179; 0.54727; 0.544953; 0.54764; 0.543601
38.4; 188805; 184790; 0.559543; 0.562265; 0.55971; 0.562194; 0.558308
38.6; 185494; 190396; 0.573404; 0.576088; 0.573586; 0.575954; 0.572204
38.8; 188453; 186002; 0.586854; 0.588649; 0.586562; 0.588941; 0.585359
39; 185284; 189428; 0.599173; 0.600668; 0.598729; 0.60111; 0.597753
39.2; 186343; 186343; 0.610235; 0.611929; 0.610196; 0.612001; 0.609238
39.4; 183754; 183906; 0.619834; 0.621699; 0.620172; 0.621457; 0.619347
39.6; 182871; 184701; 0.627847; 0.629136; 0.627954; 0.629163; 0.627486
39.8; 180913; 181129; 0.633468; 0.634129; 0.633255; 0.634482; 0.633231
40; 180872; 183462; 0.636303; 0.636633; 0.636061; 0.636988; 0.636301
40.2; 181328; 181410; 0.636464; 0.636606; 0.636398; 0.636729; 0.636745
40.4; 182160; 180729; 0.633967; 0.634506; 0.634098; 0.634388; 0.634841
40.6; 181210; 185087; 0.6297; 0.630033; 0.629721; 0.630028; 0.630899
40.8; 181061; 180380; 0.623902; 0.623391; 0.623719; 0.623615; 0.625093
41; 181531; 182333; 0.616043; 0.615243; 0.615966; 0.6154; 0.617479
41.2; 180950; 181404; 0.606292; 0.605392; 0.606467; 0.605329; 0.608047
41.4; 182025; 181400; 0.594703; 0.593801; 0.595063; 0.593559; 0.596738
41.6; 179547; 181854; 0.581543; 0.580546; 0.581923; 0.580258; 0.583708
41.8; 183436; 183716; 0.567242; 0.56595; 0.567529; 0.565732; 0.569382
42; 181933; 182577; 0.552244; 0.550699; 0.552403; 0.550595; 0.55432
42.2; 184411; 185772; 0.537199; 0.5353; 0.537272; 0.535275; 0.539131
42.4; 183266; 185774; 0.522578; 0.520141; 0.522577; 0.520192; 0.524171
42.6; 185979; 183415; 0.508559; 0.505731; 0.508581; 0.505748; 0.509803
42.8; 184294; 187654; 0.494978; 0.492463; 0.495063; 0.492469; 0.49629
43; 186693; 185957; 0.482398; 0.480172; 0.482433; 0.480243; 0.483633
43.2; 188105; 189125; 0.471413; 0.46936; 0.471409; 0.469386; 0.472322
43.4; 185564; 187209; 0.46208; 0.460325; 0.46209; 0.460292; 0.462621
43.6; 193151; 193975; 0.454808; 0.453057; 0.454812; 0.453068; 0.455025
43.8; 185516; 188197; 0.450413; 0.449093; 0.450425; 0.449117; 0.450529
44; 189671; 187687; 0.44753; 0.447192; 0.447567; 0.447179; 0.447671
44.2; 189367; 195972; 0.446588; 0.446919; 0.446646; 0.446862; 0.446619
44.4; 191899; 186001; 0.447992; 0.448825; 0.448068; 0.44874; 0.447832
44.6; 188760; 195282; 0.451885; 0.452751; 0.451962; 0.452658; 0.451312
44.8; 191384; 190524; 0.458002; 0.458301; 0.458076; 0.458224; 0.456797
45; 188218; 191081; 0.465677; 0.465739; 0.465657; 0.465788; 0.464
45.2; 194413; 192976; 0.475092; 0.475598; 0.475081; 0.47565; 0.473393
45.4; 188327; 192513; 0.486355; 0.487561; 0.486466; 0.487485; 0.484682
45.6; 192930; 191379; 0.499495; 0.501274; 0.499754; 0.501055; 0.497876
45.8; 188536; 191676; 0.514242; 0.516227; 0.514717; 0.515786; 0.512541
46; 189834; 189733; 0.529705; 0.531702; 0.530262; 0.531193; 0.527936
46.2; 186570; 188854; 0.544996; 0.547114; 0.545348; 0.546838; 0.543339
46.4; 186210; 187282; 0.559622; 0.561976; 0.559791; 0.561893; 0.558164
46.6; 187749; 188208; 0.573464; 0.575945; 0.573448; 0.576042; 0.572221
46.8; 185587; 186735; 0.586529; 0.588884; 0.586486; 0.588984; 0.585398
47; 187140; 188244; 0.598685; 0.601014; 0.598803; 0.600915; 0.597701
47.2; 182692; 186510; 0.609977; 0.611962; 0.61005; 0.61189; 0.609079
47.4; 186650; 185524; 0.620018; 0.621297; 0.619781; 0.621544; 0.619114
47.6; 181280; 181944; 0.627887; 0.629047; 0.627615; 0.629357; 0.627333
47.8; 182103; 185500; 0.633146; 0.634642; 0.633228; 0.634624; 0.633219
48; 180485; 179922; 0.636219; 0.637046; 0.636359; 0.636985; 0.636412
48.2; 180993; 183258; 0.636784; 0.636573; 0.636769; 0.636687; 0.636937
48.4; 180903; 179906; 0.634791; 0.633788; 0.634636; 0.634032; 0.634978
48.6; 184049; 183573; 0.630504; 0.629209; 0.630293; 0.629492; 0.630946
48.8; 180021; 184026; 0.624148; 0.623015; 0.624051; 0.623198; 0.625075
49; 181612; 179983; 0.616251; 0.615009; 0.616165; 0.615169; 0.617472
49.2; 180235; 184812; 0.606508; 0.605374; 0.606444; 0.60552; 0.608096
49.4; 180222; 179177; 0.594876; 0.593981; 0.594813; 0.594128; 0.596865
49.6; 182608; 183611; 0.581696; 0.580818; 0.581725; 0.580882; 0.583933
49.8; 180441; 181836; 0.567373; 0.566213; 0.567489; 0.566196; 0.56962
50; 183809; 183361; 0.55254; 0.550713; 0.552603; 0.550744; 0.554528
50.2; 183414; 184868; 0.537713; 0.534954; 0.537706; 0.535047; 0.539253
50.4; 185970; 186005; 0.522847; 0.519951; 0.522879; 0.520005; 0.524261
50.6; 183287; 184940; 0.508355; 0.505982; 0.508451; 0.50598; 0.509919
50.8; 186114; 187427; 0.495014; 0.492612; 0.495047; 0.492673; 0.496388
51; 184425; 183201; 0.482668; 0.480255; 0.482645; 0.480346; 0.483752
51.2; 188622; 191735; 0.471522; 0.469403; 0.471581; 0.469375; 0.472408
51.4; 187127; 186521; 0.462128; 0.460277; 0.462167; 0.460211; 0.462644
51.6; 192122; 194188; 0.454828; 0.45319; 0.454776; 0.453235; 0.455066
51.8; 186136; 185931; 0.450462; 0.449006; 0.450435; 0.449014; 0.450444
52; 191001; 191050; 0.447801; 0.446707; 0.447853; 0.446658; 0.447513
52.2; 187580; 192050; 0.447107; 0.446311; 0.447093; 0.446307; 0.446543
52.4; 192515; 190922; 0.448757; 0.448114; 0.44877; 0.448116; 0.447881
52.6; 187499; 189676; 0.452517; 0.45203; 0.452508; 0.452019; 0.451244
52.8; 192149; 192893; 0.457978; 0.458077; 0.45797; 0.458091; 0.456691
53; 189900; 190421; 0.465359; 0.465841; 0.465378; 0.46586; 0.463936
53.2; 193033; 192820; 0.47485; 0.475484; 0.474884; 0.475482; 0.473188
53.4; 189783; 191168; 0.486414; 0.487142; 0.486451; 0.487117; 0.484481
53.6; 193807; 193740; 0.499895; 0.500689; 0.4999; 0.500706; 0.497735
53.8; 185980; 190910; 0.514671; 0.51563; 0.514665; 0.515708; 0.512508
54; 192852; 189209; 0.529942; 0.53132; 0.529999; 0.531336; 0.527902
54.2; 184074; 187918; 0.545136; 0.546838; 0.54528; 0.54678; 0.543278
54.4; 189884; 186959; 0.55966; 0.561644; 0.559933; 0.561473; 0.558052
54.6; 183358; 188722; 0.573298; 0.575688; 0.573732; 0.575343; 0.572
54.8; 189663; 187343; 0.586246; 0.588754; 0.586603; 0.588443; 0.585162
55; 184990; 186687; 0.598575; 0.600777; 0.598411; 0.600965; 0.597549
55.2; 187842; 186436; 0.610022; 0.611721; 0.60986; 0.611907; 0.609009
55.4; 180943; 184751; 0.619892; 0.621332; 0.620238; 0.621047; 0.619125
55.6; 185191; 184296; 0.627702; 0.629159; 0.628512; 0.628433; 0.627339
55.8; 179361; 181323; 0.633264; 0.634359; 0.633945; 0.63377; 0.633157
56; 185171; 180769; 0.636264; 0.636819; 0.636459; 0.636703; 0.636316
56.2; 178152; 180266; 0.636537; 0.636668; 0.636312; 0.636968; 0.636833
56.4; 185044; 184238; 0.634132; 0.634454; 0.63407; 0.634563; 0.634948
56.6; 179006; 182501; 0.629745; 0.630081; 0.630216; 0.629643; 0.63095
56.8; 184172; 183122; 0.623895; 0.623513; 0.624411; 0.623028; 0.62512
57; 179176; 180367; 0.616284; 0.615206; 0.616658; 0.614912; 0.617585
57.2; 182740; 182377; 0.606944; 0.605097; 0.607102; 0.605069; 0.608235
57.4; 181133; 180091; 0.595742; 0.593266; 0.595658; 0.593493; 0.597002
57.6; 180059; 182703; 0.582509; 0.580204; 0.582527; 0.580316; 0.584053
57.8; 182807; 181023; 0.568094; 0.565852; 0.568296; 0.565721; 0.569754
58; 183814; 184862; 0.553077; 0.550625; 0.553255; 0.550481; 0.554663
58.2; 184318; 183387; 0.53795; 0.535166; 0.53784; 0.535275; 0.53935
58.4; 184280; 185915; 0.522977; 0.520203; 0.522866; 0.520341; 0.524369
58.6; 185116; 184458; 0.508538; 0.506115; 0.508724; 0.506011; 0.510072
58.8; 185566; 185774; 0.495036; 0.492771; 0.495222; 0.492722; 0.496533
59; 186205; 185079; 0.48272; 0.480258; 0.482693; 0.48045; 0.483929
59.2; 189370; 188469; 0.471678; 0.469437; 0.471698; 0.469477; 0.472546
59.4; 186866; 187664; 0.462077; 0.460645; 0.46222; 0.460424; 0.462726
59.6; 191836; 193918; 0.454647; 0.453467; 0.454773; 0.453336; 0.455129
59.8; 186645; 185590; 0.450379; 0.449182; 0.450346; 0.449288; 0.450616
60; 191503; 189875; 0.447773; 0.446901; 0.447632; 0.447084; 0.447674
60.2; 188661; 192730; 0.447126; 0.446338; 0.447083; 0.446372; 0.446589
60.4; 192520; 188345; 0.448638; 0.448182; 0.448724; 0.448092; 0.447811
60.6; 188818; 192841; 0.452426; 0.452039; 0.452368; 0.452083; 0.451247
60.8; 192162; 188529; 0.458037; 0.45796; 0.457993; 0.458007; 0.456651
61; 189783; 193266; 0.465434; 0.465625; 0.465524; 0.465556; 0.463825
61.2; 192811; 190239; 0.474886; 0.475374; 0.474835; 0.475413; 0.473095
61.4; 191164; 194075; 0.486228; 0.48725; 0.486065; 0.487407; 0.484416
61.6; 193556; 189929; 0.499487; 0.5008; 0.499264; 0.501061; 0.497628
61.8; 188549; 191498; 0.514362; 0.515602; 0.514009; 0.516054; 0.51239
62; 190623; 187652; 0.529739; 0.531115; 0.529266; 0.531715; 0.527774
62.2; 187547; 188923; 0.544808; 0.546752; 0.544478; 0.547205; 0.543125
62.4; 187775; 185672; 0.559265; 0.56182; 0.559372; 0.561793; 0.557924
62.6; 186408; 188595; 0.573122; 0.575757; 0.573391; 0.575523; 0.571873
62.8; 187257; 186617; 0.586305; 0.588667; 0.586291; 0.588672; 0.585064
63; 186979; 187386; 0.59862; 0.600667; 0.598422; 0.600855; 0.597464
63.2; 187212; 184088; 0.609785; 0.61178; 0.609906; 0.611684; 0.608921
63.4; 182817; 186726; 0.619503; 0.621513; 0.619793; 0.621293; 0.619037
63.6; 184963; 180135; 0.627617; 0.629017; 0.627558; 0.629189; 0.62728
63.8; 180631; 183784; 0.633323; 0.634305; 0.63311; 0.634653; 0.633235
64; 183371; 179303; 0.635985; 0.637229; 0.636177; 0.637123; 0.636398
64.2; 180043; 185007; 0.636371; 0.637175; 0.636584; 0.63702; 0.636963
64.4; 181592; 177004; 0.634657; 0.63431; 0.634461; 0.634547; 0.635114
64.6; 183524; 185173; 0.630706; 0.6294; 0.630121; 0.630027; 0.631093
64.8; 182435; 181171; 0.624563; 0.623008; 0.623915; 0.623701; 0.625211
65; 181524; 181103; 0.616415; 0.615163; 0.616162; 0.615496; 0.617635
65.2; 179491; 182843; 0.606515; 0.605589; 0.606686; 0.605532; 0.608251
65.4; 183276; 179388; 0.594931; 0.594184; 0.595368; 0.593874; 0.597043
65.6; 181435; 183116; 0.582122; 0.580856; 0.582448; 0.580648; 0.584173
65.8; 182433; 179851; 0.568141; 0.56614; 0.568254; 0.566128; 0.569972
66; 182944; 184678; 0.553396; 0.55063; 0.553353; 0.550758; 0.55491
66.2; 185785; 182230; 0.538132; 0.535255; 0.538179; 0.535278; 0.539564
66.4; 183983; 186998; 0.522963; 0.520409; 0.523085; 0.520357; 0.524537
66.6; 186160; 183782; 0.508649; 0.506082; 0.508656; 0.506148; 0.510102
66.8; 185494; 186984; 0.495271; 0.492601; 0.495258; 0.492719; 0.496537
67; 187501; 184827; 0.482815; 0.480263; 0.482933; 0.480275; 0.48391
67.2; 189883; 188853; 0.47176; 0.469506; 0.471753; 0.469563; 0.4726
67.4; 184934; 183989; 0.462219; 0.460602; 0.462087; 0.460735; 0.462916
67.6; 193937; 194033; 0.454865; 0.453433; 0.454713; 0.453578; 0.45522
67.8; 184259; 188187; 0.450553; 0.448997; 0.450466; 0.449086; 0.450508
68; 194945; 188368; 0.447773; 0.446776; 0.447836; 0.446732; 0.44758
68.2; 187761; 191577; 0.447145; 0.446319; 0.447149; 0.446297; 0.446569
68.4; 192457; 188237; 0.44873; 0.448078; 0.448694; 0.448119; 0.447846
68.6; 189379; 192052; 0.452383; 0.451924; 0.452428; 0.45187; 0.451155
68.8; 192416; 188711; 0.457869; 0.457904; 0.457829; 0.457921; 0.456511
69; 191032; 192662; 0.465199; 0.465652; 0.465071; 0.46577; 0.463706
69.2; 190639; 190329; 0.474675; 0.475264; 0.474572; 0.475358; 0.472942
69.4; 195045; 194155; 0.486251; 0.486926; 0.486312; 0.486898; 0.484323
69.6; 189462; 190377; 0.499687; 0.500411; 0.499763; 0.500421; 0.497603
69.8; 192503; 190811; 0.514348; 0.515421; 0.51432; 0.515591; 0.512347
70; 187820; 186089; 0.529544; 0.531071; 0.529496; 0.531255; 0.527667
70.2; 189096; 190014; 0.544749; 0.546536; 0.544632; 0.546748; 0.542946
70.4; 187125; 185225; 0.559322; 0.561349; 0.559113; 0.56161; 0.557664
70.6; 186881; 188630; 0.57298; 0.575411; 0.572888; 0.575521; 0.571612
70.8; 187593; 185940; 0.586006; 0.588514; 0.586112; 0.588402; 0.584842
71; 187322; 186653; 0.598429; 0.600496; 0.598433; 0.600514; 0.597319
71.2; 186824; 187885; 0.60984; 0.611462; 0.60973; 0.611636; 0.608843
71.4; 183864; 183392; 0.619747; 0.621175; 0.61963; 0.621377; 0.618992
71.6; 186772; 182473; 0.627456; 0.629167; 0.627605; 0.629096; 0.627224
71.8; 177863; 181342; 0.633028; 0.634468; 0.633102; 0.634451; 0.633062
72; 185317; 181913; 0.636254; 0.636785; 0.63606; 0.637018; 0.636231
72.2; 179065; 179226; 0.636722; 0.636506; 0.636529; 0.636754; 0.636789
72.4; 186393; 181680; 0.634671; 0.633979; 0.634452; 0.63429; 0.635015
72.6; 177716; 182998; 0.630352; 0.629623; 0.630076; 0.630021; 0.631135
72.8; 188330; 181341; 0.624122; 0.6236; 0.623927; 0.623931; 0.62541
73; 177086; 181203; 0.616044; 0.615875; 0.616266; 0.615802; 0.617894
73.2; 184485; 180880; 0.606532; 0.606051; 0.60676; 0.60595; 0.608507
73.4; 178917; 180388; 0.595464; 0.594177; 0.59531; 0.594409; 0.597243
73.6; 184397; 180719; 0.582625; 0.580729; 0.582204; 0.581181; 0.584236
73.8; 180791; 182185; 0.568465; 0.565998; 0.567953; 0.566555; 0.569957
74; 184907; 183776; 0.553368; 0.550791; 0.553019; 0.551231; 0.554978
74.2; 183480; 183621; 0.53805; 0.53556; 0.538035; 0.535702; 0.539783
74.4; 186853; 183538; 0.523137; 0.520646; 0.523437; 0.520509; 0.524859
74.6; 184880; 184292; 0.508978; 0.506249; 0.508968; 0.506431; 0.510472
74.8; 186346; 186365; 0.495515; 0.492836; 0.495311; 0.493173; 0.496817
75; 188299; 185303; 0.482821; 0.480709; 0.482965; 0.480666; 0.484117
75.2; 186874; 190793; 0.471773; 0.469836; 0.471986; 0.469632; 0.472719
75.4; 186746; 181860; 0.462594; 0.460441; 0.462395; 0.460614; 0.462966
75.6; 195902; 196876; 0.454939; 0.453301; 0.454974; 0.453292; 0.45524
75.8; 183813; 182425; 0.450229; 0.449405; 0.450596; 0.449063; 0.450579
76; 194626; 192832; 0.447402; 0.44721; 0.447581; 0.447045; 0.447621
76.2; 188555; 189166; 0.446601; 0.446723; 0.446521; 0.446797; 0.44654
76.4; 191468; 189360; 0.448068; 0.448628; 0.447728; 0.448967; 0.447784
76.6; 189184; 190765; 0.451696; 0.45269; 0.451453; 0.452906; 0.451219
76.8; 194904; 191236; 0.457171; 0.458503; 0.457414; 0.458242; 0.456473
77; 185936; 189975; 0.464525; 0.466005; 0.465216; 0.465297; 0.46353
77.2; 197692; 191353; 0.474012; 0.475551; 0.474577; 0.475046; 0.472867
77.4; 188914; 191199; 0.485501; 0.487144; 0.485443; 0.487316; 0.484171
77.6; 193644; 192340; 0.499042; 0.500467; 0.498519; 0.501147; 0.497433
77.8; 190069; 189030; 0.514029; 0.515264; 0.513466; 0.515952; 0.51209
78; 190566; 190116; 0.529362; 0.530939; 0.529089; 0.531249; 0.527373
78.2; 186848; 185733; 0.544467; 0.546624; 0.544487; 0.546573; 0.542673
78.4; 188534; 186198; 0.558904; 0.561662; 0.55917; 0.561329; 0.557437
78.6; 187780; 188898; 0.572787; 0.575517; 0.572816; 0.575435; 0.57147
78.8; 185969; 186951; 0.58598; 0.588327; 0.585783; 0.588541; 0.584787
79; 188581; 185137; 0.59815; 0.600459; 0.598371; 0.60031; 0.597207
79.2; 183899; 187369; 0.609525; 0.611496; 0.609989; 0.611161; 0.608796
79.4; 189511; 182358; 0.619544; 0.621113; 0.619926; 0.620854; 0.61892
79.6; 178660; 183388; 0.627571; 0.628853; 0.627857; 0.62866; 0.627124
79.8; 186782; 182571; 0.633298; 0.634173; 0.633362; 0.634121; 0.632958
80; 178646; 178101; 0.636185; 0.636839; 0.636082; 0.636916; 0.636136
80.2; 182831; 185314; 0.636352; 0.636959; 0.636256; 0.637024; 0.636719
80.4; 182426; 179205; 0.634123; 0.634637; 0.634267; 0.634525; 0.634982
80.6; 183815; 182307; 0.629961; 0.630139; 0.630123; 0.630094; 0.631196
80.8; 180500; 181783; 0.624109; 0.623694; 0.624099; 0.6239; 0.625545
81; 183642; 181113; 0.616482; 0.61556; 0.616402; 0.615854; 0.618036
81.2; 181744; 180598; 0.607005; 0.605754; 0.606969; 0.605948; 0.608621
81.4; 181771; 181038; 0.595615; 0.594233; 0.595626; 0.594317; 0.59736
81.6; 180654; 180754; 0.582529; 0.581067; 0.582559; 0.581101; 0.584416
81.8; 182262; 182665; 0.568122; 0.56664; 0.568221; 0.566621; 0.570173
82; 184696; 182839; 0.55296; 0.551517; 0.553105; 0.551489; 0.555177
82.2; 183976; 183679; 0.537656; 0.536202; 0.537834; 0.536186; 0.539951
82.4; 184778; 185637; 0.522765; 0.521178; 0.522953; 0.521176; 0.524986
82.6; 185930; 183085; 0.508594; 0.506842; 0.508853; 0.506765; 0.510615
82.8; 185981; 185542; 0.4954; 0.493227; 0.495663; 0.493121; 0.496982
83; 186551; 184629; 0.483191; 0.48055; 0.483182; 0.480689; 0.484249
83.2; 188695; 190310; 0.471941; 0.469743; 0.471949; 0.469799; 0.472847
83.4; 187707; 184010; 0.462326; 0.460839; 0.462559; 0.460671; 0.463158
83.6; 191487; 194079; 0.45494; 0.453514; 0.455074; 0.453397; 0.455354
83.8; 188044; 187090; 0.450725; 0.449057; 0.450557; 0.449159; 0.450508
84; 190684; 192785; 0.447671; 0.44692; 0.447687; 0.446871; 0.447551
84.2; 191451; 189419; 0.446638; 0.446854; 0.447042; 0.446457; 0.44664
84.4; 188318; 189489; 0.448123; 0.448535; 0.448741; 0.447904; 0.447728
84.6; 191826; 190765; 0.452178; 0.451903; 0.452128; 0.451931; 0.451062
84.8; 191278; 189338; 0.458034; 0.457652; 0.457773; 0.457922; 0.456481
85; 191458; 190658; 0.464983; 0.465783; 0.465422; 0.465364; 0.46372
85.2; 190515; 190990; 0.473922; 0.475829; 0.474449; 0.475356; 0.472944
85.4; 194190; 191884; 0.485154; 0.487598; 0.48547; 0.487315; 0.484102
85.6; 190315; 192131; 0.498745; 0.500754; 0.498515; 0.500986; 0.497224
85.8; 192518; 190766; 0.513749; 0.515291; 0.513196; 0.515817; 0.511754
86; 187403; 187930; 0.529353; 0.530507; 0.528808; 0.531022; 0.527062
86.2; 190050; 188794; 0.544608; 0.546125; 0.544323; 0.546395; 0.542529
86.4; 185939; 186689; 0.559069; 0.561285; 0.559022; 0.561352; 0.557446
86.6; 186483; 188678; 0.57277; 0.575533; 0.572914; 0.575443; 0.571608
86.8; 189709; 185149; 0.586009; 0.588346; 0.586087; 0.588313; 0.584811
87; 183938; 188600; 0.598334; 0.600323; 0.59822; 0.600493; 0.597232
87.2; 188868; 184637; 0.609507; 0.61152; 0.609426; 0.61162; 0.608647
87.4; 180564; 185289; 0.619358; 0.621237; 0.619526; 0.621078; 0.618732
87.6; 187203; 182116; 0.627414; 0.628969; 0.627461; 0.628922; 0.626987
87.8; 179016; 183046; 0.633028; 0.63435; 0.632936; 0.634481; 0.63297
88; 183001; 179182; 0.6361; 0.637057; 0.636197; 0.637006; 0.636283
88.2; 181393; 184308; 0.636468; 0.637043; 0.636713; 0.63688; 0.636968
88.4; 182668; 178617; 0.634439; 0.634496; 0.634604; 0.63444; 0.635181
88.6; 181590; 186381; 0.63031; 0.629924; 0.630362; 0.630003; 0.631263
88.8; 181773; 177852; 0.624187; 0.623719; 0.62413; 0.6239; 0.625494
89; 183690; 186010; 0.61621; 0.615887; 0.61621; 0.616014; 0.617945
89.2; 177647; 177125; 0.606634; 0.606097; 0.606799; 0.606033; 0.608549
89.4; 184256; 181083; 0.595352; 0.5945; 0.595515; 0.594438; 0.59737
89.6; 178824; 183021; 0.582466; 0.581239; 0.582524; 0.581307; 0.584545
89.8; 185033; 182132; 0.568336; 0.566641; 0.568277; 0.566847; 0.570369
90; 180718; 184003; 0.553411; 0.551241; 0.553267; 0.55156; 0.555337
90.2; 185773; 182715; 0.538364; 0.535676; 0.538136; 0.536074; 0.540061
90.4; 183231; 186358; 0.523296; 0.520806; 0.523393; 0.520833; 0.524968
90.6; 187825; 185373; 0.508939; 0.506596; 0.509256; 0.506354; 0.510506
90.8; 183094; 185514; 0.49557; 0.493063; 0.495502; 0.493199; 0.496858
91; 188403; 185179; 0.48297; 0.48074; 0.482824; 0.480966; 0.484174
91.2; 185044; 190373; 0.47181; 0.469895; 0.47188; 0.469909; 0.472896
91.4; 192156; 182754; 0.462362; 0.460882; 0.462606; 0.460707; 0.463216
91.6; 186404; 197891; 0.454998; 0.453488; 0.455003; 0.453506; 0.455371
91.8; 192188; 185871; 0.450633; 0.449183; 0.450465; 0.449321; 0.450626
92; 184513; 189727; 0.447686; 0.447191; 0.447753; 0.447125; 0.44773
92.2; 196150; 189449; 0.446657; 0.446794; 0.446978; 0.446457; 0.446585
92.4; 184974; 190485; 0.448043; 0.448564; 0.448583; 0.448033; 0.447765
92.6; 196061; 193090; 0.45211; 0.452086; 0.452301; 0.451862; 0.45108
92.8; 184763; 188100; 0.457966; 0.457566; 0.457616; 0.457882; 0.456377
93; 195113; 195663; 0.464886; 0.46569; 0.464992; 0.465606; 0.463623
93.2; 188101; 187124; 0.474008; 0.475555; 0.474685; 0.474967; 0.47289
93.4; 195605; 196499; 0.485301; 0.487387; 0.486; 0.486755; 0.484124
93.6; 188836; 187467; 0.498548; 0.500783; 0.498973; 0.500393; 0.497156
93.8; 192445; 195826; 0.513392; 0.515508; 0.513576; 0.515343; 0.511759
94; 186980; 184949; 0.528716; 0.53113; 0.528698; 0.531147; 0.527101
94.2; 188478; 193419; 0.543886; 0.546745; 0.54382; 0.546826; 0.542527
94.4; 185954; 182319; 0.558778; 0.561387; 0.558868; 0.561306; 0.557338
94.6; 186519; 191194; 0.572803; 0.575214; 0.572961; 0.575097; 0.571468
94.8; 188741; 185000; 0.585761; 0.588376; 0.585804; 0.588388; 0.584726
95; 184863; 190253; 0.598147; 0.600343; 0.598101; 0.600463; 0.597163
95.2; 188222; 183024; 0.609418; 0.611451; 0.60949; 0.61141; 0.608577
95.4; 182058; 187636; 0.619198; 0.621252; 0.619284; 0.621211; 0.61872
95.6; 182953; 180130; 0.627336; 0.628981; 0.627283; 0.629058; 0.626989
95.8; 183673; 185297; 0.633083; 0.634348; 0.633054; 0.634387; 0.632942
96; 178101; 179664; 0.636082; 0.637092; 0.636153; 0.637053; 0.636291
96.2; 184600; 185051; 0.636619; 0.636914; 0.636643; 0.636958; 0.636964
96.4; 178411; 178560; 0.634629; 0.634389; 0.634584; 0.634533; 0.635178
96.6; 185315; 185674; 0.630389; 0.629954; 0.630232; 0.63021; 0.631284
96.8; 178453; 181205; 0.624225; 0.623768; 0.624121; 0.623963; 0.625496
97; 185726; 181884; 0.616326; 0.615883; 0.616507; 0.61578; 0.617921
97.2; 176740; 180328; 0.606751; 0.606154; 0.607053; 0.605933; 0.608608
97.4; 183182; 182107; 0.595586; 0.594537; 0.595744; 0.594459; 0.597482
97.6; 179277; 180789; 0.582613; 0.581296; 0.582607; 0.581387; 0.584588
97.8; 183913; 184156; 0.568328; 0.566808; 0.568222; 0.567008; 0.570374
98; 180152; 182657; 0.553343; 0.551475; 0.55323; 0.551705; 0.555345
98.2; 187618; 186978; 0.538265; 0.535965; 0.538107; 0.536241; 0.54007
98.4; 183432; 181848; 0.523465; 0.520768; 0.523319; 0.521008; 0.525002
98.6; 184235; 188312; 0.509101; 0.506561; 0.509225; 0.506508; 0.510559
98.8; 184438; 184319; 0.495577; 0.493245; 0.495743; 0.49312; 0.496924
99; 187658; 187130; 0.483126; 0.480879; 0.483048; 0.48099; 0.484257
99.2; 186442; 186695; 0.471984; 0.469992; 0.471906; 0.470106; 0.472966
99.4; 187504; 188745; 0.462447; 0.460784; 0.46252; 0.460716; 0.463132
99.6; 194009; 191578; 0.454938; 0.453582; 0.45498; 0.453545; 0.455353
99.8; 184626; 190276; 0.450534; 0.449255; 0.450405; 0.449339; 0.450586
100; 191697; 186498; 0.447851; 0.446917; 0.447788; 0.446975; 0.447662
100.2; 188771; 196135; 0.446914; 0.446483; 0.447013; 0.446385; 0.446582
100.4; 190104; 187701; 0.448395; 0.448237; 0.448509; 0.448123; 0.447768
100.6; 189195; 193451; 0.452293; 0.451786; 0.4522; 0.451861; 0.45105
100.8; 192014; 188706; 0.45773; 0.457662; 0.457728; 0.457675; 0.456372
101; 188329; 192211; 0.464737; 0.465722; 0.464912; 0.465542; 0.46352
101.2; 193729; 191889; 0.47382; 0.475536; 0.474197; 0.475148; 0.472663
101.4; 188171; 193907; 0.485071; 0.487314; 0.485731; 0.486646; 0.483885
101.6; 194351; 191816; 0.498416; 0.500734; 0.499173; 0.500038; 0.497104
101.8; 187595; 191310; 0.513404; 0.515311; 0.513864; 0.514957; 0.511772
102; 192095; 188309; 0.529027; 0.530619; 0.528997; 0.530773; 0.527167
102.2; 183139; 190005; 0.544463; 0.545993; 0.543963; 0.54661; 0.542576
102.4; 190715; 186498; 0.559273; 0.560807; 0.558699; 0.56144; 0.557383
102.6; 183236; 188709; 0.573007; 0.574847; 0.572845; 0.575021; 0.571318
102.8; 188500; 187538; 0.585738; 0.588195; 0.586013; 0.587884; 0.584503
103; 187320; 187275; 0.598066; 0.600211; 0.598135; 0.600119; 0.596924
103.2; 184031; 187564; 0.609543; 0.611044; 0.609257; 0.611373; 0.608455
103.4; 185310; 183143; 0.619469; 0.620775; 0.619351; 0.620993; 0.618672
103.6; 181547; 184277; 0.627329; 0.628732; 0.627591; 0.628617; 0.627029
103.8; 182510; 182240; 0.632886; 0.634206; 0.633343; 0.633879; 0.632932
104; 179627; 180606; 0.636024; 0.636809; 0.636304; 0.636608; 0.636165
104.2; 183131; 185022; 0.63655; 0.636732; 0.636498; 0.6368; 0.63677
104.4; 179527; 179946; 0.634448; 0.634479; 0.634192; 0.634712; 0.634966
104.6; 184109; 184571; 0.630127; 0.630284; 0.630178; 0.630229; 0.631181
104.8; 178455; 179997; 0.624124; 0.624051; 0.6244; 0.623832; 0.62553
105; 185387; 184658; 0.616472; 0.615945; 0.616658; 0.615888; 0.618092
105.2; 177670; 179298; 0.606956; 0.60605; 0.606879; 0.606296; 0.608764
105.4; 183548; 183622; 0.595643; 0.594442; 0.595537; 0.594721; 0.59758
105.6; 179182; 179849; 0.582505; 0.581346; 0.582603; 0.581391; 0.584646
105.8; 183212; 183711; 0.568087; 0.5671; 0.568324; 0.566959; 0.570422
106; 181367; 182114; 0.55317; 0.551897; 0.553287; 0.551813; 0.555354
106.2; 185033; 186637; 0.538177; 0.536386; 0.538077; 0.536491; 0.540089
106.4; 181904; 184444; 0.523534; 0.521162; 0.523183; 0.521542; 0.525152
106.6; 188662; 186335; 0.509377; 0.50668; 0.508992; 0.507151; 0.510776
106.8; 181211; 186242; 0.495711; 0.493341; 0.495805; 0.493392; 0.497179
107; 187861; 184598; 0.483013; 0.481046; 0.48338; 0.480823; 0.484443
107.2; 188075; 189606; 0.471963; 0.470026; 0.471907; 0.470147; 0.473019
107.4; 187775; 185508; 0.462706; 0.460797; 0.462177; 0.461238; 0.463116
107.6; 190250; 197013; 0.45503; 0.453594; 0.454639; 0.453976; 0.455409
107.8; 187170; 185189; 0.450401; 0.449602; 0.450421; 0.449717; 0.45094
108; 187281; 190293; 0.447727; 0.447327; 0.448023; 0.447112; 0.447956
108.2; 193952; 194478; 0.447008; 0.446432; 0.447226; 0.44622; 0.446606
108.4; 186860; 186097; 0.448707; 0.44792; 0.448499; 0.448174; 0.447836
108.6; 191780; 195020; 0.452057; 0.45191; 0.451997; 0.451943; 0.450973
108.8; 187867; 189850; 0.457506; 0.457807; 0.457772; 0.45754; 0.456326
109; 194238; 191840; 0.464944; 0.465383; 0.464928; 0.465413; 0.463472
109.2; 187246; 191892; 0.474499; 0.474803; 0.474215; 0.475126; 0.472699
109.4; 196304; 192880; 0.485812; 0.486504; 0.485798; 0.486579; 0.483929
109.6; 186830; 192537; 0.498826; 0.500083; 0.499161; 0.499866; 0.497067
109.8; 194655; 189468; 0.513489; 0.51499; 0.513719; 0.514879; 0.51167
110; 184690; 190194; 0.528925; 0.530505; 0.528917; 0.530614; 0.527028
110.2; 190744; 188479; 0.544179; 0.546043; 0.543914; 0.546351; 0.542339
110.4; 184160; 187809; 0.558705; 0.561121; 0.558457; 0.561382; 0.557199
110.6; 187255; 188559; 0.572467; 0.575323; 0.572702; 0.57507; 0.57126
110.8; 186332; 186518; 0.58573; 0.58821; 0.585943; 0.588004; 0.584567
111; 186811; 187154; 0.598087; 0.600186; 0.597925; 0.600396; 0.597025
111.2; 185776; 188498; 0.609396; 0.611159; 0.609323; 0.611335; 0.60851
111.4; 183837; 183207; 0.61919; 0.620982; 0.619472; 0.620827; 0.618676
111.6; 183563; 181883; 0.627066; 0.628939; 0.627291; 0.628834; 0.626955
111.8; 181370; 184194; 0.633135; 0.63399; 0.632906; 0.634326; 0.632927
112; 181293; 180959; 0.63646; 0.636472; 0.63612; 0.636859; 0.636176
112.2; 180672; 183840; 0.637041; 0.636384; 0.636677; 0.636756; 0.636803
112.4; 182262; 179126; 0.635018; 0.633995; 0.634737; 0.634284; 0.635077
112.6; 181298; 186502; 0.630515; 0.629906; 0.630479; 0.629979; 0.631227
112.8; 182093; 179839; 0.624096; 0.624017; 0.624231; 0.623945; 0.625501
113; 179719; 183866; 0.616342; 0.615989; 0.616405; 0.616033; 0.618029
113.2; 182603; 179521; 0.607099; 0.605959; 0.606983; 0.606207; 0.608739
113.4; 179268; 183225; 0.596034; 0.594201; 0.595762; 0.594616; 0.597624
113.6; 182728; 179806; 0.583247; 0.580871; 0.582731; 0.581487; 0.584715
113.8; 181544; 183660; 0.568978; 0.56644; 0.568446; 0.567017; 0.57044
114; 183100; 182932; 0.553693; 0.551491; 0.553339; 0.55185; 0.55538
114.2; 183165; 185328; 0.538276; 0.536323; 0.538131; 0.536469; 0.540099
114.4; 185619; 185009; 0.523364; 0.521268; 0.523383; 0.52132; 0.525164
114.6; 184268; 186538; 0.509243; 0.506778; 0.509359; 0.506778; 0.510817
114.8; 185558; 184080; 0.49581; 0.493261; 0.495927; 0.493285; 0.497189
115; 185988; 187762; 0.483145; 0.48102; 0.483258; 0.481045; 0.48448
115.2; 188399; 187073; 0.472091; 0.47004; 0.472126; 0.470068; 0.47308
115.4; 185490; 186946; 0.46265; 0.460908; 0.462733; 0.460827; 0.463285
115.6; 193059; 193278; 0.455017; 0.453607; 0.455124; 0.453504; 0.45541
115.8; 187357; 188142; 0.45051; 0.449249; 0.450471; 0.449274; 0.450607
116; 189831; 191809; 0.447598; 0.447012; 0.447532; 0.447073; 0.447602
116.2; 190490; 190232; 0.446714; 0.446672; 0.446748; 0.446625; 0.446562
116.4; 188869; 188952; 0.448318; 0.448205; 0.448477; 0.448046; 0.44771
116.6; 190697; 191355; 0.452319; 0.451736; 0.452316; 0.451742; 0.451062
116.8; 191675; 192517; 0.457587; 0.457659; 0.457483; 0.457739; 0.456257
117; 188791; 189873; 0.464717; 0.465346; 0.464743; 0.46528; 0.463285
117.2; 193530; 193895; 0.474276; 0.474793; 0.474373; 0.47472; 0.472564
117.4; 190720; 192143; 0.485809; 0.486316; 0.485777; 0.486424; 0.483863
117.6; 192447; 191368; 0.498869; 0.500112; 0.498835; 0.500281; 0.497129
117.8; 189268; 190894; 0.513269; 0.515404; 0.513282; 0.515543; 0.511811
118; 189488; 188725; 0.528378; 0.531178; 0.528448; 0.531233; 0.527133
118.2; 186498; 188377; 0.543653; 0.546558; 0.543717; 0.546556; 0.542379
118.4; 187033; 187746; 0.558516; 0.561116; 0.558485; 0.561164; 0.557094
118.6; 187667; 188266; 0.572573; 0.574853; 0.572534; 0.57489; 0.571095
118.8; 186670; 187283; 0.58568; 0.587865; 0.585699; 0.587858; 0.584365
119; 186905; 187028; 0.597853; 0.600165; 0.597908; 0.600152; 0.596894
119.2; 184627; 186595; 0.609136; 0.61139; 0.609161; 0.611449; 0.608481
119.4; 186323; 185245; 0.619252; 0.620968; 0.61929; 0.621042; 0.618677
119.6; 181678; 183097; 0.627375; 0.628644; 0.627476; 0.628663; 0.626955
119.8; 182016; 181425; 0.633081; 0.633954; 0.63321; 0.633925; 0.632845
120; 181434; 182227; 0.636025; 0.636717; 0.636146; 0.636644; 0.636074
120.2; 181883; 181272; 0.636299; 0.636882; 0.636374; 0.636814; 0.636698
120.4; 181517; 182850; 0.634102; 0.634755; 0.634062; 0.634797; 0.63499
120.6; 180708; 181717; 0.630065; 0.63034; 0.630085; 0.63035; 0.631226
120.8; 185013; 183454; 0.624183; 0.624107; 0.624322; 0.624049; 0.625613
121; 178699; 179886; 0.616424; 0.616205; 0.616481; 0.616266; 0.618199
121.2; 183677; 183239; 0.606984; 0.606377; 0.606964; 0.606529; 0.608902
121.4; 178352; 179660; 0.59559; 0.594799; 0.595678; 0.594832; 0.597654
121.6; 183760; 182924; 0.582577; 0.581579; 0.582723; 0.581503; 0.584686
121.8; 178710; 181202; 0.568288; 0.56711; 0.568363; 0.567068; 0.570424
122; 186778; 185130; 0.553181; 0.55206; 0.553138; 0.552122; 0.555427
122.2; 180639; 182456; 0.537989; 0.536784; 0.537954; 0.536846; 0.540237
122.4; 187041; 187561; 0.523256; 0.521713; 0.523332; 0.521685; 0.525316
122.6; 182756; 183207; 0.509175; 0.507227; 0.509367; 0.507115; 0.51095
122.8; 186651; 186689; 0.495974; 0.49345; 0.496057; 0.493479; 0.497311
123; 186167; 185154; 0.483486; 0.480841; 0.4833; 0.481139; 0.484537
123.2; 188054; 190075; 0.472017; 0.47012; 0.472117; 0.470072; 0.473066
123.4; 186763; 184852; 0.4624; 0.461133; 0.462703; 0.460843; 0.463282
123.6; 192013; 193953; 0.454953; 0.45374; 0.455073; 0.45361; 0.45544
123.8; 186288; 187807; 0.450638; 0.449098; 0.450376; 0.449309; 0.450548
124; 191089; 189651; 0.447877; 0.446692; 0.447833; 0.44673; 0.447554
124.2; 189368; 191452; 0.447057; 0.446398; 0.44722; 0.446219; 0.446594
124.4; 190639; 190441; 0.44851; 0.447997; 0.448387; 0.448117; 0.447706
124.6; 188951; 191060; 0.452219; 0.451697; 0.452163; 0.451768; 0.451012
124.8; 192033; 190630; 0.457524; 0.457735; 0.457747; 0.457522; 0.456307
125; 189688; 191755; 0.464791; 0.465317; 0.464748; 0.465381; 0.463388
125.2; 192153; 191073; 0.474262; 0.474757; 0.473964; 0.475082; 0.472545
125.4; 191469; 193929; 0.485691; 0.486367; 0.485371; 0.486745; 0.483816
125.6; 192896; 191510; 0.498915; 0.499871; 0.498836; 0.500042; 0.49697
125.8; 189298; 191573; 0.51357; 0.514747; 0.513798; 0.514645; 0.511593
126; 189370; 188443; 0.52899; 0.530192; 0.529173; 0.530138; 0.526948
126.2; 186588; 188791; 0.544429; 0.545557; 0.544295; 0.545808; 0.542314
126.4; 188626; 187330; 0.559139; 0.560418; 0.558794; 0.560853; 0.557143
126.6; 185379; 186455; 0.572905; 0.574494; 0.572417; 0.575051; 0.571181
126.8; 187983; 188709; 0.585787; 0.587795; 0.58559; 0.588046; 0.584436
127; 187291; 186272; 0.597708; 0.600284; 0.59805; 0.599991; 0.596891
127.2; 185533; 188571; 0.609077; 0.611262; 0.609153; 0.611267; 0.608385
127.4; 183145; 182584; 0.61956; 0.620442; 0.619142; 0.62097; 0.618566
127.6; 184124; 185155; 0.627954; 0.628023; 0.627429; 0.628655; 0.626916
127.8; 182143; 179754; 0.633536; 0.633606; 0.63318; 0.634053; 0.63288
128; 179908; 183327; 0.636332; 0.636674; 0.636174; 0.636923; 0.636272
128.2; 182277; 181455; 0.636418; 0.637157; 0.636431; 0.637222; 0.637003
128.4; 181196; 183334; 0.634274; 0.634887; 0.634371; 0.634856; 0.635214
128.6; 183228; 180407; 0.630314; 0.630217; 0.630308; 0.630287; 0.631338
128.8; 180822; 183276; 0.624391; 0.623869; 0.624313; 0.624004; 0.625549
129; 182308; 180387; 0.616531; 0.615992; 0.616479; 0.616101; 0.618071
129.2; 180427; 182130; 0.606742; 0.60653; 0.606815; 0.606505; 0.608754
129.4; 181331; 182016; 0.595622; 0.594885; 0.595637; 0.594903; 0.597588
129.6; 180873; 180259; 0.582989; 0.581544; 0.582865; 0.581698; 0.584821
129.8; 183487; 183797; 0.568801; 0.567082; 0.568569; 0.567354; 0.570658
130; 180610; 181521; 0.553803; 0.551847; 0.55345; 0.552258; 0.555692
130.2; 185664; 185926; 0.538568; 0.536432; 0.538068; 0.536998; 0.540388
130.4; 183486; 183735; 0.523633; 0.521303; 0.523079; 0.521911; 0.525302
130.6; 186891; 186205; 0.509377; 0.506856; 0.508848; 0.507436; 0.510839
130.8; 183574; 185064; 0.495823; 0.493399; 0.495474; 0.493793; 0.497135
131; 188855; 187285; 0.483287; 0.481145; 0.483326; 0.481153; 0.484503
131.2; 184315; 188412; 0.472095; 0.470193; 0.472352; 0.470001; 0.47316
131.4; 190097; 185955; 0.462674; 0.46092; 0.462578; 0.461048; 0.463369
131.6; 189301; 194841; 0.455174; 0.453635; 0.454824; 0.45397; 0.45547
131.8; 189266; 189314; 0.450463; 0.449315; 0.450232; 0.449583; 0.450721
132; 188568; 186431; 0.447427; 0.447225; 0.447419; 0.447302; 0.447708
132.2; 189024; 192821; 0.446344; 0.447013; 0.446532; 0.446813; 0.44657
132.4; 194223; 185351; 0.447598; 0.448944; 0.447832; 0.448713; 0.447752
132.6; 187185; 196184; 0.451493; 0.452392; 0.451323; 0.452574; 0.451006
132.8; 192535; 189391; 0.457534; 0.457622; 0.456944; 0.458236; 0.456295
133; 189742; 190203; 0.464915; 0.465193; 0.464249; 0.465873; 0.463374
133.2; 192681; 193720; 0.473972; 0.475079; 0.473645; 0.475386; 0.472493
133.4; 190968; 191335; 0.485075; 0.486869; 0.485098; 0.48682; 0.483667
133.6; 192081; 193992; 0.497911; 0.500593; 0.498262; 0.500281; 0.496749
133.8; 189669; 189214; 0.512698; 0.515305; 0.512796; 0.51532; 0.511439
134; 190496; 190818; 0.528484; 0.530426; 0.528179; 0.530923; 0.526905
134.2; 187139; 185738; 0.54411; 0.545647; 0.543788; 0.546182; 0.542347
134.4; 187551; 188461; 0.558958; 0.560449; 0.558691; 0.560911; 0.557232
134.6; 186164; 185392; 0.572786; 0.574592; 0.572619; 0.574885; 0.571237
134.8; 188279; 190466; 0.585612; 0.587914; 0.585611; 0.587962; 0.584403
135; 185748; 185027; 0.597635; 0.600248; 0.597761; 0.60011; 0.596765
135.2; 186886; 186628; 0.609119; 0.611085; 0.609048; 0.611157; 0.608196
135.4; 183746; 184012; 0.619268; 0.620516; 0.619106; 0.620732; 0.618359
135.6; 182435; 183466; 0.627543; 0.628168; 0.627314; 0.628495; 0.62678
135.8; 183008; 182831; 0.633352; 0.633549; 0.633017; 0.634022; 0.632831
136; 181267; 180730; 0.636468; 0.636403; 0.63602; 0.636992; 0.636261
136.2; 182344; 181273; 0.636827; 0.636687; 0.636523; 0.637112; 0.637024
136.4; 182245; 183171; 0.634527; 0.634702; 0.63446; 0.634833; 0.635239
136.6; 181794; 179853; 0.630066; 0.630581; 0.630279; 0.630401; 0.631354
136.8; 182562; 183826; 0.62432; 0.624004; 0.624306; 0.624061; 0.625561
137; 181118; 180154; 0.616946; 0.615648; 0.616593; 0.616034; 0.618053
137.2; 181865; 183115; 0.607685; 0.605696; 0.607138; 0.606296; 0.608793
137.4; 181746; 180349; 0.596419; 0.594176; 0.595933; 0.594744; 0.597695
137.6; 180756; 181840; 0.58326; 0.581315; 0.582986; 0.581669; 0.584915
137.8; 182397; 181528; 0.568734; 0.567275; 0.568727; 0.567347; 0.570763
138; 183130; 184172; 0.55352; 0.55231; 0.553657; 0.552207; 0.55573
138.2; 183813; 181080; 0.538344; 0.536853; 0.538484; 0.536728; 0.540442
138.4; 184417; 187112; 0.52344; 0.521721; 0.523578; 0.521609; 0.525369
138.6; 186268; 184114; 0.509255; 0.507156; 0.509465; 0.506992; 0.510916
138.8; 186451; 188961; 0.496042; 0.493335; 0.496074; 0.493379; 0.497247
139; 185690; 181635; 0.483392; 0.481011; 0.483404; 0.481098; 0.484557
139.2; 189703; 190588; 0.472032; 0.470378; 0.47223; 0.470203; 0.473175
139.4; 184731; 184683; 0.462597; 0.461241; 0.46276; 0.461017; 0.463332
139.6; 193527; 195440; 0.455217; 0.453628; 0.455163; 0.453667; 0.455517
139.8; 187756; 187939; 0.450607; 0.449264; 0.450455; 0.449397; 0.450653
140; 190909; 188542; 0.44781; 0.446917; 0.44781; 0.446905; 0.447645
140.2; 189369; 191155; 0.447023; 0.446371; 0.447164; 0.446228; 0.446607
140.4; 191620; 189875; 0.44844; 0.448056; 0.44838; 0.448104; 0.447671
140.6; 188176; 190177; 0.452196; 0.451663; 0.452077; 0.451777; 0.450981
140.8; 190942; 190599; 0.457415; 0.457681; 0.457588; 0.457515; 0.456236
141; 192303; 190613; 0.464512; 0.465224; 0.464752; 0.465025; 0.463225
141.2; 192655; 193676; 0.474118; 0.474555; 0.47412; 0.474596; 0.472409
141.4; 191715; 189345; 0.485526; 0.48612; 0.485377; 0.486311; 0.483586
141.6; 191422; 193059; 0.498701; 0.499651; 0.498735; 0.499661; 0.496687
141.8; 191288; 189533; 0.513263; 0.514706; 0.513488; 0.514548; 0.511346
142; 188329; 189264; 0.528458; 0.530423; 0.528755; 0.530231; 0.526746
142.2; 187984; 188028; 0.543611; 0.546041; 0.544031; 0.545736; 0.542159
142.4; 186937; 185907; 0.558132; 0.560987; 0.558496; 0.560725; 0.556951
142.6; 188105; 188383; 0.572223; 0.574821; 0.572073; 0.57503; 0.570996
142.8; 187507; 186953; 0.5856; 0.587564; 0.585484; 0.587721; 0.584211
143; 186689; 188243; 0.597824; 0.599776; 0.598064; 0.599552; 0.59663
143.2; 186322; 184580; 0.609024; 0.611102; 0.609544; 0.610624; 0.608219
143.4; 184740; 186075; 0.619008; 0.620846; 0.619534; 0.620391; 0.618436
143.6; 181731; 180385; 0.627155; 0.628634; 0.627399; 0.628493; 0.62681
143.8; 182777; 183525; 0.633016; 0.634; 0.632862; 0.634279; 0.632872
144; 183441; 180629; 0.636154; 0.636765; 0.636022; 0.637008; 0.636244
144.2; 178645; 183054; 0.636429; 0.636991; 0.636589; 0.636901; 0.636891
144.4; 185523; 181617; 0.634297; 0.634749; 0.634546; 0.634558; 0.635136
144.6; 177730; 182137; 0.630179; 0.630419; 0.630166; 0.63048; 0.631349
144.8; 186396; 181622; 0.624292; 0.624167; 0.624221; 0.62429; 0.62566
145; 178604; 181597; 0.616651; 0.616222; 0.616835; 0.6161; 0.618229
145.2; 184445; 181812; 0.607174; 0.606557; 0.607508; 0.606301; 0.609006
145.4; 177790; 180583; 0.595823; 0.595096; 0.596153; 0.594877; 0.597909
145.6; 185995; 181199; 0.582772; 0.582039; 0.582845; 0.582077; 0.585079
145.8; 178242; 181119; 0.568547; 0.567499; 0.568467; 0.567703; 0.57087
146; 186855; 183827; 0.55362; 0.552184; 0.553745; 0.552175; 0.555831
146.2; 181530; 183908; 0.538359; 0.536877; 0.538742; 0.536592; 0.540548
146.4; 186370; 184932; 0.523349; 0.52198; 0.524056; 0.521359; 0.525548
146.6; 184717; 185356; 0.509009; 0.507723; 0.509713; 0.507078; 0.511101
146.8; 186233; 184967; 0.495487; 0.494305; 0.495888; 0.493971; 0.497454
147; 185277; 186819; 0.482917; 0.481896; 0.483083; 0.481826; 0.484763
147.2; 189394; 186907; 0.471697; 0.470892; 0.471627; 0.471053; 0.473375
147.4; 186713; 187423; 0.462049; 0.461797; 0.461975; 0.461962; 0.463578
147.6; 193375; 191967; 0.454338; 0.454533; 0.454523; 0.454366; 0.455577
147.8; 186038; 189372; 0.449903; 0.450151; 0.450066; 0.450002; 0.450822
148; 191608; 187121; 0.447233; 0.447725; 0.447187; 0.447792; 0.447833
148.2; 189678; 191296; 0.446367; 0.44698; 0.446235; 0.44711; 0.446576
148.4; 190262; 190089; 0.447759; 0.448646; 0.447759; 0.448649; 0.447675
148.6; 190976; 190040; 0.45138; 0.4524; 0.451531; 0.452225; 0.45092
148.8; 188871; 192802; 0.457; 0.458012; 0.45737; 0.457621; 0.456159
149; 193979; 189489; 0.464654; 0.465176; 0.464988; 0.464878; 0.463259
149.2; 190232; 191471; 0.474215; 0.474524; 0.473884; 0.474907; 0.472441
149.4; 194288; 193088; 0.485307; 0.486376; 0.484692; 0.487007; 0.483586
149.6; 189709; 190312; 0.498262; 0.499987; 0.49786; 0.500395; 0.496589
149.8; 191357; 192643; 0.512765; 0.51498; 0.512968; 0.514812; 0.511193
150; 189466; 186850; 0.52802; 0.530626; 0.528766; 0.529935; 0.526577
150.2; 186035; 190133; 0.543455; 0.546001; 0.544281; 0.545239; 0.541964
150.4; 189790; 184882; 0.558382; 0.560622; 0.558591; 0.560487; 0.556855
150.6; 185106; 189025; 0.572246; 0.57467; 0.571964; 0.575036; 0.570965
150.8; 190023; 186520; 0.585239; 0.58789; 0.585507; 0.587662; 0.584196
151; 183899; 186339; 0.597636; 0.599989; 0.598212; 0.599418; 0.596642
151.2; 189182; 186705; 0.609153; 0.610915; 0.609546; 0.6105; 0.608062
151.4; 182285; 184394; 0.619359; 0.62032; 0.619518; 0.620158; 0.618245
151.6; 184018; 183588; 0.627605; 0.627989; 0.62759; 0.628053; 0.626636
151.8; 182302; 181896; 0.633357; 0.63346; 0.633181; 0.633737; 0.632718
152; 182249; 181857; 0.63644; 0.636324; 0.63607; 0.636806; 0.636174
152.2; 180297; 180205; 0.636861; 0.636511; 0.636348; 0.637138; 0.636928
152.4; 183481; 182147; 0.634661; 0.634543; 0.6344; 0.634899; 0.635267
152.6; 181351; 181162; 0.630097; 0.630659; 0.630353; 0.63047; 0.631445
152.8; 183061; 183496; 0.624379; 0.624224; 0.624405; 0.62426; 0.62573
153; 181768; 180825; 0.617017; 0.615884; 0.616607; 0.616373; 0.618274
153.2; 182141; 181175; 0.607702; 0.605945; 0.607273; 0.606481; 0.608982
153.4; 179279; 181701; 0.596554; 0.594328; 0.596326; 0.594689; 0.597911
153.6; 185536; 181019; 0.583542; 0.5813; 0.583676; 0.58131; 0.585123
153.8; 177215; 182234; 0.569228; 0.566961; 0.569541; 0.566792; 0.570936
154; 187374; 182722; 0.554344; 0.551704; 0.554369; 0.551792; 0.555947
154.2; 181996; 183813; 0.539184; 0.536301; 0.539016; 0.536577; 0.540693
154.4; 186899; 184377; 0.524019; 0.521524; 0.524109; 0.521547; 0.525687
154.6; 183586; 186177; 0.509481; 0.507367; 0.509783; 0.507198; 0.511241
154.8; 187170; 185055; 0.496024; 0.493829; 0.496169; 0.493814; 0.497569
155; 185678; 185418; 0.483678; 0.481174; 0.483579; 0.481407; 0.484835
155.2; 188370; 187958; 0.472424; 0.4702; 0.472479; 0.470243; 0.473381
155.4; 187644; 186078; 0.462714; 0.461163; 0.462944; 0.460955; 0.463491
155.6; 192035; 194263; 0.455163; 0.453842; 0.45522; 0.453792; 0.455619
155.8; 187482; 186047; 0.450662; 0.449394; 0.450497; 0.449557; 0.450794
156; 190594; 189166; 0.447859; 0.446998; 0.447677; 0.447192; 0.447753
156.2; 191261; 191963; 0.447117; 0.446256; 0.447088; 0.44627; 0.446568
156.4; 189355; 188433; 0.448496; 0.447924; 0.448588; 0.447832; 0.447658
156.6; 191361; 192841; 0.452077; 0.451684; 0.451971; 0.451776; 0.450918
156.8; 189892; 188671; 0.4575; 0.457457; 0.45743; 0.45751; 0.456143
157; 192688; 191991; 0.464819; 0.464914; 0.464886; 0.464833; 0.46314
157.2; 190949; 190390; 0.474034; 0.474548; 0.47397; 0.474602; 0.472276
157.4; 193316; 193288; 0.48517; 0.486379; 0.48497; 0.486563; 0.483469
157.6; 191164; 190958; 0.498253; 0.499919; 0.497916; 0.50025; 0.496533
157.8; 191323; 191816; 0.512888; 0.514815; 0.512547; 0.515196; 0.511193
158; 188796; 187107; 0.528204; 0.530345; 0.528128; 0.530489; 0.526549
158.2; 187301; 189777; 0.543405; 0.545862; 0.543645; 0.545697; 0.541906
158.4; 188455; 184150; 0.558024; 0.560874; 0.558381; 0.560569; 0.556773
158.6; 187033; 189985; 0.572119; 0.574639; 0.572031; 0.574754; 0.570805
158.8; 188075; 184921; 0.585469; 0.587485; 0.585166; 0.587777; 0.584036
159; 186477; 188299; 0.597628; 0.599846; 0.597705; 0.599756; 0.596524
159.2; 187234; 183509; 0.608845; 0.611089; 0.609051; 0.610884; 0.608058
159.4; 185009; 186628; 0.619093; 0.620563; 0.618962; 0.620728; 0.618289
159.6; 181455; 181587; 0.627242; 0.628293; 0.626961; 0.628642; 0.626632
159.8; 182539; 182448; 0.632937; 0.633848; 0.632888; 0.633988; 0.6327
160; 184079; 180376; 0.635915; 0.636793; 0.636225; 0.636583; 0.636119
160.2; 180268; 181666; 0.636348; 0.63694; 0.636825; 0.63657; 0.636874
160.4; 183644; 182345; 0.634439; 0.634684; 0.634948; 0.634267; 0.63523
160.6; 181254; 181867; 0.630307; 0.630461; 0.630728; 0.630111; 0.631428
160.8; 182444; 181858; 0.624399; 0.624334; 0.624465; 0.624302; 0.625759
161; 182163; 181742; 0.61679; 0.616312; 0.616591; 0.616533; 0.618292
161.2; 181181; 181232; 0.607309; 0.606572; 0.607448; 0.606491; 0.609039
161.4; 181334; 180517; 0.595973; 0.595097; 0.596469; 0.594725; 0.597999
161.6; 181515; 181669; 0.583008; 0.581931; 0.583726; 0.581393; 0.585235
161.8; 184013; 181694; 0.568847; 0.567421; 0.569492; 0.566957; 0.571055
162; 182246; 182176; 0.553939; 0.552148; 0.554279; 0.551963; 0.556029
162.2; 186064; 184513; 0.538914; 0.536673; 0.538908; 0.536782; 0.540733
162.4; 183125; 183154; 0.524216; 0.521471; 0.523968; 0.521791; 0.525689
162.6; 187350; 186532; 0.509855; 0.507218; 0.509868; 0.507249; 0.511245
162.8; 183891; 184368; 0.496173; 0.49387; 0.49642; 0.493677; 0.497548
163; 186922; 188013; 0.483671; 0.481325; 0.483606; 0.481477; 0.484848
163.2; 188569; 184516; 0.472538; 0.470245; 0.472314; 0.47055; 0.47344
163.4; 187315; 188745; 0.462904; 0.461155; 0.462982; 0.461146; 0.463627
163.6; 192683; 190768; 0.455304; 0.453725; 0.455421; 0.453617; 0.455631
163.8; 187771; 189101; 0.450813; 0.449371; 0.450591; 0.449546; 0.450796
164; 190221; 186370; 0.447665; 0.447241; 0.447454; 0.447412; 0.447716
164.2; 192413; 194320; 0.446493; 0.446784; 0.446288; 0.446983; 0.446537
164.4; 189048; 187296; 0.447725; 0.448687; 0.447668; 0.448738; 0.447681
164.6; 191654; 193088; 0.451323; 0.452416; 0.451537; 0.452181; 0.450901
164.8; 189447; 186712; 0.457; 0.457848; 0.457489; 0.457338; 0.456065
165; 192499; 193777; 0.464644; 0.464988; 0.464733; 0.464898; 0.463131
165.2; 192373; 189682; 0.474043; 0.474373; 0.473511; 0.474914; 0.47222
165.4; 191436; 195426; 0.484967; 0.486344; 0.484451; 0.48686; 0.483383
165.6; 193573; 187638; 0.497673; 0.500275; 0.497688; 0.500283; 0.496475
165.8; 189294; 193737; 0.512318; 0.515188; 0.512642; 0.514926; 0.511135
166; 191016; 186127; 0.528227; 0.53021; 0.528111; 0.530417; 0.526521
166.2; 185250; 189092; 0.544011; 0.545227; 0.543406; 0.545926; 0.541906
166.4; 189772; 185570; 0.558952; 0.559882; 0.558193; 0.5607; 0.556739
166.6; 187448; 188653; 0.572459; 0.574178; 0.572173; 0.574491; 0.570736
166.8; 185822; 185855; 0.585024; 0.58775; 0.585269; 0.587522; 0.583989
167; 190404; 186944; 0.59744; 0.599819; 0.597429; 0.599862; 0.596506
167.2; 182356; 187588; 0.609046; 0.610686; 0.608749; 0.611036; 0.608014
167.4; 189328; 182474; 0.619124; 0.620455; 0.619139; 0.620493; 0.618259
167.6; 178243; 183960; 0.627193; 0.628438; 0.627621; 0.628093; 0.626703
167.8; 186129; 180346; 0.632827; 0.634059; 0.633538; 0.633444; 0.632752
168; 177922; 182871; 0.636029; 0.636725; 0.636578; 0.63628; 0.636146
168.2; 186706; 179415; 0.636715; 0.636638; 0.636797; 0.636614; 0.636834
168.4; 178521; 184610; 0.634806; 0.634244; 0.634478; 0.634635; 0.635133
168.6; 186682; 180005; 0.630725; 0.629904; 0.63015; 0.630543; 0.631366
168.8; 178057; 183328; 0.624569; 0.624021; 0.624462; 0.624228; 0.625774
169; 185990; 178804; 0.616703; 0.616424; 0.617157; 0.616084; 0.618428
169.2; 177682; 182716; 0.607374; 0.606673; 0.607903; 0.606282; 0.609233
169.4; 184863; 180182; 0.59632; 0.594978; 0.596728; 0.594687; 0.598096
169.6; 176993; 181851; 0.583581; 0.581625; 0.583833; 0.581467; 0.585231
169.8; 187648; 180924; 0.569522; 0.567016; 0.569486; 0.567129; 0.571036
170; 178328; 184386; 0.554434; 0.551829; 0.554384; 0.551972; 0.556023
170.2; 190137; 182329; 0.53898; 0.536669; 0.53919; 0.536573; 0.540773
170.4; 179571; 186649; 0.523974; 0.521691; 0.524229; 0.521564; 0.525756
170.6; 189751; 182744; 0.509816; 0.507296; 0.509784; 0.507456; 0.511375
170.8; 183749; 187871; 0.496439; 0.493753; 0.496283; 0.494029; 0.497725
171; 188156; 182468; 0.483714; 0.481414; 0.48386; 0.481378; 0.484949
171.2; 186776; 191574; 0.472418; 0.47042; 0.472577; 0.470348; 0.473467
171.4; 189067; 182801; 0.463047; 0.461012; 0.46288; 0.4612; 0.463587
171.6; 189519; 197270; 0.45539; 0.453712; 0.455288; 0.453817; 0.455659
171.8; 189926; 182914; 0.450673; 0.44936; 0.450789; 0.449265; 0.450809
172; 189130; 190479; 0.447967; 0.446901; 0.447866; 0.447027; 0.447778
172.2; 192481; 192655; 0.447022; 0.446406; 0.44694; 0.446481; 0.446612
172.4; 188537; 188513; 0.448198; 0.448167; 0.448381; 0.447973; 0.447631
172.6; 192184; 191980; 0.451966; 0.451613; 0.45204; 0.451547; 0.450864
172.8; 190156; 186553; 0.457586; 0.45728; 0.457392; 0.45745; 0.456065
173; 190857; 195770; 0.464672; 0.464872; 0.464802; 0.46474; 0.463077
173.2; 192849; 187136; 0.473663; 0.474633; 0.473774; 0.474537; 0.472188
173.4; 192042; 196108; 0.484639; 0.486568; 0.484521; 0.486717; 0.483346
173.6; 191647; 188915; 0.497496; 0.500335; 0.497495; 0.500372; 0.496466
173.8; 190521; 193454; 0.512414; 0.51491; 0.51267; 0.514717; 0.511047
174; 189515; 185420; 0.528148; 0.530035; 0.528457; 0.529803; 0.526368
174.2; 187253; 191047; 0.543666; 0.545376; 0.543966; 0.545159; 0.541801
174.4; 187159; 184146; 0.558533; 0.560098; 0.558672; 0.560026; 0.556644
174.6; 186941; 188196; 0.572532; 0.574054; 0.572487; 0.574139; 0.570714
174.8; 188214; 187102; 0.585373; 0.587337; 0.585152; 0.587582; 0.583962
175; 187521; 186898; 0.597287; 0.599894; 0.597304; 0.599895; 0.596433
175.2; 184230; 187384; 0.608801; 0.610948; 0.609035; 0.610749; 0.608
175.4; 186759; 182841; 0.619038; 0.620473; 0.619057; 0.620529; 0.618267
175.6; 181796; 184418; 0.627229; 0.628375; 0.627073; 0.628646; 0.626727
175.8; 184090; 179576; 0.632901; 0.634049; 0.632921; 0.634135; 0.632809
176; 178500; 185779; 0.635797; 0.637169; 0.635993; 0.637074; 0.636253
176.2; 186045; 178038; 0.636519; 0.637059; 0.636421; 0.637221; 0.636964
176.4; 176498; 182462; 0.63488; 0.634437; 0.634614; 0.63476; 0.63527
176.6; 188735; 183331; 0.630865; 0.63001; 0.630576; 0.630343; 0.631442
176.8; 175678; 181029; 0.62493; 0.623702; 0.624587; 0.624114; 0.625767
177; 188223; 181952; 0.617384; 0.615765; 0.616979; 0.616255; 0.618389
177.2; 174431; 181312; 0.608068; 0.606042; 0.607662; 0.606571; 0.609241
177.4; 186392; 179999; 0.596827; 0.594687; 0.596577; 0.595033; 0.598157
177.6; 178494; 183050; 0.583702; 0.581776; 0.583826; 0.581736; 0.585364
177.8; 184212; 180799; 0.569148; 0.567555; 0.569618; 0.567169; 0.571129
178; 181358; 183083; 0.553881; 0.552483; 0.554471; 0.551966; 0.556045
178.2; 186492; 185842; 0.538646; 0.536998; 0.539201; 0.536524; 0.54073
178.4; 181913; 183798; 0.523904; 0.521743; 0.524165; 0.521555; 0.525667
178.6; 188019; 185848; 0.509949; 0.507119; 0.509745; 0.507405; 0.511297
178.8; 182812; 186395; 0.496409; 0.493821; 0.496361; 0.493963; 0.497712
179; 189039; 184676; 0.483678; 0.481652; 0.484009; 0.481405; 0.485006
179.2; 183972; 187709; 0.472457; 0.470537; 0.472539; 0.470538; 0.473556
179.4; 191737; 185614; 0.463078; 0.461078; 0.462761; 0.461393; 0.4636
179.6; 187701; 194747; 0.45544; 0.453697; 0.455346; 0.453773; 0.455653
179.8; 190912; 186626; 0.450492; 0.449607; 0.450861; 0.449272; 0.450856
180; 187979; 190481; 0.44742; 0.447457; 0.447649; 0.447269; 0.447827
180.2; 192332; 191867; 0.446356; 0.447024; 0.446412; 0.44695; 0.446561
180.4; 186429; 189814; 0.447702; 0.448701; 0.447634; 0.448766; 0.447684
180.6; 193925; 191917; 0.451357; 0.452139; 0.45129; 0.45221; 0.450816
180.8; 188687; 189275; 0.45738; 0.457367; 0.457342; 0.457392; 0.456033
181; 192199; 192006; 0.46473; 0.464838; 0.464774; 0.464804; 0.463115
181.2; 189800; 191990; 0.47363; 0.474633; 0.47365; 0.474654; 0.472188
181.4; 194247; 193107; 0.484792; 0.486377; 0.48472; 0.486444; 0.483303
181.6; 190553; 190470; 0.497806; 0.499922; 0.497697; 0.500045; 0.496356
181.8; 189440; 192479; 0.512384; 0.514781; 0.512375; 0.514849; 0.510923
182; 190676; 188637; 0.527834; 0.530204; 0.527962; 0.530177; 0.526358
182.2; 185990; 188358; 0.543074; 0.545747; 0.543253; 0.545704; 0.541759
182.4; 188311; 187151; 0.557791; 0.560665; 0.557797; 0.560748; 0.55662
182.6; 185048; 188778; 0.572065; 0.574315; 0.571987; 0.574428; 0.57062
182.8; 190029; 186859; 0.58532; 0.587278; 0.585328; 0.587255; 0.583845
183; 182682; 187323; 0.597417; 0.59968; 0.5975; 0.599591; 0.596354
183.2; 189712; 186601; 0.60871; 0.610868; 0.608696; 0.610919; 0.607926
183.4; 181344; 185453; 0.618785; 0.620555; 0.618745; 0.620704; 0.618226
183.6; 184839; 183030; 0.626855; 0.628495; 0.626973; 0.628513; 0.626638
183.8; 181124; 182721; 0.632777; 0.633879; 0.632942; 0.633864; 0.632713
184; 181486; 182370; 0.636056; 0.636665; 0.636143; 0.636713; 0.636171
184.2; 181068; 180267; 0.636482; 0.637024; 0.636477; 0.6371; 0.636923
184.4; 181221; 183001; 0.634611; 0.63488; 0.634595; 0.634909; 0.635288
184.6; 183199; 182608; 0.630428; 0.630635; 0.630441; 0.630605; 0.631465
184.8; 179117; 184704; 0.624413; 0.624511; 0.624429; 0.624515; 0.625843
185; 185256; 179166; 0.616868; 0.616429; 0.616866; 0.616481; 0.618431
185.2; 176754; 184698; 0.607216; 0.60686; 0.607257; 0.606928; 0.609211
185.4; 184313; 178156; 0.596069; 0.595246; 0.596157; 0.595284; 0.598108
185.6; 178421; 184366; 0.583326; 0.582001; 0.583413; 0.582046; 0.585353
185.8; 183679; 180415; 0.569185; 0.56763; 0.569216; 0.56769; 0.571206
186; 182060; 183743; 0.55424; 0.552515; 0.554193; 0.552617; 0.556227
186.2; 184091; 184915; 0.538977; 0.537241; 0.538841; 0.537406; 0.540944
186.4; 183858; 185958; 0.52387; 0.522345; 0.523629; 0.522599; 0.525889
186.6; 183466; 184814; 0.509304; 0.508164; 0.509188; 0.508287; 0.511408
186.8; 187983; 186555; 0.495611; 0.494711; 0.495853; 0.494523; 0.497713
187; 182119; 186168; 0.483033; 0.482215; 0.483538; 0.48179; 0.484984
187.2; 190920; 189404; 0.471886; 0.4712; 0.472598; 0.47051; 0.473527
187.4; 183031; 187655; 0.462439; 0.461829; 0.463085; 0.461161; 0.463625
187.6; 195692; 192625; 0.455032; 0.454196; 0.455271; 0.453966; 0.455744
187.8; 186519; 187849; 0.450681; 0.449573; 0.450417; 0.449733; 0.450764
188; 189414; 190400; 0.448003; 0.447037; 0.447381; 0.447544; 0.447677
188.2; 188799; 190667; 0.446992; 0.446314; 0.446287; 0.44704; 0.446605
188.4; 187757; 190128; 0.448147; 0.448154; 0.447564; 0.448741; 0.447637
188.6; 192675; 192120; 0.451617; 0.451885; 0.451265; 0.452196; 0.450766
188.8; 189165; 191899; 0.457365; 0.457333; 0.457215; 0.457492; 0.456039
189; 191998; 190026; 0.464732; 0.464702; 0.46483; 0.464603; 0.463014
189.2; 189243; 193648; 0.473485; 0.47462; 0.473421; 0.474685; 0.472075
189.4; 192705; 192549; 0.484384; 0.486602; 0.484224; 0.486791; 0.483256
189.6; 190667; 192844; 0.497486; 0.500027; 0.497595; 0.500029; 0.496387
189.8; 190524; 190905; 0.512233; 0.514708; 0.512461; 0.514647; 0.510998
190; 188310; 188941; 0.527691; 0.530046; 0.52786; 0.53004; 0.526273
190.2; 187825; 189749; 0.54319; 0.54532; 0.543186; 0.545444; 0.541595
190.4; 186328; 186278; 0.558047; 0.560111; 0.557855; 0.560363; 0.556392
190.6; 187633; 189536; 0.571795; 0.574347; 0.571741; 0.574406; 0.570468
190.8; 185505; 187728; 0.584833; 0.587535; 0.585109; 0.587257; 0.583764
191; 186066; 188029; 0.597496; 0.599369; 0.59747; 0.59943; 0.59628
191.2; 186078; 185672; 0.609017; 0.61042; 0.608614; 0.610896; 0.607896
191.4; 184775; 185672; 0.618896; 0.620305; 0.618792; 0.620534; 0.618167
191.6; 181656; 182639; 0.626796; 0.628413; 0.627196; 0.628166; 0.626593
191.8; 183544; 183499; 0.632711; 0.633819; 0.633004; 0.633674; 0.632648
192; 180002; 180855; 0.63619; 0.636385; 0.636106; 0.636557; 0.636014
192.2; 181498; 183228; 0.636961; 0.636385; 0.636419; 0.636957; 0.636784
192.4; 180674; 181927; 0.635079; 0.634239; 0.634413; 0.634893; 0.635166
192.6; 182762; 181889; 0.630669; 0.630374; 0.630463; 0.630565; 0.631448
192.8; 180939; 184578; 0.624355; 0.62464; 0.624648; 0.624398; 0.625919
193; 180954; 181007; 0.616978; 0.616428; 0.617018; 0.616511; 0.618566
193.2; 181056; 181993; 0.607902; 0.606396; 0.607533; 0.606926; 0.609387
193.4; 179974; 180876; 0.596882; 0.594685; 0.596353; 0.595354; 0.598252
193.6; 182367; 182407; 0.584016; 0.581608; 0.583615; 0.58209; 0.58541
193.8; 181187; 182691; 0.569609; 0.567484; 0.569556; 0.56755; 0.571244
194; 182687; 183436; 0.554365; 0.552656; 0.554795; 0.552179; 0.556204
194.2; 183272; 185308; 0.539025; 0.537467; 0.539657; 0.536778; 0.540962
194.4; 184635; 185208; 0.524141; 0.522364; 0.524448; 0.522037; 0.525976
194.6; 183149; 186493; 0.51005; 0.507634; 0.509955; 0.507785; 0.511575
194.8; 186638; 185380; 0.496597; 0.493957; 0.496402; 0.494269; 0.497909
195; 185575; 185654; 0.483767; 0.481738; 0.483962; 0.481672; 0.485157
195.2; 188930; 189462; 0.472478; 0.470786; 0.472839; 0.470465; 0.473638
195.4; 183970; 184270; 0.463123; 0.461405; 0.463055; 0.461431; 0.463711
195.6; 193318; 197388; 0.455522; 0.453814; 0.455268; 0.454048; 0.455766
195.8; 186729; 185850; 0.450567; 0.449656; 0.450639; 0.449599; 0.450913
196; 190262; 190586; 0.447407; 0.447573; 0.447847; 0.447114; 0.447777
196.2; 188708; 191938; 0.446382; 0.446952; 0.447099; 0.446244; 0.446612
196.4; 189373; 190701; 0.447846; 0.448476; 0.448367; 0.447953; 0.447613
196.6; 191225; 189371; 0.451831; 0.451537; 0.451834; 0.451537; 0.450765
196.8; 189593; 194316; 0.45745; 0.457085; 0.457299; 0.457237; 0.455939
197; 191349; 189696; 0.464404; 0.464832; 0.464682; 0.464573; 0.462961
197.2; 190620; 192728; 0.473657; 0.474352; 0.473638; 0.474381; 0.472046
197.4; 192208; 192973; 0.484913; 0.485818; 0.484417; 0.486332; 0.483093
197.6; 189971; 194186; 0.498053; 0.499125; 0.497371; 0.49989; 0.496176
197.8; 191574; 188836; 0.512476; 0.51414; 0.512108; 0.514643; 0.510784
198; 188575; 190404; 0.52764; 0.529854; 0.527785; 0.529863; 0.526122
198.2; 185768; 188247; 0.542864; 0.545475; 0.543463; 0.545014; 0.541554
198.4; 189174; 187820; 0.557627; 0.560382; 0.5583; 0.559805; 0.556368
198.6; 186256; 187243; 0.571864; 0.574161; 0.57215; 0.573937; 0.570477
198.8; 186413; 189147; 0.585225; 0.587029; 0.58498; 0.587306; 0.583757
199; 184191; 186144; 0.597463; 0.599227; 0.597182; 0.599533; 0.596175
199.2; 188449; 187469; 0.608462; 0.610791; 0.608704; 0.610616; 0.60779
199.4; 184105; 184940; 0.618549; 0.620519; 0.618729; 0.620461; 0.618093
199.6; 181308; 182127; 0.627147; 0.628012; 0.626861; 0.628438; 0.626554
199.8; 183753; 184311; 0.633151; 0.633446; 0.632709; 0.634023; 0.632643
200; 179291; 179863; 0.636434; 0.636322; 0.636123; 0.636725; 0.63611
