0.004; 10105.1; 4787.89; 3.13576e-05; 3.1213e-05; 3.13519e-05; 3.11998e-05; 3.04165e-05
0.2; 74981.1; 62843.7; 0.0240462; 0.0221814; 0.0240526; 0.0221851; 0.0232549
0.4; 89300.1; 104103; 0.131821; 0.133448; 0.131853; 0.133465; 0.13339
0.6; 62302.8; 63005; 0.285173; 0.284107; 0.285286; 0.284088; 0.285945
0.8; 73845.7; 76099.5; 0.439869; 0.436435; 0.439879; 0.436498; 0.439875
1; 75976.4; 82956.3; 0.560351; 0.556256; 0.560365; 0.556291; 0.561276
1.2; 88568.7; 96770.4; 0.620821; 0.615444; 0.620871; 0.615429; 0.62343
1.4; 101606; 111045; 0.606661; 0.603529; 0.606845; 0.603431; 0.611483
1.6; 144712; 151503; 0.54797; 0.543283; 0.547905; 0.543422; 0.550597
1.8; 165431; 157712; 0.497036; 0.494172; 0.49731; 0.493947; 0.497574
2; 160852; 165511; 0.491045; 0.490442; 0.490915; 0.490478; 0.489089
2.2; 151381; 150226; 0.519428; 0.523652; 0.519265; 0.523516; 0.516607
2.4; 139838; 142205; 0.560641; 0.565528; 0.560371; 0.565572; 0.556446
2.6; 129829; 131151; 0.586544; 0.592558; 0.586586; 0.592533; 0.583237
2.8; 128585; 128706; 0.58511; 0.591032; 0.585291; 0.591222; 0.582905
3; 136409; 138457; 0.565492; 0.570968; 0.565759; 0.571274; 0.563991
3.2; 135426; 137599; 0.554101; 0.557668; 0.554219; 0.557879; 0.552722
3.4; 126593; 137643; 0.563242; 0.566454; 0.563286; 0.566481; 0.563011
3.6; 114707; 114078; 0.588624; 0.588712; 0.588671; 0.588554; 0.588273
3.8; 112318; 109428; 0.60941; 0.605228; 0.609221; 0.605337; 0.6105
4; 103721; 101067; 0.604607; 0.601481; 0.605051; 0.60117; 0.608374
4.2; 111390; 110411; 0.573366; 0.567199; 0.573631; 0.567201; 0.577183
4.4; 135383; 135463; 0.537601; 0.531117; 0.53782; 0.531044; 0.541585
4.6; 143852; 144366; 0.522523; 0.516746; 0.522577; 0.51661; 0.525292
4.8; 142398; 146387; 0.534744; 0.529704; 0.534611; 0.529546; 0.535854
5; 113082; 124169; 0.559286; 0.556326; 0.559172; 0.556136; 0.559904
5.2; 102390; 102965; 0.572906; 0.571528; 0.572927; 0.571518; 0.572303
5.4; 104841; 103630; 0.562253; 0.563066; 0.562401; 0.563148; 0.560318
5.6; 103916; 104127; 0.542438; 0.54711; 0.54263; 0.547136; 0.54044
5.8; 122860; 118916; 0.529102; 0.534699; 0.528946; 0.534842; 0.525882
6; 141329; 133550; 0.532428; 0.53918; 0.532322; 0.539137; 0.528855
6.2; 136174; 138993; 0.55653; 0.562513; 0.556676; 0.562287; 0.553381
6.4; 126126; 123319; 0.586958; 0.592388; 0.58685; 0.592561; 0.5845
6.6; 117272; 117705; 0.606528; 0.609654; 0.606905; 0.609659; 0.604856
6.8; 121684; 119165; 0.602101; 0.60433; 0.602461; 0.604151; 0.602491
7; 105199; 109323; 0.587455; 0.585394; 0.586427; 0.586211; 0.588928
7.2; 119424; 116977; 0.572202; 0.569423; 0.572483; 0.56879; 0.574798
7.4; 135489; 138869; 0.568005; 0.562114; 0.567914; 0.562041; 0.570796
7.6; 127422; 129505; 0.56785; 0.561494; 0.567466; 0.561892; 0.571636
7.8; 140636; 130521; 0.563053; 0.556518; 0.563206; 0.556592; 0.566268
8; 135447; 140777; 0.552107; 0.546768; 0.552126; 0.547158; 0.55492
8.2; 135147; 132747; 0.542883; 0.539302; 0.54292; 0.539525; 0.544251
8.4; 136466; 136089; 0.543056; 0.540421; 0.542924; 0.540501; 0.542606
8.6; 143268; 138940; 0.548855; 0.547785; 0.548308; 0.54808; 0.547263
8.8; 136591; 136746; 0.555069; 0.557118; 0.554208; 0.557745; 0.553354
9; 126164; 122861; 0.557878; 0.562507; 0.55796; 0.562475; 0.555971
9.2; 136685; 132986; 0.551323; 0.557215; 0.551518; 0.557406; 0.549041
9.4; 155014; 155778; 0.543557; 0.550212; 0.543724; 0.550359; 0.540467
9.6; 170789; 164652; 0.549873; 0.55619; 0.550112; 0.556006; 0.54706
9.8; 154833; 153983; 0.571189; 0.576372; 0.571099; 0.576293; 0.568179
10; 142490; 148164; 0.595296; 0.597311; 0.595202; 0.597148; 0.592722
10.2; 130561; 123156; 0.604834; 0.604717; 0.60488; 0.60469; 0.604611
10.4; 115997; 114001; 0.598971; 0.596631; 0.599049; 0.59675; 0.601653
10.6; 138585; 136657; 0.582813; 0.579269; 0.582855; 0.579401; 0.586761
10.8; 162420; 162765; 0.566098; 0.559679; 0.566166; 0.559709; 0.569297
11; 160747; 161274; 0.553479; 0.548153; 0.553698; 0.547876; 0.557645
11.2; 163591; 160801; 0.549083; 0.542837; 0.548966; 0.542798; 0.551605
11.4; 149752; 148480; 0.548033; 0.543157; 0.548143; 0.543067; 0.549759
11.6; 147123; 149198; 0.550928; 0.548908; 0.551358; 0.54872; 0.552742
11.8; 155617; 151408; 0.55661; 0.554833; 0.557044; 0.554738; 0.55695
12; 150341; 149889; 0.557657; 0.557931; 0.5577; 0.558117; 0.55702
12.2; 149489; 146048; 0.55339; 0.557469; 0.553479; 0.55745; 0.552427
12.4; 151383; 145495; 0.54839; 0.553842; 0.548538; 0.553707; 0.54601
12.6; 169171; 173552; 0.542252; 0.548723; 0.542288; 0.548753; 0.539375
12.8; 179335; 176283; 0.54537; 0.552008; 0.545382; 0.55217; 0.542092
13; 178386; 175165; 0.562216; 0.568171; 0.562334; 0.568238; 0.560002
13.2; 151548; 155898; 0.585527; 0.59; 0.58564; 0.590027; 0.583013
13.4; 157510; 146612; 0.601139; 0.602198; 0.601259; 0.602055; 0.599179
13.6; 136620; 143417; 0.600309; 0.598733; 0.600076; 0.598826; 0.600654
13.8; 131732; 128607; 0.588233; 0.587041; 0.588235; 0.586986; 0.591713
14; 180614; 178346; 0.574666; 0.569501; 0.574709; 0.569491; 0.577797
14.2; 173239; 172069; 0.563399; 0.557106; 0.563509; 0.557056; 0.567205
14.4; 165203; 166441; 0.555467; 0.549532; 0.555214; 0.549762; 0.558924
14.6; 169892; 170331; 0.549746; 0.543885; 0.549598; 0.543867; 0.552046
14.8; 161985; 155891; 0.545824; 0.54135; 0.545785; 0.541279; 0.547079
15; 171819; 173726; 0.548758; 0.545628; 0.548748; 0.545701; 0.549095
15.2; 175562; 170509; 0.553201; 0.55299; 0.553469; 0.552972; 0.553508
15.4; 156208; 160858; 0.555466; 0.557898; 0.555497; 0.558164; 0.555439
15.6; 163082; 159857; 0.554512; 0.558719; 0.554603; 0.558797; 0.553134
15.8; 159746; 155046; 0.549275; 0.555159; 0.549309; 0.555169; 0.546832
16; 187735; 191615; 0.543223; 0.549749; 0.543199; 0.549759; 0.54007
16.2; 196994; 187045; 0.547797; 0.554139; 0.54778; 0.554193; 0.54454
16.4; 189249; 199319; 0.565788; 0.57152; 0.565898; 0.571625; 0.563597
16.6; 174613; 156789; 0.589191; 0.593006; 0.589302; 0.593138; 0.58711
16.8; 155881; 164897; 0.601216; 0.603372; 0.601206; 0.603322; 0.60068
17; 144166; 142191; 0.59952; 0.596948; 0.599418; 0.596827; 0.600311
17.2; 138641; 138419; 0.586172; 0.583927; 0.586106; 0.583728; 0.589453
17.4; 201085; 202321; 0.571184; 0.566115; 0.571048; 0.566163; 0.574695
17.6; 184659; 175468; 0.559289; 0.55307; 0.559324; 0.55313; 0.563299
17.8; 184145; 188148; 0.551444; 0.546066; 0.551352; 0.546335; 0.555174
18; 174304; 173086; 0.547418; 0.542364; 0.547476; 0.542225; 0.549794
18.2; 179481; 177021; 0.547181; 0.543708; 0.547092; 0.543524; 0.548009
18.4; 181749; 186519; 0.55191; 0.550284; 0.552164; 0.54972; 0.552215
18.6; 180185; 178242; 0.556378; 0.555056; 0.556323; 0.555069; 0.555233
18.8; 168014; 165151; 0.554772; 0.558017; 0.555436; 0.557623; 0.554372
19; 171734; 170131; 0.551629; 0.556406; 0.551779; 0.55663; 0.550159
19.2; 179587; 173430; 0.545154; 0.551097; 0.545155; 0.551387; 0.542635
19.4; 210898; 213205; 0.542436; 0.549255; 0.542482; 0.549246; 0.539136
19.6; 210846; 204829; 0.553563; 0.559225; 0.553438; 0.559258; 0.550435
19.8; 191778; 197612; 0.57489; 0.579889; 0.574697; 0.579962; 0.57197
20; 169249; 164291; 0.595953; 0.598438; 0.596112; 0.598313; 0.593783
20.2; 168595; 171097; 0.601491; 0.602735; 0.602064; 0.60235; 0.601888
20.4; 133754; 141255; 0.59442; 0.593052; 0.594747; 0.592972; 0.597486
20.6; 185054; 170016; 0.580358; 0.576856; 0.580386; 0.577062; 0.584287
20.8; 206437; 215214; 0.567327; 0.560506; 0.567347; 0.56057; 0.5703
21; 188345; 182273; 0.5562; 0.551537; 0.556126; 0.551321; 0.56044
21.2; 181831; 193279; 0.550644; 0.544891; 0.550524; 0.544639; 0.553259
21.4; 187824; 182181; 0.546287; 0.541216; 0.546211; 0.541114; 0.547748
21.6; 187814; 188802; 0.546652; 0.544547; 0.54674; 0.544648; 0.548459
21.8; 204372; 195041; 0.552603; 0.55059; 0.552872; 0.550768; 0.553014
22; 177857; 183078; 0.556093; 0.555777; 0.556197; 0.556118; 0.555513
22.2; 176001; 171253; 0.555161; 0.557569; 0.555196; 0.557722; 0.553586
22.4; 173734; 174387; 0.550785; 0.556255; 0.550783; 0.556233; 0.548574
22.6; 197076; 196671; 0.543855; 0.550223; 0.54383; 0.55016; 0.540763
22.8; 222525; 219979; 0.544115; 0.550533; 0.544129; 0.550537; 0.540542
23; 218296; 219907; 0.558387; 0.564427; 0.558554; 0.564414; 0.556248
23.2; 187421; 193320; 0.581762; 0.585992; 0.582068; 0.585869; 0.578985
23.4; 177785; 160253; 0.599401; 0.601042; 0.599798; 0.600938; 0.598034
23.6; 156860; 175038; 0.600726; 0.600586; 0.600513; 0.600897; 0.601667
23.8; 141584; 130945; 0.590498; 0.589242; 0.590481; 0.589048; 0.593629
24; 202245; 203153; 0.57655; 0.571287; 0.576478; 0.571237; 0.57952
24.2; 201248; 206115; 0.563637; 0.556833; 0.563518; 0.556925; 0.566988
24.4; 192424; 193431; 0.554036; 0.548668; 0.554033; 0.54869; 0.557926
24.6; 187323; 178820; 0.54909; 0.543376; 0.549204; 0.543312; 0.551892
24.8; 190004; 194346; 0.54617; 0.541695; 0.546069; 0.541805; 0.547543
25; 190272; 189333; 0.549466; 0.546677; 0.549623; 0.546478; 0.55009
25.2; 197687; 200739; 0.554611; 0.553058; 0.554251; 0.553421; 0.553975
25.4; 172806; 171844; 0.556185; 0.556928; 0.556464; 0.556731; 0.555114
25.6; 179770; 179468; 0.553433; 0.557727; 0.553469; 0.557808; 0.552103
25.8; 172778; 172493; 0.54817; 0.554036; 0.548386; 0.553992; 0.545859
26; 214539; 210546; 0.542557; 0.549019; 0.542623; 0.549093; 0.53966
26.2; 216910; 218289; 0.5476; 0.553765; 0.547394; 0.553897; 0.544046
26.4; 214592; 218081; 0.565587; 0.571375; 0.565496; 0.57127; 0.562952
26.6; 177136; 171352; 0.589205; 0.592019; 0.588807; 0.592273; 0.585903
26.8; 178530; 176502; 0.601262; 0.602689; 0.601066; 0.602956; 0.600275
27; 144113; 157448; 0.598007; 0.597719; 0.598419; 0.597435; 0.600398
27.2; 154393; 135516; 0.586207; 0.583801; 0.586052; 0.584025; 0.589687
27.4; 213647; 225393; 0.572348; 0.566129; 0.572126; 0.566464; 0.575397
27.6; 191121; 184879; 0.560071; 0.553992; 0.560229; 0.553889; 0.56412
27.8; 197850; 199112; 0.552404; 0.546168; 0.552109; 0.546428; 0.555516
28; 179011; 182877; 0.547232; 0.541979; 0.546996; 0.542077; 0.54954
28.2; 189964; 191061; 0.546263; 0.542417; 0.54621; 0.542229; 0.547089
28.4; 197691; 193572; 0.551345; 0.548478; 0.551049; 0.548622; 0.551221
28.6; 189996; 193280; 0.555422; 0.555087; 0.55576; 0.554814; 0.554976
28.8; 172778; 169694; 0.555955; 0.557551; 0.555956; 0.557802; 0.554849
29; 177903; 174797; 0.552389; 0.557274; 0.552673; 0.557308; 0.551007
29.2; 181982; 178035; 0.54583; 0.551951; 0.545886; 0.55209; 0.543332
29.4; 223906; 226223; 0.542335; 0.548849; 0.54231; 0.548887; 0.538974
29.6; 217960; 215551; 0.552323; 0.557747; 0.552643; 0.557344; 0.548907
29.8; 200603; 206180; 0.573082; 0.578434; 0.573134; 0.578339; 0.570414
30; 174357; 168580; 0.595425; 0.597092; 0.594932; 0.597493; 0.5925
30.2; 172695; 176085; 0.601468; 0.603019; 0.601837; 0.602758; 0.601821
30.4; 133648; 143624; 0.595356; 0.593731; 0.595735; 0.59358; 0.598104
30.6; 184466; 163623; 0.581184; 0.578257; 0.581206; 0.578429; 0.585213
30.8; 206356; 220547; 0.567822; 0.561214; 0.567498; 0.561519; 0.570754
31; 197672; 193004; 0.556743; 0.551324; 0.557024; 0.550839; 0.56079
31.2; 183410; 187389; 0.551151; 0.544787; 0.550937; 0.544822; 0.553612
31.4; 184696; 184408; 0.546468; 0.541624; 0.546591; 0.541464; 0.548464
31.6; 190170; 186443; 0.547005; 0.54468; 0.547637; 0.544232; 0.548647
31.8; 204745; 201629; 0.552566; 0.550774; 0.552904; 0.55075; 0.553053
32; 176258; 179927; 0.556092; 0.555498; 0.556388; 0.555485; 0.555279
32.2; 178948; 175785; 0.554353; 0.558015; 0.554492; 0.557953; 0.553374
32.4; 176716; 176008; 0.550897; 0.556024; 0.551012; 0.555866; 0.548525
32.6; 191632; 187788; 0.544046; 0.550398; 0.544039; 0.550382; 0.541131
32.8; 222733; 228177; 0.543771; 0.550584; 0.543954; 0.550459; 0.540406
33; 218391; 213442; 0.557602; 0.563564; 0.557879; 0.563392; 0.555239
33.2; 187109; 196442; 0.580235; 0.584852; 0.580721; 0.584493; 0.577665
33.4; 182352; 165237; 0.59866; 0.60095; 0.599208; 0.600416; 0.59707
33.6; 151117; 170833; 0.60098; 0.600972; 0.6006; 0.601456; 0.601862
33.8; 143558; 136523; 0.591509; 0.589995; 0.591592; 0.589891; 0.59459
34; 199891; 195480; 0.576897; 0.572774; 0.577432; 0.57217; 0.580521
34.2; 201310; 208087; 0.564252; 0.557314; 0.564107; 0.557333; 0.567336
34.4; 197022; 192238; 0.554156; 0.549106; 0.554741; 0.548542; 0.558275
34.6; 183159; 185316; 0.549397; 0.54354; 0.549402; 0.543558; 0.552141
34.8; 184755; 185888; 0.546082; 0.542161; 0.54648; 0.54178; 0.547823
35; 199530; 191650; 0.548832; 0.547243; 0.548927; 0.547124; 0.550031
35.2; 190043; 196761; 0.554034; 0.553648; 0.554766; 0.55297; 0.554178
35.4; 178819; 176663; 0.556788; 0.556587; 0.556354; 0.55711; 0.555343
35.6; 177492; 173425; 0.55353; 0.557838; 0.553705; 0.557766; 0.552249
35.8; 175527; 176487; 0.548492; 0.554128; 0.548524; 0.554231; 0.546118
36; 207374; 205712; 0.542681; 0.549092; 0.542676; 0.549188; 0.539736
36.2; 221585; 220767; 0.546926; 0.553375; 0.54695; 0.553356; 0.543553
36.4; 212560; 218210; 0.564374; 0.570237; 0.564341; 0.570225; 0.561992
36.6; 180243; 177294; 0.58792; 0.591323; 0.587883; 0.591224; 0.584894
36.8; 172108; 172018; 0.601335; 0.602235; 0.601349; 0.602293; 0.599973
37; 150595; 161103; 0.599038; 0.597936; 0.599489; 0.597755; 0.60087
37.2; 151114; 134769; 0.586787; 0.584903; 0.58675; 0.585158; 0.590734
37.4; 215200; 221602; 0.572662; 0.567093; 0.572748; 0.567133; 0.576056
37.6; 192595; 187202; 0.560646; 0.55429; 0.560316; 0.554485; 0.564279
37.8; 191265; 205561; 0.551797; 0.547429; 0.552206; 0.546914; 0.555791
38; 186349; 175627; 0.547711; 0.54224; 0.547712; 0.542265; 0.550185
38.2; 182392; 193086; 0.5464; 0.54237; 0.546356; 0.542657; 0.547863
38.4; 208043; 191385; 0.550625; 0.548831; 0.550435; 0.549287; 0.551763
38.6; 183976; 194357; 0.555737; 0.554153; 0.555892; 0.554227; 0.554911
38.8; 173951; 169374; 0.555893; 0.557265; 0.555485; 0.557728; 0.554541
39; 177397; 178920; 0.552317; 0.557335; 0.552494; 0.557095; 0.550523
39.2; 184031; 178250; 0.546261; 0.552218; 0.546202; 0.552201; 0.543391
39.4; 216504; 219011; 0.542333; 0.548856; 0.542278; 0.548948; 0.538975
39.6; 221845; 216564; 0.551216; 0.557559; 0.551736; 0.557167; 0.548494
39.8; 198790; 209094; 0.571655; 0.577339; 0.571843; 0.577339; 0.569462
40; 180693; 168613; 0.594253; 0.596724; 0.594802; 0.596176; 0.591768
40.2; 165417; 175918; 0.602203; 0.602365; 0.601373; 0.603128; 0.601299
40.4; 142914; 145720; 0.595869; 0.594389; 0.595637; 0.594544; 0.598265
40.6; 174168; 162159; 0.582377; 0.578874; 0.582152; 0.579096; 0.585673
40.8; 210356; 223138; 0.568461; 0.562087; 0.56842; 0.562194; 0.571618
41; 195861; 180273; 0.557487; 0.55137; 0.557304; 0.5517; 0.5616
41.2; 185943; 200468; 0.55117; 0.544869; 0.55108; 0.545056; 0.554182
41.4; 188300; 174263; 0.546678; 0.541402; 0.546153; 0.541838; 0.548364
41.6; 187006; 196790; 0.547002; 0.543976; 0.546999; 0.543865; 0.548076
41.8; 205191; 192232; 0.552299; 0.550512; 0.552468; 0.550365; 0.552421
42; 174872; 187593; 0.555346; 0.556195; 0.555525; 0.556184; 0.555196
42.2; 179460; 170715; 0.554434; 0.558155; 0.554616; 0.558206; 0.553876
42.4; 175075; 175072; 0.551279; 0.556179; 0.551141; 0.556459; 0.549017
42.6; 195435; 189158; 0.544229; 0.550651; 0.544261; 0.550563; 0.541427
42.8; 216353; 223196; 0.54354; 0.550103; 0.543714; 0.549759; 0.539696
43; 222814; 218341; 0.556715; 0.562641; 0.556684; 0.562496; 0.553909
43.2; 186999; 195862; 0.579071; 0.584001; 0.579216; 0.5838; 0.576299
43.4; 179873; 167143; 0.598286; 0.600442; 0.59848; 0.600383; 0.596698
43.6; 158290; 174641; 0.601014; 0.601379; 0.601188; 0.601559; 0.602115
43.8; 141382; 131926; 0.591952; 0.590558; 0.591997; 0.590624; 0.595348
44; 198094; 192095; 0.577868; 0.573077; 0.577724; 0.572981; 0.580757
44.2; 202468; 212860; 0.564699; 0.557771; 0.564637; 0.557657; 0.56766
44.4; 195061; 183519; 0.554609; 0.549107; 0.554664; 0.549018; 0.558559
44.6; 179551; 185705; 0.549604; 0.543477; 0.549686; 0.543626; 0.552509
44.8; 191063; 191464; 0.546171; 0.541548; 0.546407; 0.541629; 0.548131
45; 193103; 187299; 0.549066; 0.545934; 0.549187; 0.546048; 0.550024
45.2; 201186; 199786; 0.554072; 0.552602; 0.554025; 0.552731; 0.553765
45.4; 168986; 175948; 0.556199; 0.556574; 0.556138; 0.556575; 0.554986
45.6; 185272; 178520; 0.553604; 0.557774; 0.553616; 0.557637; 0.552037
45.8; 170192; 171767; 0.548969; 0.554474; 0.548955; 0.55448; 0.546358
46; 210459; 209214; 0.542719; 0.549285; 0.54276; 0.549327; 0.539876
46.2; 217621; 216851; 0.546396; 0.552726; 0.546516; 0.552668; 0.542942
46.4; 219273; 218435; 0.563529; 0.569334; 0.563478; 0.569352; 0.561098
46.6; 175908; 177202; 0.586731; 0.590958; 0.586806; 0.59085; 0.584213
46.8; 179477; 170717; 0.601033; 0.602516; 0.601013; 0.60233; 0.599362
47; 146556; 164028; 0.599852; 0.597937; 0.599719; 0.597952; 0.600702
47.2; 150343; 133357; 0.587407; 0.585332; 0.587448; 0.585332; 0.590808
47.4; 211543; 220345; 0.572678; 0.567899; 0.573064; 0.567645; 0.57643
47.6; 194486; 189099; 0.561013; 0.554603; 0.561075; 0.554708; 0.565028
47.8; 199557; 200419; 0.55314; 0.54692; 0.552934; 0.547218; 0.556417
48; 176366; 175164; 0.547983; 0.54262; 0.547897; 0.542645; 0.550559
48.2; 192925; 192266; 0.546392; 0.541994; 0.546286; 0.541917; 0.547117
48.4; 196594; 190694; 0.550607; 0.547733; 0.550623; 0.547685; 0.550815
48.6; 192888; 198460; 0.555146; 0.553978; 0.555188; 0.554053; 0.554531
48.8; 172679; 168431; 0.55588; 0.557155; 0.556033; 0.5572; 0.554704
49; 178859; 178811; 0.552583; 0.557475; 0.552722; 0.557597; 0.551369
49.2; 180110; 173612; 0.547013; 0.552555; 0.547048; 0.552642; 0.544152
49.4; 218712; 223379; 0.542445; 0.549036; 0.542421; 0.549035; 0.539208
49.6; 219494; 209873; 0.550833; 0.556428; 0.550853; 0.556204; 0.54713
49.8; 204985; 216808; 0.570564; 0.576042; 0.57043; 0.575957; 0.567773
50; 176147; 167897; 0.593405; 0.59571; 0.593696; 0.595324; 0.59047
50.2; 172173; 176798; 0.601521; 0.6031; 0.601531; 0.603258; 0.601578
50.4; 141025; 145271; 0.596208; 0.595301; 0.596302; 0.595405; 0.599009
50.6; 171690; 154522; 0.582994; 0.580021; 0.583079; 0.580125; 0.586791
50.8; 212927; 224420; 0.569036; 0.562663; 0.569076; 0.56275; 0.572222
51; 190186; 185074; 0.557466; 0.551864; 0.55741; 0.551948; 0.561727
51.2; 194662; 193969; 0.551152; 0.545195; 0.55104; 0.545279; 0.554192
51.4; 181429; 183151; 0.54666; 0.541674; 0.546558; 0.541765; 0.548824
51.6; 191658; 187731; 0.546892; 0.544128; 0.547069; 0.543916; 0.548164
51.8; 200571; 196191; 0.552534; 0.550257; 0.552659; 0.550194; 0.552617
52; 181903; 187094; 0.556096; 0.55547; 0.556041; 0.555693; 0.555289
52.2; 175024; 168338; 0.554853; 0.557738; 0.555003; 0.557776; 0.553762
52.4; 180301; 179263; 0.551184; 0.556275; 0.551236; 0.556364; 0.549266
52.6; 186652; 184353; 0.544358; 0.550565; 0.544313; 0.55065; 0.541475
52.8; 226704; 227892; 0.543225; 0.549839; 0.543113; 0.549902; 0.539643
53; 216015; 211916; 0.556298; 0.561778; 0.556004; 0.561984; 0.553362
53.2; 194009; 199225; 0.578599; 0.583223; 0.578338; 0.583365; 0.575553
53.4; 175081; 166862; 0.598303; 0.599844; 0.597732; 0.600312; 0.595904
53.6; 164447; 170526; 0.600905; 0.601857; 0.601483; 0.601386; 0.601806
53.8; 137648; 135819; 0.592148; 0.591192; 0.592451; 0.59101; 0.595555
54; 196367; 190185; 0.578556; 0.573397; 0.578349; 0.573649; 0.581669
54.2; 205853; 213670; 0.565063; 0.558593; 0.565271; 0.558454; 0.568459
54.4; 192576; 183598; 0.554175; 0.55026; 0.554289; 0.550178; 0.558994
54.6; 185210; 191451; 0.549837; 0.543826; 0.549938; 0.54379; 0.552699
54.8; 184827; 179608; 0.546178; 0.541388; 0.54596; 0.541665; 0.547833
55; 195285; 194134; 0.54743; 0.546296; 0.548455; 0.54533; 0.549179
55.2; 197767; 201146; 0.553732; 0.551759; 0.553427; 0.552197; 0.5534
55.4; 178941; 173687; 0.555726; 0.5568; 0.556193; 0.556479; 0.555157
55.6; 177376; 178856; 0.553968; 0.557864; 0.554229; 0.557698; 0.552667
55.8; 174692; 169054; 0.549425; 0.555098; 0.549753; 0.554853; 0.547129
56; 206884; 208173; 0.543298; 0.54923; 0.543048; 0.549511; 0.540047
56.2; 218641; 216614; 0.545596; 0.552138; 0.54562; 0.552094; 0.542143
56.4; 220446; 218355; 0.562062; 0.568034; 0.562111; 0.567966; 0.559772
56.6; 174638; 182835; 0.58546; 0.589202; 0.585281; 0.589471; 0.582674
56.8; 178402; 165401; 0.600834; 0.601741; 0.600433; 0.602372; 0.599442
57; 162982; 169737; 0.600454; 0.598352; 0.600491; 0.598232; 0.600897
57.2; 132913; 133888; 0.588445; 0.586437; 0.588338; 0.586475; 0.591778
57.4; 213950; 212107; 0.574517; 0.568438; 0.574377; 0.56881; 0.57773
57.6; 194392; 195962; 0.56163; 0.555064; 0.561707; 0.555199; 0.565569
57.8; 203840; 196211; 0.553307; 0.54705; 0.553223; 0.547219; 0.556658
58; 174307; 183619; 0.548216; 0.54251; 0.548025; 0.542511; 0.550435
58.2; 190839; 181382; 0.546601; 0.542297; 0.54634; 0.542096; 0.547068
58.4; 196856; 201445; 0.550893; 0.548003; 0.550788; 0.547778; 0.550789
58.6; 191528; 190726; 0.555477; 0.554153; 0.555485; 0.554174; 0.554695
58.8; 170305; 172757; 0.556033; 0.557177; 0.556236; 0.557375; 0.555186
59; 185065; 178296; 0.552566; 0.557415; 0.552803; 0.557618; 0.551657
59.2; 177815; 175006; 0.546877; 0.552731; 0.546962; 0.552847; 0.544301
59.4; 215947; 219648; 0.542259; 0.548876; 0.542102; 0.548769; 0.538771
59.6; 217989; 216197; 0.549967; 0.556066; 0.549758; 0.555861; 0.546218
59.8; 208015; 216768; 0.569883; 0.575242; 0.569819; 0.575152; 0.566938
60; 177346; 165975; 0.592022; 0.595749; 0.591996; 0.595898; 0.590352
60.2; 170125; 174145; 0.602174; 0.602642; 0.602325; 0.602696; 0.601359
60.4; 143139; 150682; 0.597003; 0.595672; 0.59699; 0.59583; 0.599465
60.6; 171117; 154747; 0.584602; 0.58002; 0.583821; 0.580758; 0.587135
60.8; 208247; 222801; 0.569323; 0.564021; 0.569817; 0.563432; 0.572674
61; 195580; 185523; 0.557877; 0.552671; 0.55838; 0.552091; 0.562197
61.2; 187057; 195898; 0.551231; 0.545636; 0.551699; 0.545293; 0.554766
61.4; 188548; 180853; 0.54631; 0.541974; 0.546983; 0.541525; 0.549121
61.6; 187717; 185654; 0.546753; 0.543354; 0.546886; 0.543293; 0.547975
61.8; 202208; 203553; 0.551398; 0.55044; 0.552098; 0.549724; 0.552102
62; 177813; 182106; 0.556145; 0.55524; 0.556181; 0.555182; 0.555009
62.2; 179965; 173448; 0.554883; 0.558391; 0.5555; 0.557745; 0.554008
62.4; 174536; 175662; 0.551944; 0.5564; 0.551799; 0.556602; 0.549545
62.6; 189421; 187684; 0.54478; 0.550814; 0.544795; 0.550931; 0.542114
62.8; 215877; 220867; 0.542685; 0.549512; 0.543094; 0.549222; 0.539438
63; 225773; 222287; 0.555046; 0.560748; 0.554871; 0.560999; 0.552262
63.2; 192485; 195173; 0.577074; 0.581808; 0.576923; 0.582026; 0.574368
63.4; 178441; 168101; 0.596785; 0.599803; 0.596588; 0.599988; 0.595071
63.6; 159339; 177392; 0.601664; 0.60171; 0.602369; 0.600901; 0.601613
63.8; 137470; 135304; 0.593732; 0.591357; 0.593108; 0.591847; 0.596078
64; 195012; 183223; 0.57867; 0.575522; 0.57968; 0.574417; 0.582435
64.2; 204026; 216666; 0.566022; 0.559097; 0.565754; 0.559386; 0.569156
64.4; 191977; 188351; 0.554567; 0.550562; 0.555623; 0.549651; 0.559577
64.6; 187689; 184871; 0.549959; 0.543829; 0.549816; 0.544032; 0.552761
64.8; 187204; 187456; 0.546099; 0.541405; 0.54629; 0.541167; 0.547795
65; 187737; 192876; 0.547977; 0.545733; 0.548564; 0.545188; 0.549181
65.2; 204140; 195279; 0.553864; 0.551739; 0.553706; 0.552047; 0.553567
65.4; 170333; 180675; 0.556108; 0.556626; 0.556634; 0.556273; 0.555434
65.6; 184030; 177085; 0.553935; 0.558012; 0.554067; 0.558033; 0.5529
65.8; 169845; 171813; 0.549611; 0.555154; 0.549759; 0.555056; 0.547237
66; 208921; 205161; 0.543141; 0.549474; 0.543032; 0.549478; 0.540007
66.2; 216030; 219277; 0.545694; 0.551693; 0.545293; 0.551978; 0.541762
66.4; 220713; 220309; 0.56147; 0.567317; 0.561412; 0.56736; 0.559011
66.6; 176993; 181986; 0.585245; 0.588381; 0.584982; 0.588701; 0.582056
66.8; 177242; 164960; 0.600102; 0.601974; 0.600354; 0.601872; 0.598925
67; 155293; 172818; 0.599384; 0.599395; 0.599564; 0.59939; 0.601123
67.2; 144724; 129944; 0.588508; 0.587085; 0.58845; 0.58694; 0.591794
67.4; 208027; 215887; 0.574601; 0.569083; 0.574526; 0.56893; 0.57736
67.6; 193923; 197624; 0.562263; 0.555626; 0.562202; 0.555606; 0.565772
67.8; 191034; 192961; 0.553371; 0.547941; 0.553725; 0.547783; 0.557334
68; 191585; 180750; 0.548491; 0.542761; 0.54859; 0.542885; 0.551329
68.2; 182864; 187298; 0.54616; 0.541831; 0.546082; 0.541871; 0.547338
68.4; 199878; 193073; 0.549988; 0.547235; 0.550034; 0.546981; 0.550161
68.6; 190526; 201438; 0.554902; 0.553522; 0.554798; 0.55344; 0.553908
68.8; 171575; 168969; 0.555688; 0.557321; 0.555917; 0.557083; 0.554644
69; 181897; 178938; 0.55303; 0.557626; 0.553104; 0.557739; 0.551758
69.2; 174686; 175668; 0.547367; 0.553296; 0.547509; 0.553426; 0.545016
69.4; 218372; 214920; 0.542435; 0.548967; 0.542514; 0.54903; 0.539482
69.6; 215756; 218988; 0.549356; 0.555208; 0.549079; 0.555399; 0.54581
69.8; 213424; 210762; 0.568322; 0.573899; 0.568117; 0.573829; 0.565494
70; 171460; 177634; 0.591702; 0.594122; 0.591557; 0.593897; 0.588186
70.2; 174381; 172484; 0.601766; 0.602606; 0.601536; 0.602685; 0.600574
70.4; 143954; 155374; 0.5974; 0.596108; 0.597205; 0.596451; 0.599724
70.6; 162287; 146485; 0.584402; 0.581722; 0.584625; 0.581808; 0.588276
70.8; 211743; 224108; 0.570028; 0.564601; 0.570486; 0.564352; 0.573771
71; 196172; 185694; 0.558468; 0.552755; 0.558091; 0.553195; 0.562708
71.2; 190018; 198364; 0.551252; 0.545872; 0.551572; 0.545476; 0.554656
71.4; 179880; 182487; 0.546914; 0.541913; 0.54686; 0.541883; 0.549116
71.6; 191670; 188868; 0.546992; 0.543218; 0.546811; 0.543355; 0.547905
71.8; 197268; 193860; 0.551867; 0.549729; 0.552127; 0.549618; 0.552325
72; 185232; 191101; 0.556014; 0.555018; 0.555399; 0.555884; 0.555279
72.2; 174428; 169369; 0.554939; 0.557766; 0.555079; 0.557853; 0.554127
72.4; 177544; 177428; 0.551731; 0.556453; 0.551623; 0.556647; 0.549665
72.6; 185247; 184332; 0.544897; 0.551152; 0.544887; 0.551121; 0.542072
72.8; 225105; 226613; 0.542713; 0.549404; 0.542703; 0.549295; 0.53907
73; 213868; 217706; 0.554924; 0.559866; 0.554257; 0.56046; 0.551559
73.2; 198707; 199803; 0.576381; 0.58143; 0.576683; 0.581217; 0.573737
73.4; 171983; 167000; 0.597253; 0.598849; 0.596311; 0.599821; 0.594837
73.6; 168688; 176295; 0.601559; 0.602142; 0.60205; 0.601696; 0.601845
73.8; 135895; 141667; 0.593294; 0.592266; 0.593746; 0.591859; 0.596364
74; 193744; 179145; 0.579663; 0.575359; 0.579749; 0.575329; 0.58307
74.2; 203708; 215522; 0.566298; 0.559666; 0.566177; 0.559766; 0.569368
74.4; 192062; 185372; 0.555384; 0.550827; 0.556158; 0.550034; 0.559896
74.6; 186946; 198451; 0.550434; 0.544235; 0.55035; 0.54444; 0.553455
74.8; 185572; 172689; 0.545416; 0.541896; 0.546315; 0.541147; 0.547928
75; 187519; 199448; 0.547661; 0.544881; 0.547392; 0.545249; 0.548779
75.2; 207261; 198750; 0.553284; 0.551407; 0.553486; 0.551262; 0.553112
75.4; 171504; 178314; 0.556192; 0.556274; 0.556425; 0.556078; 0.555103
75.6; 177826; 175730; 0.554236; 0.558334; 0.554582; 0.557972; 0.553121
75.8; 174657; 173638; 0.550264; 0.555696; 0.550604; 0.555389; 0.547935
76; 201581; 199378; 0.543536; 0.549707; 0.543489; 0.549805; 0.540498
76.2; 220355; 221491; 0.544622; 0.551436; 0.544742; 0.551308; 0.541264
76.4; 220112; 220399; 0.560149; 0.565865; 0.560076; 0.565824; 0.557452
76.6; 180286; 186018; 0.583252; 0.587857; 0.583074; 0.58784; 0.580428
76.8; 177947; 170621; 0.599868; 0.60186; 0.59949; 0.60222; 0.598359
77; 152692; 165788; 0.600906; 0.599333; 0.601057; 0.599387; 0.601672
77.2; 142839; 133217; 0.589675; 0.587952; 0.58969; 0.588131; 0.593222
77.4; 207108; 207985; 0.5751; 0.570204; 0.575395; 0.570053; 0.578756
77.6; 197045; 202356; 0.562686; 0.555856; 0.562635; 0.555942; 0.566196
77.8; 195767; 188090; 0.553073; 0.548497; 0.553332; 0.54814; 0.557072
78; 187097; 194582; 0.548669; 0.542956; 0.54868; 0.543021; 0.551446
78.2; 176135; 179468; 0.546237; 0.541781; 0.546338; 0.541898; 0.547747
78.4; 204972; 193060; 0.549552; 0.547384; 0.549731; 0.547448; 0.550773
78.6; 187883; 199687; 0.554672; 0.553433; 0.554942; 0.553334; 0.554315
78.8; 179094; 171546; 0.555812; 0.557095; 0.55583; 0.557104; 0.554743
79; 173914; 179962; 0.553055; 0.557556; 0.552982; 0.557542; 0.551434
79.2; 178382; 174647; 0.547671; 0.553506; 0.547616; 0.553473; 0.544796
79.4; 213493; 214442; 0.542347; 0.549023; 0.542361; 0.549029; 0.53937
79.6; 218882; 218953; 0.549064; 0.554508; 0.549037; 0.554615; 0.545472
79.8; 209091; 211760; 0.567308; 0.573161; 0.567407; 0.573095; 0.56496
80; 177292; 175705; 0.590253; 0.594089; 0.59055; 0.593726; 0.58789
80.2; 173838; 174030; 0.601379; 0.602837; 0.601618; 0.602376; 0.600219
80.4; 143687; 159157; 0.59832; 0.595854; 0.598187; 0.595999; 0.599632
80.6; 159267; 143352; 0.584848; 0.582659; 0.584998; 0.582574; 0.588619
80.8; 212650; 225464; 0.570812; 0.565202; 0.570846; 0.565303; 0.574268
81; 193549; 184991; 0.55957; 0.552895; 0.559518; 0.553086; 0.563437
81.2; 192634; 199473; 0.552071; 0.545816; 0.552214; 0.545753; 0.555185
81.4; 180726; 179191; 0.547065; 0.542011; 0.546928; 0.542114; 0.549471
81.6; 192525; 191806; 0.54669; 0.542809; 0.546687; 0.542694; 0.547484
81.8; 195082; 196662; 0.551555; 0.549315; 0.551455; 0.549391; 0.551783
82; 189506; 188218; 0.554707; 0.556148; 0.554685; 0.556275; 0.555148
82.2; 170850; 173047; 0.554886; 0.558242; 0.555206; 0.558153; 0.554447
82.4; 179645; 172044; 0.551914; 0.556893; 0.551984; 0.557015; 0.550213
82.6; 181850; 183206; 0.5454; 0.551445; 0.545407; 0.5515; 0.542603
82.8; 225197; 225008; 0.542648; 0.54935; 0.542499; 0.549354; 0.539071
83; 215753; 217743; 0.553841; 0.559292; 0.553475; 0.559432; 0.550371
83.2; 197650; 204136; 0.575038; 0.580218; 0.574786; 0.580235; 0.572043
