0.004; 10225.5; 4904.29; 3.16079e-05; 3.14736e-05; 3.1601e-05; 3.14617e-05; 3.06743e-05
0.2; 73310.7; 63359.9; 0.0239046; 0.0220216; 0.0239083; 0.0220268; 0.0230009
0.4; 90281.5; 104913; 0.130536; 0.132092; 0.130578; 0.13212; 0.131809
0.6; 62390.7; 60351.9; 0.281252; 0.281044; 0.281341; 0.281092; 0.282433
0.8; 74892.9; 78201.4; 0.435869; 0.432819; 0.435933; 0.432891; 0.435902
1; 78206.3; 82973.1; 0.560144; 0.557253; 0.560217; 0.557296; 0.561451
1.2; 91775.3; 104597; 0.626485; 0.622422; 0.626425; 0.622548; 0.628806
1.4; 101926; 106991; 0.623229; 0.618407; 0.623322; 0.618335; 0.627216
1.6; 130822; 130325; 0.564158; 0.557952; 0.564111; 0.5579; 0.567388
1.8; 152966; 150421; 0.491101; 0.48752; 0.490784; 0.487632; 0.494099
2; 162875; 164033; 0.452044; 0.449247; 0.451884; 0.449322; 0.452706
2.2; 161483; 162821; 0.46275; 0.463499; 0.462971; 0.463289; 0.462353
2.4; 150083; 150118; 0.507008; 0.508469; 0.507321; 0.508101; 0.504806
2.6; 136769; 138530; 0.54953; 0.551041; 0.549331; 0.551239; 0.545927
2.8; 127207; 127911; 0.56363; 0.568198; 0.564075; 0.567822; 0.56133
3; 128472; 130966; 0.550686; 0.555549; 0.55056; 0.555846; 0.548501
3.2; 132750; 137098; 0.530133; 0.535043; 0.530013; 0.535379; 0.526597
3.4; 132161; 143240; 0.540153; 0.54379; 0.540442; 0.543395; 0.536328
3.6; 127019; 125848; 0.585018; 0.588367; 0.584417; 0.588527; 0.581176
3.8; 107841; 104916; 0.629299; 0.63173; 0.628973; 0.631606; 0.625842
4; 110856; 107330; 0.644211; 0.646028; 0.644218; 0.645909; 0.642794
4.2; 116840; 114241; 0.627059; 0.627627; 0.627839; 0.627212; 0.628259
4.4; 130320; 128662; 0.601751; 0.600045; 0.601202; 0.600892; 0.603928
4.6; 134864; 132754; 0.588046; 0.583447; 0.588128; 0.583537; 0.590223
4.8; 124091; 129727; 0.586852; 0.582227; 0.586932; 0.582035; 0.590289
5; 101869; 112329; 0.58342; 0.578217; 0.582446; 0.578835; 0.586367
5.2; 102202; 102106; 0.565919; 0.560237; 0.565717; 0.559982; 0.568912
5.4; 104617; 108318; 0.537374; 0.531602; 0.537192; 0.531644; 0.5401
5.6; 124660; 125339; 0.509489; 0.508174; 0.509958; 0.507952; 0.513531
5.8; 131898; 128911; 0.502604; 0.498972; 0.501963; 0.500028; 0.504273
6; 132035; 127459; 0.510582; 0.508101; 0.510954; 0.508023; 0.51095
6.2; 122198; 123621; 0.521632; 0.522838; 0.521621; 0.522886; 0.522418
6.4; 114911; 113709; 0.52687; 0.528228; 0.526651; 0.528311; 0.525503
6.6; 116963; 116254; 0.521999; 0.523588; 0.52214; 0.523283; 0.518893
6.8; 127197; 128891; 0.514446; 0.519187; 0.514997; 0.518628; 0.511631
7; 143654; 138692; 0.520032; 0.525998; 0.52004; 0.526171; 0.517423
7.2; 140392; 137737; 0.544525; 0.549458; 0.544631; 0.549606; 0.541188
7.4; 126158; 129330; 0.573214; 0.576312; 0.572599; 0.576957; 0.569308
7.6; 128104; 124641; 0.591739; 0.597248; 0.591792; 0.597057; 0.589081
7.8; 139511; 135508; 0.607024; 0.608536; 0.606646; 0.60896; 0.603752
8; 134272; 134627; 0.617904; 0.620342; 0.618796; 0.61965; 0.617011
8.2; 129270; 124854; 0.625928; 0.626621; 0.626842; 0.625822; 0.626296
8.4; 111592; 114788; 0.623583; 0.621665; 0.623161; 0.62205; 0.624939
8.6; 125692; 121711; 0.606831; 0.604259; 0.606536; 0.604534; 0.609972
8.8; 131564; 128553; 0.584946; 0.58136; 0.585774; 0.580553; 0.589381
9; 143773; 144135; 0.561719; 0.556011; 0.561771; 0.555956; 0.565348
9.2; 160373; 158464; 0.540836; 0.535905; 0.541215; 0.53562; 0.544971
9.4; 146221; 140933; 0.528062; 0.524694; 0.528203; 0.524684; 0.531591
9.6; 133683; 136218; 0.526034; 0.521729; 0.526166; 0.521709; 0.527561
9.8; 144011; 140716; 0.526387; 0.522491; 0.526346; 0.522506; 0.527853
10; 133190; 133360; 0.518672; 0.516427; 0.518808; 0.516126; 0.5194
10.2; 152519; 152856; 0.505954; 0.506645; 0.505942; 0.506622; 0.506062
10.4; 161911; 155874; 0.500895; 0.503436; 0.500946; 0.503506; 0.500212
10.6; 159163; 158351; 0.507801; 0.51206; 0.507861; 0.512122; 0.505839
10.8; 154589; 150414; 0.522792; 0.527322; 0.522687; 0.527548; 0.51994
11; 147117; 149616; 0.537262; 0.542477; 0.537345; 0.542454; 0.5348
11.2; 146402; 141821; 0.548102; 0.553386; 0.548104; 0.553462; 0.545515
11.4; 173014; 173191; 0.561065; 0.566636; 0.561179; 0.566669; 0.557982
11.6; 171923; 166686; 0.583572; 0.588062; 0.583487; 0.588323; 0.580553
11.8; 146421; 145611; 0.610453; 0.614558; 0.610772; 0.614299; 0.60785
12; 138328; 130825; 0.625148; 0.627362; 0.625012; 0.627424; 0.623454
12.2; 157124; 168055; 0.623432; 0.622202; 0.623546; 0.622009; 0.62276
12.4; 137665; 126638; 0.614623; 0.613028; 0.614886; 0.612733; 0.61671
12.6; 146299; 151929; 0.604923; 0.602932; 0.605029; 0.602904; 0.608985
12.8; 148469; 144401; 0.590623; 0.586513; 0.591479; 0.58571; 0.594762
13; 158277; 153989; 0.567398; 0.561085; 0.567107; 0.561339; 0.570549
13.2; 168144; 170903; 0.540049; 0.535089; 0.540336; 0.534792; 0.543683
13.4; 165790; 162834; 0.524379; 0.519468; 0.5244; 0.519555; 0.527144
13.6; 172198; 168761; 0.524652; 0.519748; 0.524705; 0.519777; 0.526584
13.8; 153953; 148042; 0.526811; 0.523474; 0.526942; 0.523407; 0.528696
14; 149213; 152716; 0.520881; 0.519555; 0.521163; 0.519267; 0.521983
14.2; 171211; 166067; 0.511075; 0.510367; 0.511302; 0.510133; 0.509986
14.4; 175827; 174057; 0.504928; 0.506321; 0.504766; 0.506533; 0.503198
14.6; 180246; 177885; 0.507615; 0.51201; 0.507685; 0.512063; 0.506109
14.8; 173986; 169144; 0.520862; 0.525503; 0.520724; 0.525757; 0.518257
15; 158815; 162982; 0.535645; 0.539857; 0.535654; 0.539943; 0.532823
15.2; 167562; 160385; 0.546957; 0.552143; 0.546765; 0.552428; 0.544242
15.4; 189380; 192058; 0.560717; 0.566695; 0.561263; 0.566267; 0.557535
15.6; 187187; 181767; 0.5842; 0.588017; 0.584618; 0.587652; 0.580453
15.8; 164032; 158834; 0.610768; 0.613724; 0.61027; 0.61427; 0.607502
16; 156210; 149944; 0.62437; 0.626443; 0.624452; 0.626379; 0.622824
16.2; 162952; 174705; 0.622746; 0.622398; 0.622827; 0.622321; 0.622642
16.4; 142364; 128659; 0.615011; 0.613717; 0.614756; 0.613902; 0.61722
16.6; 169013; 174219; 0.605623; 0.603719; 0.606299; 0.603045; 0.609528
16.8; 157653; 153776; 0.591441; 0.586159; 0.5912; 0.586417; 0.59486
17; 169797; 169542; 0.566493; 0.560954; 0.566718; 0.560791; 0.570015
17.2; 179934; 177735; 0.539634; 0.533735; 0.539166; 0.534255; 0.542945
17.4; 190056; 184297; 0.524416; 0.519792; 0.524542; 0.519609; 0.52727
17.6; 186417; 186254; 0.526268; 0.521412; 0.526192; 0.521483; 0.528119
17.8; 164450; 160675; 0.526992; 0.523828; 0.527319; 0.523648; 0.529094
18; 160283; 158427; 0.518863; 0.518209; 0.519031; 0.518351; 0.520532
18.2; 191797; 189592; 0.508686; 0.509905; 0.50886; 0.509975; 0.509122
18.4; 192044; 184983; 0.504549; 0.505651; 0.505028; 0.505251; 0.50285
18.6; 199831; 203904; 0.509536; 0.511207; 0.509288; 0.511481; 0.506627
18.8; 187011; 175706; 0.5231; 0.525864; 0.522049; 0.526891; 0.519419
19; 168647; 173407; 0.536193; 0.541352; 0.536282; 0.541357; 0.53377
19.2; 178054; 170610; 0.54643; 0.551218; 0.546142; 0.551658; 0.543524
19.4; 209456; 211700; 0.558181; 0.563993; 0.558678; 0.563655; 0.554982
19.6; 213537; 204173; 0.581148; 0.58638; 0.581393; 0.586226; 0.578282
19.8; 177729; 175556; 0.609801; 0.613973; 0.609722; 0.614118; 0.607204
20; 150623; 148848; 0.6261; 0.626928; 0.626311; 0.626889; 0.623788
20.2; 178210; 178035; 0.621889; 0.623065; 0.622031; 0.622999; 0.622885
20.4; 152881; 147989; 0.613314; 0.612743; 0.613548; 0.612507; 0.615806
20.6; 189978; 190003; 0.606089; 0.601519; 0.605869; 0.601595; 0.608289
20.8; 166920; 167318; 0.591104; 0.588238; 0.59135; 0.587882; 0.595519
21; 169821; 172115; 0.569159; 0.56317; 0.568142; 0.564195; 0.572421
21.2; 182242; 178741; 0.541157; 0.536392; 0.54192; 0.535714; 0.54502
21.4; 207881; 200829; 0.523667; 0.518444; 0.523318; 0.518709; 0.526242
21.6; 212212; 207952; 0.523246; 0.518605; 0.523264; 0.51843; 0.524901
21.8; 166519; 179384; 0.527436; 0.524217; 0.527741; 0.523965; 0.529397
22; 164137; 151127; 0.520967; 0.520643; 0.521788; 0.520134; 0.522967
22.2; 198434; 201166; 0.509828; 0.511192; 0.510159; 0.511201; 0.510624
22.4; 202208; 195202; 0.504302; 0.504658; 0.503271; 0.505877; 0.50253
22.6; 220467; 222752; 0.507212; 0.50962; 0.506581; 0.510361; 0.504719
22.8; 195592; 186811; 0.520203; 0.524947; 0.520272; 0.524937; 0.517632
23; 184947; 190036; 0.536106; 0.54096; 0.536078; 0.541138; 0.533444
23.2; 170800; 167636; 0.547435; 0.552961; 0.547496; 0.553063; 0.545079
23.4; 216426; 211071; 0.559661; 0.564579; 0.559839; 0.564614; 0.556189
23.6; 223791; 227638; 0.580707; 0.585475; 0.58112; 0.585221; 0.577753
23.8; 186202; 179831; 0.607538; 0.611809; 0.607375; 0.612067; 0.60502
24; 148199; 149380; 0.625468; 0.627684; 0.625277; 0.627966; 0.623676
24.2; 187904; 184535; 0.624611; 0.623421; 0.624882; 0.623272; 0.624254
24.4; 150600; 152694; 0.614841; 0.613518; 0.614485; 0.613938; 0.61691
24.6; 191210; 188543; 0.604535; 0.602859; 0.604739; 0.602452; 0.608123
24.8; 167574; 173445; 0.591852; 0.586817; 0.591519; 0.586963; 0.595237
25; 175896; 170180; 0.568765; 0.563437; 0.567938; 0.564137; 0.572241
25.2; 182100; 189193; 0.542202; 0.536593; 0.542009; 0.536716; 0.54543
25.4; 203655; 193697; 0.524216; 0.519816; 0.524533; 0.519331; 0.527107
25.6; 208450; 207378; 0.523169; 0.519549; 0.523561; 0.518964; 0.525245
25.8; 178272; 187520; 0.52633; 0.523581; 0.526595; 0.523351; 0.528544
26; 157437; 151135; 0.521234; 0.520271; 0.522267; 0.519478; 0.522992
26.2; 204341; 200097; 0.512; 0.510746; 0.51071; 0.512248; 0.511094
26.4; 196142; 196290; 0.504448; 0.506619; 0.504388; 0.506782; 0.503422
26.6; 218970; 214967; 0.506842; 0.510592; 0.506621; 0.510852; 0.504964
26.8; 194398; 195625; 0.519825; 0.523744; 0.519547; 0.524112; 0.516797
27; 183852; 184205; 0.534677; 0.539236; 0.535611; 0.538572; 0.532271
27.2; 175046; 172795; 0.546425; 0.551346; 0.546184; 0.551887; 0.54391
27.4; 217965; 215911; 0.559639; 0.565123; 0.560082; 0.564832; 0.556267
27.6; 215314; 219044; 0.582679; 0.585102; 0.581792; 0.586021; 0.57828
27.8; 181761; 174470; 0.607931; 0.612662; 0.607985; 0.612666; 0.605436
28; 165431; 162474; 0.624328; 0.626351; 0.6247; 0.626126; 0.622741
28.2; 178011; 180222; 0.623587; 0.623315; 0.623783; 0.623203; 0.623466
28.4; 149749; 147825; 0.615116; 0.614758; 0.615071; 0.614673; 0.617488
28.6; 186114; 183808; 0.606049; 0.603982; 0.606266; 0.603584; 0.60946
28.8; 163517; 169298; 0.591941; 0.587574; 0.592239; 0.587109; 0.595508
29; 179060; 179213; 0.568385; 0.562511; 0.567444; 0.563317; 0.571506
29.2; 186820; 182675; 0.540536; 0.536157; 0.541315; 0.535278; 0.54443
29.4; 202848; 204607; 0.525299; 0.519776; 0.524743; 0.520167; 0.527606
29.6; 206201; 201681; 0.52538; 0.521016; 0.525546; 0.520668; 0.527212
29.8; 173309; 175280; 0.527443; 0.523554; 0.526992; 0.523924; 0.528995
30; 164845; 164804; 0.52094; 0.51838; 0.520955; 0.518425; 0.521408
30.2; 201229; 199268; 0.510903; 0.50976; 0.510881; 0.509956; 0.510126
30.4; 201733; 198574; 0.504424; 0.506299; 0.504769; 0.506053; 0.503234
30.6; 216294; 217486; 0.507796; 0.5114; 0.507741; 0.511417; 0.505908
30.8; 190975; 187381; 0.520606; 0.525555; 0.520649; 0.525416; 0.517946
31; 182627; 185512; 0.535436; 0.540159; 0.535587; 0.540044; 0.532666
31.2; 177607; 175263; 0.545504; 0.551019; 0.545596; 0.551132; 0.543103
31.4; 214373; 214677; 0.557685; 0.562787; 0.557691; 0.563108; 0.554383
31.6; 224703; 225228; 0.580484; 0.584069; 0.580065; 0.584878; 0.577172
31.8; 187476; 173854; 0.607647; 0.612407; 0.608039; 0.61218; 0.605346
32; 145419; 156417; 0.625131; 0.626779; 0.624889; 0.627026; 0.623004
32.2; 187583; 177894; 0.623004; 0.624117; 0.623497; 0.623636; 0.623419
32.4; 148909; 157579; 0.614667; 0.613781; 0.614527; 0.613926; 0.617025
32.6; 193852; 184643; 0.606647; 0.602406; 0.606567; 0.60242; 0.608964
32.8; 164170; 171042; 0.592042; 0.588812; 0.592185; 0.588471; 0.59611
33; 183821; 174501; 0.569547; 0.565243; 0.569002; 0.565415; 0.573225
33.2; 172987; 177704; 0.542863; 0.537105; 0.542965; 0.536709; 0.545678
33.4; 203818; 210184; 0.524384; 0.519295; 0.524174; 0.519383; 0.526989
33.6; 214849; 204040; 0.523631; 0.518926; 0.523686; 0.518869; 0.525607
33.8; 173660; 178139; 0.52767; 0.523981; 0.527611; 0.524033; 0.529367
34; 161233; 159801; 0.522808; 0.520197; 0.522787; 0.520237; 0.523242
34.2; 197968; 196948; 0.512448; 0.511101; 0.512332; 0.511229; 0.511427
34.4; 199256; 192861; 0.504839; 0.505922; 0.504949; 0.505796; 0.503151
34.6; 220675; 224114; 0.506292; 0.510191; 0.506092; 0.510406; 0.504587
34.8; 193793; 190512; 0.518969; 0.523732; 0.519236; 0.523589; 0.516546
35; 186330; 185500; 0.534867; 0.5394; 0.535004; 0.539532; 0.532245
35.2; 175052; 175170; 0.546265; 0.551712; 0.546557; 0.551765; 0.544079
35.4; 211448; 206901; 0.558493; 0.563776; 0.55851; 0.563948; 0.555171
35.6; 220235; 228360; 0.579548; 0.584312; 0.579802; 0.584085; 0.576401
35.8; 187556; 178349; 0.606593; 0.61089; 0.606536; 0.61099; 0.603895
36; 155786; 152915; 0.625028; 0.626464; 0.624499; 0.62713; 0.622917
36.2; 177409; 183839; 0.62363; 0.624173; 0.624798; 0.623122; 0.623964
36.4; 161855; 150125; 0.615163; 0.614394; 0.614945; 0.614516; 0.61731
36.6; 178540; 182278; 0.606889; 0.602602; 0.605876; 0.60347; 0.609138
36.8; 166534; 173690; 0.592842; 0.588511; 0.592903; 0.588269; 0.596492
37; 185119; 174571; 0.569593; 0.565599; 0.570399; 0.564592; 0.573573
37.2; 177005; 180992; 0.543117; 0.53761; 0.54268; 0.53791; 0.546403
37.4; 205779; 205818; 0.525073; 0.519685; 0.525067; 0.519743; 0.527803
37.6; 207198; 201278; 0.523741; 0.519007; 0.523602; 0.519246; 0.525796
37.8; 182092; 182574; 0.527265; 0.523427; 0.527225; 0.523443; 0.528933
38; 157468; 159558; 0.522699; 0.520105; 0.522314; 0.520322; 0.523023
38.2; 201321; 196795; 0.512502; 0.511336; 0.511618; 0.512041; 0.511339
38.4; 195523; 192758; 0.505174; 0.506125; 0.505475; 0.505794; 0.5034
38.6; 219678; 221563; 0.506317; 0.510351; 0.507403; 0.509326; 0.504738
38.8; 196179; 190733; 0.519217; 0.523101; 0.518811; 0.52369; 0.516478
39; 184003; 186645; 0.53415; 0.539077; 0.534405; 0.539058; 0.531764
39.2; 176498; 172700; 0.545977; 0.550759; 0.545698; 0.551254; 0.543292
39.4; 211374; 211392; 0.557993; 0.563477; 0.558355; 0.563321; 0.554713
39.6; 224296; 224976; 0.579024; 0.584194; 0.578993; 0.584365; 0.576228
39.8; 184040; 176465; 0.606541; 0.610316; 0.606599; 0.610352; 0.603553
40; 159882; 157762; 0.624581; 0.626605; 0.625283; 0.625918; 0.622498
40.2; 175133; 184206; 0.62436; 0.62335; 0.623607; 0.624076; 0.623684
40.4; 155152; 148304; 0.615435; 0.614853; 0.615122; 0.615023; 0.617587
40.6; 186876; 182666; 0.607538; 0.602703; 0.607494; 0.602719; 0.609519
40.8; 173594; 172850; 0.592794; 0.589455; 0.592874; 0.589266; 0.596992
41; 170337; 170794; 0.569924; 0.565872; 0.56954; 0.566067; 0.57394
41.2; 187013; 184786; 0.543682; 0.537578; 0.543684; 0.537408; 0.546512
41.4; 197944; 204987; 0.524974; 0.520046; 0.524737; 0.520229; 0.527864
41.6; 216561; 199729; 0.524031; 0.519237; 0.524; 0.519363; 0.526003
41.8; 173613; 183638; 0.527556; 0.523738; 0.527535; 0.523984; 0.529601
42; 160932; 157994; 0.52276; 0.520181; 0.522707; 0.520448; 0.523737
42.2; 201916; 193942; 0.512495; 0.511633; 0.512747; 0.511495; 0.511838
42.4; 195515; 201126; 0.50555; 0.505647; 0.505414; 0.505776; 0.503442
42.6; 217706; 215707; 0.50609; 0.510141; 0.506122; 0.510125; 0.504489
42.8; 199144; 189313; 0.518827; 0.523092; 0.518909; 0.52314; 0.516238
43; 186507; 186879; 0.535284; 0.538384; 0.535258; 0.538612; 0.531887
43.2; 172864; 170330; 0.545916; 0.551237; 0.545916; 0.551358; 0.543342
43.4; 211486; 212417; 0.557515; 0.562896; 0.557349; 0.562965; 0.55384
43.6; 225065; 225908; 0.57888; 0.582218; 0.578966; 0.581906; 0.574577
43.8; 184870; 186707; 0.605592; 0.609598; 0.606107; 0.609021; 0.602437
44; 155770; 148749; 0.624204; 0.627165; 0.62432; 0.62726; 0.622772
44.2; 181738; 179823; 0.625041; 0.623574; 0.624827; 0.623994; 0.624488
44.4; 149322; 153195; 0.615665; 0.614671; 0.616018; 0.614276; 0.61745
44.6; 192559; 185134; 0.605764; 0.604289; 0.605821; 0.603991; 0.60931
44.8; 168203; 173430; 0.594092; 0.588688; 0.593711; 0.58896; 0.597193
45; 172504; 173493; 0.571551; 0.565689; 0.571651; 0.565809; 0.575158
45.2; 186105; 179827; 0.544201; 0.539128; 0.544438; 0.539305; 0.548486
45.4; 198559; 198678; 0.525456; 0.520381; 0.525464; 0.520446; 0.528433
45.6; 221021; 204687; 0.523465; 0.518861; 0.522393; 0.519564; 0.524896
45.8; 170041; 191836; 0.527268; 0.523256; 0.527261; 0.523076; 0.528657
46; 163781; 151331; 0.52288; 0.520324; 0.522166; 0.521251; 0.523869
46.2; 196361; 193785; 0.512622; 0.511555; 0.512435; 0.512245; 0.51254
46.4; 203329; 194135; 0.505013; 0.506041; 0.505573; 0.505885; 0.503918
46.6; 211405; 215976; 0.505847; 0.509784; 0.50623; 0.509542; 0.504375
46.8; 203220; 196021; 0.518215; 0.522493; 0.518049; 0.52252; 0.515269
47; 182325; 183543; 0.533826; 0.538151; 0.53438; 0.537382; 0.530441
47.2; 177673; 182234; 0.545327; 0.550646; 0.545226; 0.550711; 0.542659
47.4; 209983; 204472; 0.557471; 0.563159; 0.558285; 0.562631; 0.554391
47.6; 226432; 224495; 0.578441; 0.583421; 0.579292; 0.582908; 0.575779
47.8; 181950; 177297; 0.605152; 0.610079; 0.605222; 0.61008; 0.602653
48; 159278; 158769; 0.624014; 0.626205; 0.624186; 0.625903; 0.621765
48.2; 184104; 189515; 0.62461; 0.623707; 0.624581; 0.623768; 0.62397
48.4; 148862; 141301; 0.615745; 0.615664; 0.615793; 0.615693; 0.618281
48.6; 187784; 184497; 0.60722; 0.604496; 0.607145; 0.604663; 0.61049
48.8; 167205; 171002; 0.594376; 0.589032; 0.594064; 0.589287; 0.597587
49; 177517; 175485; 0.571207; 0.565745; 0.571188; 0.565584; 0.574461
49.2; 179869; 182362; 0.544158; 0.538294; 0.544072; 0.538203; 0.547191
49.4; 204525; 200860; 0.525896; 0.520735; 0.525685; 0.520918; 0.52877
49.6; 211092; 198044; 0.52457; 0.519836; 0.524306; 0.520206; 0.52667
49.8; 171081; 185245; 0.527013; 0.523824; 0.526866; 0.524067; 0.529308
50; 168470; 159767; 0.521883; 0.519862; 0.521422; 0.520383; 0.522914
50.2; 199197; 199383; 0.512069; 0.510641; 0.512087; 0.51065; 0.511102
50.4; 197224; 194275; 0.504443; 0.506227; 0.503903; 0.506771; 0.503332
50.6; 217545; 212216; 0.506302; 0.510222; 0.506743; 0.509843; 0.504728
50.8; 195359; 199817; 0.519485; 0.522445; 0.519083; 0.522914; 0.516139
51; 187706; 176978; 0.534345; 0.537918; 0.533698; 0.538663; 0.531146
51.2; 172651; 180525; 0.544843; 0.549942; 0.544777; 0.550134; 0.542162
51.4; 215709; 207435; 0.556403; 0.561868; 0.556233; 0.562061; 0.552856
51.6; 221798; 229987; 0.57702; 0.582521; 0.577225; 0.5824; 0.574284
51.8; 187908; 177056; 0.605082; 0.609559; 0.605069; 0.609644; 0.602316
52; 155327; 156209; 0.62424; 0.626295; 0.624967; 0.62567; 0.622104
52.2; 181990; 180100; 0.62387; 0.624074; 0.623476; 0.624438; 0.623741
52.4; 148564; 153439; 0.615158; 0.615208; 0.616282; 0.613944; 0.617338
52.6; 192116; 182446; 0.60814; 0.603184; 0.607379; 0.603875; 0.61001
52.8; 167577; 169351; 0.593973; 0.590956; 0.594746; 0.590212; 0.598435
53; 175805; 178492; 0.572469; 0.567776; 0.571588; 0.568729; 0.576458
53.2; 180473; 176922; 0.545274; 0.539571; 0.545565; 0.539349; 0.548678
53.4; 202629; 202237; 0.525404; 0.520148; 0.524634; 0.52083; 0.52822
53.6; 216661; 206120; 0.523257; 0.518768; 0.522979; 0.51898; 0.525292
53.8; 172188; 185790; 0.528049; 0.523868; 0.527891; 0.524212; 0.529813
54; 167463; 153429; 0.52256; 0.521217; 0.522161; 0.521891; 0.524481
54.2; 188725; 192656; 0.511312; 0.512631; 0.511893; 0.51219; 0.511935
54.4; 204869; 199067; 0.505074; 0.505079; 0.504946; 0.505214; 0.503021
54.6; 215810; 215723; 0.506425; 0.508184; 0.505565; 0.509029; 0.503719
54.8; 201888; 198194; 0.517392; 0.522578; 0.517545; 0.522553; 0.515252
55; 182278; 181252; 0.533847; 0.537945; 0.533604; 0.538484; 0.531101
55.2; 177889; 176081; 0.545169; 0.550716; 0.545599; 0.550659; 0.543161
55.4; 208545; 202803; 0.556769; 0.561824; 0.556431; 0.562351; 0.553293
55.6; 229448; 229215; 0.576568; 0.581396; 0.576215; 0.58168; 0.573319
55.8; 181934; 186342; 0.603663; 0.608005; 0.603592; 0.607959; 0.600555
56; 163867; 151152; 0.624772; 0.62569; 0.624738; 0.625881; 0.621996
56.2; 171479; 178780; 0.62517; 0.624768; 0.625203; 0.624871; 0.624894
56.4; 161251; 153904; 0.615719; 0.615903; 0.615698; 0.615838; 0.618033
56.6; 183319; 178042; 0.607106; 0.604059; 0.60764; 0.603419; 0.609812
56.8; 173830; 180566; 0.59467; 0.589926; 0.594577; 0.589874; 0.598043
57; 173928; 166747; 0.571817; 0.568623; 0.571603; 0.568756; 0.576469
57.2; 182567; 188596; 0.546287; 0.540293; 0.546114; 0.540456; 0.549479
57.4; 199714; 197087; 0.526187; 0.520654; 0.525899; 0.520928; 0.528874
57.6; 210907; 195430; 0.522962; 0.518542; 0.522498; 0.5189; 0.5249
57.8; 188897; 194762; 0.526989; 0.522984; 0.526911; 0.523041; 0.52874
58; 153241; 150815; 0.523541; 0.520632; 0.522432; 0.5218; 0.524233
58.2; 197896; 198681; 0.513248; 0.512338; 0.513239; 0.512469; 0.512847
58.4; 199285; 190918; 0.505234; 0.506368; 0.505693; 0.50608; 0.503927
58.6; 216694; 214228; 0.505496; 0.509101; 0.505422; 0.509265; 0.503851
58.8; 200096; 202067; 0.516942; 0.521507; 0.517013; 0.521538; 0.514532
59; 188898; 177968; 0.532702; 0.537; 0.532468; 0.537332; 0.529715
59.2; 170841; 180950; 0.544597; 0.550152; 0.544724; 0.550194; 0.542386
59.4; 212653; 200888; 0.557133; 0.562403; 0.557107; 0.562623; 0.553772
59.6; 220938; 226321; 0.577109; 0.582; 0.577794; 0.581502; 0.574079
59.8; 189088; 179153; 0.603955; 0.608064; 0.603896; 0.608202; 0.600986
60; 162323; 161170; 0.622974; 0.62634; 0.623087; 0.626249; 0.621429
60.2; 180917; 181332; 0.624884; 0.624071; 0.625233; 0.623714; 0.62401
60.4; 150810; 153400; 0.616738; 0.61559; 0.616201; 0.616112; 0.618401
60.6; 185564; 173271; 0.607505; 0.60547; 0.60802; 0.604953; 0.610962
60.8; 172339; 176717; 0.595524; 0.590127; 0.595317; 0.59024; 0.598599
61; 179475; 172507; 0.572236; 0.568038; 0.572912; 0.567283; 0.576281
61.2; 178908; 180217; 0.545614; 0.539832; 0.545252; 0.540098; 0.548849
61.4; 200881; 202686; 0.526304; 0.521168; 0.526379; 0.520997; 0.529099
61.6; 208113; 195022; 0.524434; 0.519721; 0.52437; 0.519707; 0.526312
61.8; 182495; 190650; 0.527299; 0.5238; 0.527378; 0.523883; 0.529615
62; 160382; 155684; 0.522439; 0.520362; 0.522465; 0.520693; 0.523987
62.2; 199995; 188657; 0.51263; 0.511077; 0.512809; 0.511172; 0.512059
62.4; 199099; 202930; 0.504579; 0.50632; 0.504489; 0.506475; 0.503593
62.6; 217603; 211579; 0.505654; 0.509592; 0.505699; 0.509429; 0.503938
62.8; 197086; 201974; 0.517733; 0.522312; 0.517637; 0.522321; 0.515106
63; 186041; 176492; 0.533215; 0.537966; 0.53331; 0.537913; 0.530444
63.2; 173212; 177001; 0.544402; 0.549891; 0.544536; 0.549956; 0.542127
63.4; 216178; 206523; 0.555452; 0.560999; 0.555716; 0.560928; 0.552211
63.6; 223740; 230203; 0.57667; 0.579266; 0.576797; 0.579209; 0.57226
63.8; 188820; 179567; 0.603398; 0.607577; 0.602961; 0.607952; 0.600233
64; 156792; 159268; 0.623146; 0.6267; 0.623248; 0.626724; 0.621646
64.2; 179316; 171691; 0.624754; 0.624471; 0.624969; 0.624469; 0.624475
64.4; 152996; 161610; 0.615972; 0.615977; 0.616103; 0.615903; 0.618265
64.6; 190432; 171141; 0.606949; 0.605414; 0.606909; 0.605206; 0.610301
64.8; 167513; 184807; 0.5955; 0.591068; 0.595868; 0.590583; 0.598908
65; 175348; 164301; 0.574218; 0.568667; 0.573202; 0.569662; 0.577648
65.2; 181112; 182484; 0.546222; 0.542113; 0.546943; 0.541397; 0.55042
65.4; 200553; 197415; 0.526489; 0.520937; 0.526075; 0.521268; 0.529174
65.6; 215786; 210693; 0.522828; 0.518254; 0.522561; 0.518294; 0.52463
65.8; 178701; 185547; 0.527543; 0.523496; 0.527267; 0.523774; 0.529248
66; 159202; 154447; 0.523591; 0.521345; 0.523147; 0.522165; 0.525166
66.2; 197136; 193475; 0.513444; 0.512384; 0.512777; 0.513523; 0.513539
66.4; 198030; 191524; 0.505779; 0.505669; 0.505714; 0.506039; 0.504177
66.6; 221099; 212375; 0.505728; 0.508464; 0.506199; 0.507917; 0.503508
66.8; 195176; 204396; 0.516598; 0.521472; 0.516376; 0.521383; 0.513862
67; 187402; 181950; 0.532997; 0.536986; 0.53275; 0.537031; 0.52938
67.2; 174200; 179690; 0.544648; 0.550108; 0.544745; 0.550205; 0.54243
67.4; 209697; 196235; 0.555725; 0.561289; 0.555961; 0.561472; 0.552825
67.6; 225778; 232142; 0.57496; 0.580145; 0.575253; 0.580221; 0.572425
67.8; 192276; 184263; 0.602325; 0.606406; 0.603019; 0.605762; 0.599184
68; 155886; 156020; 0.623913; 0.625424; 0.623142; 0.626102; 0.620993
68.2; 178519; 176497; 0.625661; 0.625047; 0.625761; 0.624974; 0.624935
68.4; 156045; 158593; 0.61653; 0.61659; 0.617433; 0.61585; 0.618771
68.6; 182609; 172855; 0.608199; 0.604337; 0.606815; 0.605761; 0.610758
68.8; 176308; 182626; 0.595629; 0.59123; 0.595911; 0.590797; 0.599096
69; 171498; 167360; 0.573864; 0.569948; 0.574496; 0.568921; 0.57762
69.2; 183778; 185569; 0.547749; 0.541926; 0.547298; 0.541894; 0.550424
69.4; 199154; 199428; 0.526785; 0.521777; 0.526809; 0.521666; 0.52975
69.6; 204098; 195482; 0.522578; 0.518941; 0.522929; 0.518964; 0.525576
69.8; 195133; 200306; 0.526788; 0.522747; 0.526979; 0.522985; 0.529181
70; 149214; 147783; 0.522941; 0.521515; 0.523496; 0.521014; 0.524643
70.2; 201808; 196120; 0.513451; 0.512531; 0.513347; 0.512278; 0.512441
70.4; 190763; 197251; 0.506009; 0.505982; 0.505322; 0.506221; 0.503485
70.6; 219971; 213508; 0.505733; 0.508444; 0.506285; 0.507819; 0.503421
70.8; 197332; 199747; 0.5162; 0.521077; 0.516981; 0.520731; 0.514391
71; 193113; 181855; 0.531747; 0.536228; 0.531763; 0.536854; 0.529741
71.2; 171871; 171908; 0.543652; 0.549164; 0.543973; 0.549261; 0.541721
71.4; 209720; 206783; 0.555792; 0.561485; 0.555752; 0.561252; 0.552062
71.6; 217460; 230701; 0.576491; 0.57979; 0.576378; 0.579479; 0.571786
71.8; 187910; 181862; 0.602376; 0.606802; 0.602172; 0.606947; 0.599232
72; 165862; 164244; 0.622639; 0.625514; 0.622621; 0.625872; 0.621078
72.2; 177524; 173756; 0.624999; 0.624577; 0.625207; 0.624541; 0.624503
72.4; 152578; 160115; 0.617127; 0.616689; 0.617067; 0.61649; 0.618557
72.6; 181045; 175205; 0.608045; 0.606108; 0.607571; 0.606181; 0.610959
72.8; 168518; 180651; 0.596158; 0.59163; 0.59608; 0.591712; 0.599729
73; 178892; 166938; 0.574393; 0.568897; 0.574646; 0.568939; 0.57822
73.2; 180658; 185356; 0.547018; 0.541358; 0.547282; 0.541473; 0.551021
73.4; 199788; 194699; 0.52699; 0.521649; 0.526855; 0.521575; 0.529597
73.6; 204024; 203818; 0.524043; 0.519514; 0.523859; 0.519205; 0.52546
73.8; 185021; 196072; 0.527716; 0.523863; 0.527698; 0.523863; 0.529626
74; 155722; 158888; 0.522875; 0.52105; 0.523337; 0.521273; 0.525126
74.2; 200677; 184671; 0.513328; 0.51171; 0.51363; 0.512153; 0.513512
74.4; 196300; 199458; 0.505022; 0.506058; 0.504966; 0.506427; 0.504139
74.6; 212424; 214580; 0.505331; 0.509107; 0.50518; 0.50898; 0.50335
74.8; 200191; 204469; 0.516821; 0.521334; 0.516664; 0.521104; 0.513849
75; 182900; 178686; 0.53231; 0.537334; 0.532297; 0.53725; 0.529419
75.2; 176966; 177760; 0.544116; 0.549526; 0.544242; 0.549694; 0.541986
75.4; 204187; 202259; 0.554636; 0.56037; 0.554997; 0.560397; 0.551763
75.6; 228786; 231606; 0.574949; 0.577733; 0.575124; 0.577715; 0.570843
75.8; 186856; 187183; 0.601763; 0.605572; 0.601255; 0.605908; 0.598091
76; 154864; 160732; 0.622538; 0.626529; 0.622736; 0.626267; 0.62089
76.2; 180582; 167470; 0.625914; 0.62436; 0.625571; 0.624962; 0.624895
76.4; 153345; 169062; 0.616492; 0.616499; 0.616356; 0.616818; 0.618734
76.6; 185609; 171016; 0.60764; 0.605212; 0.60775; 0.605019; 0.610678
76.8; 171117; 186394; 0.596584; 0.591733; 0.596111; 0.591973; 0.599706
77; 172470; 162779; 0.575764; 0.570269; 0.575682; 0.570104; 0.578789
77.2; 175202; 186273; 0.548784; 0.543004; 0.548634; 0.543018; 0.552043
77.4; 202177; 195031; 0.527256; 0.521828; 0.527223; 0.521803; 0.53005
77.6; 207178; 208733; 0.521774; 0.518828; 0.522017; 0.518524; 0.524592
77.8; 193160; 196476; 0.527443; 0.52312; 0.527273; 0.523312; 0.52917
78; 150697; 151157; 0.524237; 0.522699; 0.524975; 0.522185; 0.526023
78.2; 192249; 190641; 0.514956; 0.513633; 0.514893; 0.51388; 0.514573
78.4; 194055; 196195; 0.506043; 0.506731; 0.506011; 0.506866; 0.504745
78.6; 220759; 213919; 0.504523; 0.508462; 0.504752; 0.508206; 0.502996
78.8; 197268; 209816; 0.515747; 0.519612; 0.515339; 0.519952; 0.512903
79; 188280; 181277; 0.531472; 0.536677; 0.531784; 0.536421; 0.528841
79.2; 171562; 180554; 0.544551; 0.549776; 0.544572; 0.550012; 0.542278
79.4; 205737; 192693; 0.555239; 0.561095; 0.555415; 0.561182; 0.552393
79.6; 220324; 238699; 0.574089; 0.578505; 0.573799; 0.578943; 0.570754
79.8; 195930; 185268; 0.599957; 0.60512; 0.600043; 0.604955; 0.597212
80; 156934; 162570; 0.622583; 0.625433; 0.622442; 0.625531; 0.620284
80.2; 175986; 171226; 0.625873; 0.625622; 0.626154; 0.625527; 0.625363
80.4; 156476; 166411; 0.617166; 0.617382; 0.617038; 0.617655; 0.619482
80.6; 181743; 166096; 0.607756; 0.605944; 0.608704; 0.604855; 0.610916
80.8; 171468; 189604; 0.59662; 0.591679; 0.596429; 0.591603; 0.599534
81; 170495; 162348; 0.57552; 0.570598; 0.574353; 0.571556; 0.57912
81.2; 181320; 187314; 0.548278; 0.544118; 0.548926; 0.543483; 0.552533
81.4; 198078; 199194; 0.528045; 0.522456; 0.528; 0.522534; 0.530835
81.6; 206839; 202373; 0.522072; 0.519213; 0.523011; 0.518216; 0.524961
81.8; 196465; 197181; 0.526739; 0.522429; 0.526239; 0.522842; 0.52831
82; 145319; 151868; 0.523041; 0.521742; 0.523996; 0.520742; 0.524705
82.2; 198202; 193328; 0.514282; 0.512866; 0.514149; 0.513026; 0.513716
82.4; 191974; 194259; 0.505574; 0.506755; 0.505991; 0.506434; 0.504472
82.6; 218135; 213704; 0.504963; 0.508837; 0.505541; 0.508371; 0.503597
82.8; 195341; 207037; 0.515722; 0.519598; 0.515298; 0.52018; 0.513146
83; 191616; 180432; 0.530189; 0.535423; 0.530587; 0.535118; 0.527739
83.2; 174195; 181614; 0.542856; 0.54798; 0.542695; 0.548191; 0.540298
83.4; 202644; 201977; 0.555154; 0.560887; 0.555367; 0.560689; 0.551883
83.6; 222217; 232212; 0.575607; 0.579234; 0.575007; 0.579915; 0.571679
83.8; 185044; 179954; 0.60145; 0.605494; 0.601026; 0.606035; 0.598292
84; 169392; 166748; 0.621591; 0.625007; 0.622022; 0.624667; 0.619919
84.2; 178249; 179237; 0.624986; 0.624317; 0.624748; 0.624468; 0.623753
84.4; 149458; 159764; 0.617555; 0.617228; 0.617844; 0.616828; 0.619201
84.6; 178703; 170033; 0.609523; 0.606533; 0.608746; 0.607263; 0.61232
84.8; 174530; 182293; 0.597607; 0.592559; 0.597242; 0.592973; 0.600902
85; 171462; 168252; 0.574846; 0.570978; 0.575762; 0.570106; 0.579191
85.2; 183146; 180624; 0.548108; 0.542221; 0.54793; 0.542402; 0.55147
85.4; 194709; 205220; 0.527479; 0.522363; 0.527604; 0.522128; 0.530439
85.6; 207548; 199001; 0.524583; 0.519782; 0.524309; 0.519913; 0.526387
85.8; 186495; 194533; 0.527772; 0.523736; 0.527771; 0.523788; 0.529761
86; 152023; 154198; 0.52271; 0.520867; 0.522153; 0.521663; 0.524416
86.2; 200060; 194025; 0.512171; 0.512511; 0.511979; 0.512989; 0.512868
86.4; 200053; 197836; 0.505013; 0.506281; 0.505958; 0.505519; 0.504091
86.6; 211798; 214042; 0.506066; 0.508023; 0.505621; 0.508432; 0.503603
86.8; 195012; 202749; 0.517288; 0.520152; 0.516346; 0.521006; 0.513962
87; 186999; 183140; 0.531566; 0.536742; 0.531867; 0.536427; 0.528894
87.2; 170647; 174846; 0.543306; 0.54839; 0.543167; 0.548667; 0.540807
87.4; 208757; 205077; 0.553258; 0.559034; 0.553566; 0.558921; 0.550169
87.6; 226010; 232799; 0.572145; 0.577492; 0.572007; 0.577723; 0.569186
87.8; 192249; 191625; 0.600463; 0.604173; 0.600069; 0.604526; 0.596931
88; 153336; 154168; 0.623272; 0.624894; 0.623359; 0.624738; 0.620153
88.2; 177482; 176908; 0.625587; 0.624957; 0.624883; 0.625669; 0.624712
88.4; 156424; 161424; 0.616355; 0.616899; 0.616636; 0.616676; 0.618594
88.6; 182337; 176345; 0.609005; 0.604932; 0.607912; 0.60608; 0.611253
88.8; 178607; 182026; 0.597736; 0.592852; 0.597734; 0.592845; 0.600968
89; 167544; 163862; 0.576418; 0.57362; 0.577313; 0.572569; 0.581043
89.2; 175105; 181456; 0.550813; 0.544761; 0.550488; 0.544938; 0.553817
89.4; 200627; 196406; 0.527839; 0.522628; 0.527919; 0.52258; 0.531015
89.6; 209827; 210945; 0.521912; 0.517109; 0.520907; 0.518319; 0.524241
89.8; 194655; 190514; 0.527015; 0.523028; 0.527249; 0.52291; 0.529026
90; 148590; 155052; 0.525216; 0.522182; 0.523822; 0.523482; 0.52596
90.2; 192545; 188168; 0.514841; 0.513536; 0.514871; 0.513287; 0.514084
90.4; 196229; 198771; 0.506022; 0.505891; 0.505118; 0.506707; 0.504149
90.6; 218195; 214815; 0.504472; 0.507413; 0.504158; 0.507696; 0.502604
90.8; 199250; 207997; 0.514885; 0.519352; 0.515014; 0.519262; 0.512499
91; 189469; 180666; 0.531593; 0.534887; 0.530787; 0.535734; 0.527925
91.2; 172319; 180704; 0.543739; 0.548859; 0.54378; 0.548894; 0.541223
91.4; 198881; 192314; 0.554546; 0.559751; 0.554357; 0.560003; 0.551088
91.6; 222517; 235977; 0.572798; 0.577078; 0.573153; 0.576824; 0.569298
91.8; 198637; 190183; 0.598683; 0.603459; 0.598604; 0.603594; 0.595922
92; 161098; 161012; 0.621408; 0.625011; 0.621641; 0.624764; 0.619352
92.2; 172144; 173142; 0.626406; 0.625916; 0.62638; 0.62581; 0.625166
92.4; 159191; 169816; 0.617806; 0.618304; 0.617718; 0.618297; 0.619608
92.6; 176914; 161161; 0.60847; 0.60676; 0.609215; 0.606105; 0.61197
92.8; 177488; 192519; 0.597559; 0.592652; 0.597791; 0.592576; 0.601043
93; 169208; 159829; 0.577239; 0.572029; 0.577005; 0.57219; 0.580778
93.2; 183484; 192182; 0.550639; 0.545118; 0.550787; 0.54491; 0.55415
93.4; 192101; 188166; 0.528786; 0.523228; 0.528677; 0.523308; 0.531665
93.6; 211661; 206026; 0.522649; 0.518219; 0.522827; 0.518092; 0.524852
93.8; 191126; 200613; 0.526354; 0.522309; 0.526312; 0.522503; 0.528546
94; 153918; 150152; 0.523747; 0.52185; 0.524248; 0.521456; 0.525458
94.2; 191931; 194454; 0.515031; 0.513113; 0.514656; 0.513608; 0.514385
94.4; 196080; 196151; 0.505723; 0.507164; 0.506641; 0.506338; 0.504931
94.6; 213316; 207321; 0.504657; 0.508281; 0.504779; 0.508173; 0.503073
94.8; 199967; 208286; 0.514705; 0.519169; 0.514557; 0.519231; 0.512171
95; 189936; 182336; 0.52984; 0.534421; 0.530354; 0.533819; 0.526833
95.2; 174890; 180643; 0.542264; 0.547445; 0.542265; 0.547431; 0.539632
95.4; 200243; 200377; 0.5541; 0.5597; 0.554045; 0.55973; 0.550763
95.6; 225142; 228661; 0.57406; 0.577499; 0.573696; 0.577894; 0.569964
95.8; 190025; 187981; 0.599707; 0.603914; 0.599637; 0.604032; 0.59644
96; 166179; 160621; 0.620949; 0.624516; 0.621051; 0.624353; 0.618954
96.2; 177435; 184210; 0.625058; 0.624927; 0.624859; 0.625023; 0.623989
96.4; 151681; 159363; 0.618286; 0.6171; 0.61845; 0.616921; 0.61936
96.6; 179426; 168456; 0.609249; 0.607854; 0.609351; 0.607845; 0.61291
96.8; 173948; 182839; 0.598619; 0.593628; 0.597781; 0.594613; 0.602051
97; 176787; 170239; 0.577114; 0.572437; 0.577558; 0.572053; 0.581037
97.2; 177261; 181580; 0.550094; 0.544; 0.549867; 0.544247; 0.553337
97.4; 195582; 197767; 0.528005; 0.522978; 0.528277; 0.52264; 0.531196
97.6; 209699; 202784; 0.52397; 0.518987; 0.523814; 0.519032; 0.52574
97.8; 186965; 192768; 0.52767; 0.52408; 0.527917; 0.523802; 0.529882
98; 158616; 156769; 0.52436; 0.521073; 0.524355; 0.521151; 0.525224
98.2; 187537; 188326; 0.513542; 0.51283; 0.514056; 0.512465; 0.513624
98.4; 200489; 198401; 0.505934; 0.505598; 0.505722; 0.505961; 0.504373
98.6; 212371; 212353; 0.504814; 0.508244; 0.504585; 0.508487; 0.503299
98.8; 205459; 206477; 0.515427; 0.519611; 0.515785; 0.519151; 0.51278
99; 181908; 179831; 0.531035; 0.535379; 0.530965; 0.535235; 0.527642
99.2; 177643; 181661; 0.542775; 0.548222; 0.542746; 0.54813; 0.540124
99.4; 194929; 193492; 0.552876; 0.558492; 0.552846; 0.558665; 0.549673
99.6; 234678; 237215; 0.571282; 0.57577; 0.571882; 0.575348; 0.567959
99.8; 191139; 189800; 0.597998; 0.602981; 0.598712; 0.602245; 0.595047
100; 159934; 158984; 0.621685; 0.624811; 0.621388; 0.624917; 0.619088
