0.004; 10200.5; 5007.44; 3.23497e-05; 3.22971e-05; 3.2346e-05; 3.22882e-05; 3.15524e-05
0.2; 73967.5; 63628.5; 0.0242756; 0.0223889; 0.0242781; 0.0223922; 0.0232597
0.4; 89178.8; 107700; 0.132549; 0.134214; 0.132563; 0.134233; 0.133336
0.6; 66261.4; 61228.7; 0.285611; 0.286056; 0.285645; 0.286071; 0.28624
0.8; 78219.4; 81473.8; 0.445815; 0.44393; 0.445841; 0.443963; 0.44519
1; 86092.2; 89516.8; 0.586767; 0.587188; 0.586818; 0.587201; 0.587527
1.2; 90010.6; 90508.3; 0.679475; 0.678947; 0.679504; 0.679018; 0.680097
1.4; 103845; 107868; 0.709136; 0.706941; 0.709111; 0.706942; 0.709236
1.6; 119647; 117437; 0.675002; 0.675453; 0.674949; 0.675455; 0.677131
1.8; 140803; 142036; 0.606689; 0.6047; 0.606903; 0.604535; 0.607709
2; 162138; 161992; 0.548771; 0.546825; 0.548292; 0.547367; 0.550048
2.2; 167374; 166311; 0.545481; 0.545988; 0.545816; 0.545845; 0.547914
2.4; 142832; 147000; 0.579986; 0.578148; 0.580388; 0.578123; 0.581582
2.6; 131109; 135858; 0.59953; 0.597892; 0.600039; 0.597771; 0.600994
2.8; 126146; 124591; 0.586847; 0.586765; 0.587495; 0.586317; 0.58933
3; 123512; 129455; 0.54728; 0.545278; 0.546471; 0.546021; 0.548384
3.2; 127413; 130396; 0.498744; 0.496577; 0.49827; 0.496921; 0.499597
3.4; 132544; 140668; 0.480985; 0.479959; 0.481603; 0.479384; 0.482489
3.6; 116708; 116005; 0.499243; 0.499126; 0.500242; 0.498355; 0.50115
3.8; 114371; 109913; 0.514723; 0.51233; 0.51459; 0.512727; 0.515339
4; 113331; 110324; 0.507975; 0.508004; 0.508474; 0.507621; 0.509592
4.2; 120734; 117423; 0.482943; 0.481544; 0.483299; 0.481145; 0.483462
4.4; 135402; 136586; 0.449656; 0.44803; 0.448949; 0.44867; 0.449816
4.6; 154016; 153707; 0.437567; 0.43801; 0.43715; 0.438456; 0.438557
4.8; 126592; 126281; 0.456549; 0.456187; 0.456006; 0.456818; 0.456841
5; 105387; 118620; 0.472845; 0.472089; 0.47357; 0.4716; 0.472916
5.2; 97611.9; 100503; 0.473626; 0.474884; 0.473619; 0.475053; 0.474475
5.4; 102737; 103027; 0.460522; 0.462045; 0.460762; 0.461842; 0.461199
5.6; 119664; 117818; 0.443216; 0.442872; 0.443634; 0.442367; 0.44242
5.8; 141356; 136752; 0.442724; 0.442337; 0.44195; 0.443108; 0.441558
6; 126795; 127428; 0.463952; 0.465799; 0.464262; 0.465614; 0.463824
6.2; 117401; 119248; 0.484942; 0.486164; 0.485797; 0.485553; 0.484692
6.4; 116782; 110586; 0.494377; 0.496407; 0.494389; 0.496597; 0.494432
6.6; 117144; 117328; 0.493053; 0.49532; 0.494228; 0.494275; 0.492842
6.8; 131460; 130922; 0.487863; 0.488782; 0.487948; 0.488762; 0.486699
7; 147850; 144832; 0.494218; 0.494199; 0.493087; 0.495411; 0.492315
7.2; 133797; 131489; 0.516907; 0.517947; 0.516889; 0.518257; 0.515798
7.4; 123660; 122747; 0.539233; 0.540914; 0.54018; 0.540338; 0.538719
7.6; 127157; 122560; 0.554108; 0.556645; 0.554612; 0.556452; 0.554011
7.8; 131385; 125264; 0.560848; 0.562713; 0.560518; 0.563164; 0.559939
8; 132237; 134123; 0.562196; 0.563579; 0.562622; 0.56304; 0.560575
8.2; 156964; 154658; 0.566024; 0.566828; 0.565999; 0.566816; 0.564294
8.4; 143536; 140841; 0.579083; 0.581276; 0.579162; 0.581963; 0.579579
8.6; 142271; 134304; 0.596629; 0.598216; 0.597745; 0.598453; 0.598088
8.8; 141224; 138976; 0.613601; 0.612903; 0.614144; 0.613575; 0.613781
9; 141328; 133981; 0.623488; 0.62477; 0.623593; 0.625165; 0.623531
9.2; 137227; 136303; 0.627815; 0.629909; 0.627893; 0.62942; 0.627002
9.4; 141406; 146621; 0.628725; 0.62963; 0.62822; 0.629165; 0.626383
9.6; 151680; 151181; 0.628541; 0.628001; 0.628013; 0.627772; 0.626097
9.8; 154994; 149285; 0.62997; 0.62937; 0.630431; 0.629637; 0.630013
10; 152275; 149061; 0.633546; 0.633802; 0.634306; 0.634949; 0.636287
10.2; 150546; 140427; 0.638148; 0.639544; 0.639275; 0.640538; 0.642298
10.4; 147178; 143470; 0.642764; 0.641927; 0.643419; 0.642531; 0.644848
10.6; 147919; 143235; 0.64256; 0.640811; 0.642294; 0.640898; 0.642175
10.8; 144328; 144084; 0.636389; 0.635269; 0.635773; 0.634413; 0.634554
11; 147322; 151240; 0.626343; 0.625295; 0.625508; 0.624241; 0.624001
11.2; 154049; 151060; 0.614467; 0.614135; 0.613762; 0.613571; 0.61355
11.4; 158352; 155582; 0.604028; 0.603988; 0.60401; 0.604061; 0.605461
11.6; 160012; 156523; 0.596776; 0.595344; 0.597466; 0.595973; 0.599669
11.8; 155387; 147499; 0.591097; 0.588563; 0.592079; 0.589453; 0.59449
12; 153892; 149849; 0.584095; 0.582394; 0.584694; 0.583248; 0.587545
12.2; 152490; 146496; 0.574048; 0.573649; 0.574217; 0.573823; 0.57658
12.4; 153328; 152406; 0.561278; 0.560386; 0.560995; 0.559794; 0.561708
12.6; 152832; 155263; 0.546056; 0.544165; 0.545458; 0.543202; 0.544928
12.8; 159808; 156519; 0.530221; 0.527725; 0.529449; 0.527099; 0.52892
13; 162114; 162852; 0.51565; 0.513768; 0.515348; 0.513572; 0.51601
13.2; 166187; 160293; 0.504446; 0.502624; 0.504876; 0.502839; 0.506515
13.4; 163632; 157946; 0.496274; 0.494331; 0.497035; 0.494868; 0.499206
13.6; 160753; 155282; 0.48931; 0.487528; 0.489649; 0.488298; 0.491905
13.8; 161647; 155830; 0.481619; 0.480078; 0.481231; 0.480875; 0.483128
14; 158852; 157392; 0.472361; 0.470784; 0.471493; 0.471199; 0.472328
14.2; 162812; 161350; 0.462032; 0.460243; 0.461494; 0.459756; 0.460768
14.4; 165707; 170338; 0.452273; 0.451003; 0.452043; 0.450435; 0.451344
14.6; 177929; 169932; 0.446407; 0.444959; 0.446214; 0.445634; 0.447197
14.8; 168406; 161959; 0.445067; 0.444337; 0.445019; 0.445698; 0.446908
15; 168739; 163835; 0.44631; 0.445783; 0.446337; 0.446964; 0.447842
15.2; 167880; 161865; 0.447415; 0.447164; 0.447323; 0.447783; 0.447788
15.4; 165950; 164976; 0.447619; 0.447868; 0.447249; 0.447901; 0.446843
15.6; 171312; 169877; 0.44753; 0.448274; 0.446912; 0.447904; 0.445963
15.8; 172620; 176905; 0.448553; 0.450041; 0.448187; 0.449492; 0.447192
16; 179911; 173178; 0.453418; 0.454877; 0.453807; 0.45484; 0.453503
16.2; 178181; 171368; 0.462232; 0.463021; 0.462932; 0.463611; 0.463063
16.4; 176786; 168689; 0.473147; 0.473505; 0.473806; 0.474224; 0.473648
16.6; 173241; 171997; 0.484304; 0.484566; 0.484677; 0.484969; 0.483838
16.8; 174768; 166313; 0.494466; 0.495379; 0.49443; 0.495306; 0.492909
17; 172582; 176896; 0.503723; 0.505443; 0.503374; 0.504929; 0.501393
17.2; 178046; 174125; 0.512891; 0.515247; 0.512411; 0.51464; 0.510507
17.4; 179172; 181571; 0.523144; 0.525365; 0.522862; 0.524998; 0.52116
17.6; 184232; 177494; 0.535125; 0.537026; 0.535139; 0.53715; 0.534078
17.8; 182409; 178359; 0.548247; 0.5505; 0.548598; 0.551047; 0.548442
18; 181531; 174251; 0.5623; 0.564449; 0.562903; 0.565076; 0.562952
18.2; 179631; 174328; 0.576008; 0.577556; 0.576471; 0.578061; 0.576123
18.4; 178464; 172842; 0.587803; 0.589039; 0.587832; 0.589266; 0.58686
18.6; 178511; 177898; 0.59743; 0.598601; 0.597006; 0.598543; 0.595596
18.8; 181355; 179042; 0.605141; 0.606606; 0.6045; 0.606369; 0.603081
19; 180431; 183267; 0.612016; 0.613789; 0.611699; 0.613396; 0.610468
19.2; 185447; 181997; 0.619135; 0.62053; 0.619162; 0.62033; 0.618391
19.4; 184886; 180902; 0.626081; 0.627431; 0.626429; 0.627584; 0.626447
19.6; 184230; 177922; 0.632408; 0.63371; 0.632857; 0.634197; 0.633622
19.8; 181162; 176376; 0.637318; 0.638156; 0.637727; 0.638685; 0.638593
20; 183674; 175745; 0.639826; 0.64029; 0.639986; 0.6406; 0.640513
20.2; 179106; 180052; 0.639619; 0.639741; 0.639526; 0.639636; 0.639513
20.4; 181732; 179807; 0.637099; 0.637021; 0.636764; 0.636661; 0.636468
20.6; 184774; 183308; 0.632905; 0.633094; 0.632575; 0.632659; 0.632558
20.8; 182610; 182883; 0.628132; 0.62838; 0.62794; 0.628169; 0.628589
21; 187337; 184974; 0.623169; 0.623075; 0.623247; 0.62319; 0.624503
21.2; 185152; 179534; 0.617596; 0.61716; 0.617954; 0.617514; 0.619677
21.4; 185430; 180848; 0.61078; 0.610147; 0.611242; 0.610549; 0.613194
21.6; 182197; 177684; 0.602056; 0.601498; 0.602377; 0.601768; 0.604313
21.8; 184329; 181678; 0.591415; 0.591145; 0.591428; 0.591151; 0.593192
22; 185029; 180035; 0.579623; 0.579021; 0.579378; 0.578786; 0.580653
22.2; 184548; 188763; 0.567287; 0.566146; 0.56694; 0.56583; 0.567877
22.4; 188693; 183023; 0.554944; 0.553504; 0.554706; 0.553289; 0.555732
22.6; 185212; 189967; 0.543256; 0.541304; 0.543257; 0.541367; 0.544536
22.8; 191240; 179864; 0.532161; 0.529669; 0.532407; 0.529942; 0.53377
23; 184148; 187733; 0.52085; 0.518689; 0.521265; 0.519002; 0.522895
23.2; 188958; 179054; 0.509369; 0.507573; 0.509677; 0.507841; 0.511303
23.4; 183577; 186081; 0.497889; 0.495988; 0.497946; 0.496109; 0.499096
23.6; 187728; 182607; 0.486641; 0.484458; 0.486468; 0.484363; 0.486966
23.8; 186798; 190805; 0.475909; 0.473934; 0.475686; 0.473636; 0.475808
24; 190094; 185914; 0.466546; 0.464871; 0.466356; 0.46463; 0.466547
24.2; 187991; 190915; 0.45896; 0.457699; 0.458867; 0.457715; 0.45944
24.4; 188980; 185470; 0.453223; 0.452327; 0.453278; 0.452619; 0.454246
24.6; 189769; 185496; 0.449212; 0.448286; 0.449264; 0.448843; 0.450314
24.8; 188609; 184209; 0.446384; 0.445276; 0.446296; 0.445959; 0.447109
25; 188593; 185689; 0.444229; 0.443453; 0.444241; 0.443748; 0.444442
25.2; 188373; 188960; 0.443102; 0.44269; 0.443305; 0.442413; 0.442707
25.4; 190698; 187725; 0.443594; 0.443261; 0.443542; 0.442946; 0.442538
25.6; 189194; 192777; 0.446081; 0.445567; 0.445658; 0.445598; 0.444635
25.8; 192163; 188063; 0.45043; 0.450058; 0.450201; 0.450111; 0.449114
26; 189506; 190010; 0.456495; 0.45663; 0.456801; 0.456506; 0.45568
26.2; 191450; 184384; 0.464157; 0.464495; 0.464489; 0.4646; 0.463578
26.4; 186937; 189214; 0.472857; 0.473146; 0.472888; 0.473634; 0.472165
26.6; 191631; 184058; 0.48201; 0.482493; 0.481778; 0.483083; 0.481022
26.8; 187573; 191301; 0.491642; 0.492366; 0.491165; 0.492931; 0.490251
27; 190198; 184674; 0.501994; 0.502805; 0.50136; 0.503243; 0.500127
27.2; 188786; 192565; 0.513163; 0.514081; 0.512551; 0.514404; 0.511134
27.4; 191823; 186830; 0.52511; 0.52622; 0.524669; 0.526491; 0.523276
27.6; 187759; 189723; 0.537654; 0.538954; 0.537439; 0.539261; 0.536265
27.8; 188829; 186367; 0.550264; 0.55194; 0.550226; 0.552305; 0.54939
28; 187981; 185366; 0.562466; 0.564729; 0.562699; 0.56491; 0.562064
28.2; 186965; 185625; 0.574141; 0.576464; 0.574409; 0.576534; 0.573754
28.4; 186913; 185330; 0.585182; 0.58704; 0.585128; 0.587218; 0.58435
28.6; 187427; 186937; 0.595288; 0.59694; 0.595098; 0.597033; 0.594191
28.8; 185477; 184730; 0.604523; 0.60622; 0.604465; 0.606088; 0.603503
29; 188187; 187419; 0.613044; 0.61487; 0.613099; 0.614674; 0.612341
29.2; 183547; 184737; 0.620843; 0.622577; 0.620805; 0.622626; 0.620529
29.4; 188052; 185705; 0.627609; 0.629084; 0.627654; 0.629243; 0.627662
29.6; 181093; 180565; 0.63277; 0.634081; 0.633018; 0.63415; 0.633156
29.8; 188424; 181380; 0.636289; 0.63715; 0.636477; 0.637243; 0.636647
30; 180160; 183903; 0.638131; 0.638264; 0.638106; 0.638431; 0.638193
30.2; 186741; 182542; 0.638269; 0.637827; 0.638009; 0.638061; 0.6381
30.4; 182171; 186892; 0.636894; 0.636102; 0.636396; 0.636465; 0.636674
30.6; 185794; 180801; 0.634155; 0.63332; 0.633581; 0.633747; 0.63415
30.8; 183518; 187154; 0.63019; 0.629482; 0.62979; 0.629858; 0.630675
31; 185008; 180231; 0.624831; 0.624403; 0.624781; 0.62459; 0.625922
31.2; 180800; 184029; 0.617918; 0.618024; 0.618233; 0.61797; 0.619679
31.4; 187397; 180925; 0.609945; 0.609755; 0.610105; 0.609853; 0.611745
31.6; 180392; 183195; 0.600863; 0.599924; 0.600655; 0.600294; 0.602325
31.8; 187232; 182570; 0.590603; 0.589247; 0.590227; 0.589647; 0.591814
32; 181218; 184785; 0.579593; 0.577912; 0.579132; 0.578294; 0.58063
32.2; 188550; 183518; 0.568218; 0.566264; 0.567747; 0.566621; 0.569156
32.4; 180448; 185489; 0.556604; 0.554443; 0.556229; 0.554788; 0.557615
32.6; 188857; 183472; 0.544699; 0.542586; 0.544635; 0.542748; 0.545947
32.8; 180462; 184663; 0.532563; 0.530622; 0.532881; 0.5305; 0.534021
33; 188485; 183480; 0.520502; 0.51843; 0.520721; 0.518415; 0.521856
33.2; 182233; 185288; 0.508593; 0.506269; 0.508445; 0.506565; 0.509666
33.4; 190106; 184008; 0.496834; 0.494807; 0.4967; 0.494978; 0.497801
33.6; 184328; 188791; 0.485801; 0.484183; 0.485905; 0.484038; 0.486725
33.8; 188153; 185518; 0.476013; 0.47445; 0.4762; 0.474188; 0.476744
34; 187379; 188903; 0.467564; 0.465828; 0.467529; 0.46585; 0.46811
34.2; 186684; 186251; 0.460299; 0.458557; 0.46014; 0.458794; 0.460741
34.4; 189250; 188762; 0.454081; 0.452705; 0.454176; 0.452778; 0.454602
34.6; 186005; 185223; 0.449049; 0.448072; 0.449347; 0.447984; 0.44957
34.8; 192025; 189827; 0.445427; 0.44457; 0.445583; 0.444586; 0.445695
35; 185087; 187714; 0.443344; 0.442381; 0.443261; 0.442552; 0.44317
35.2; 192545; 191074; 0.442754; 0.441976; 0.442673; 0.442056; 0.442271
35.4; 187118; 187456; 0.443827; 0.443368; 0.443903; 0.44324; 0.443159
35.6; 191746; 190432; 0.446709; 0.446445; 0.446763; 0.446356; 0.445897
35.8; 186841; 188615; 0.451308; 0.45099; 0.451222; 0.451115; 0.450309
36; 191159; 189230; 0.457175; 0.457044; 0.457195; 0.457147; 0.456148
36.2; 185945; 188729; 0.46404; 0.464335; 0.464267; 0.464288; 0.463082
36.4; 192601; 188868; 0.472055; 0.472551; 0.472213; 0.472562; 0.470972
36.6; 185563; 187876; 0.481149; 0.481629; 0.481117; 0.481781; 0.479823
36.8; 191261; 188163; 0.491238; 0.491674; 0.491112; 0.491837; 0.489615
37; 187323; 190839; 0.502146; 0.502682; 0.502158; 0.502669; 0.500415
37.2; 189650; 187540; 0.513722; 0.514522; 0.513841; 0.514405; 0.512032
37.4; 188295; 189788; 0.525904; 0.526778; 0.525937; 0.526792; 0.524258
37.6; 187922; 186551; 0.538318; 0.539152; 0.538254; 0.53934; 0.536735
37.8; 185825; 189246; 0.550593; 0.551492; 0.550495; 0.551744; 0.549092
38; 189513; 184175; 0.562522; 0.563544; 0.562426; 0.563773; 0.561086
38.2; 184079; 189008; 0.574044; 0.575116; 0.573938; 0.575324; 0.57268
38.4; 190258; 185284; 0.58503; 0.586191; 0.584848; 0.586417; 0.583743
38.6; 182463; 189918; 0.595347; 0.596748; 0.595082; 0.597029; 0.594286
38.8; 189625; 183165; 0.604822; 0.606688; 0.60474; 0.606765; 0.604139
39; 182340; 187290; 0.613463; 0.615489; 0.613672; 0.615327; 0.61312
39.2; 187055; 183666; 0.621386; 0.622704; 0.621385; 0.622795; 0.620976
39.4; 183948; 186633; 0.627894; 0.628583; 0.627662; 0.62896; 0.627462
39.6; 184326; 181440; 0.632812; 0.633065; 0.632489; 0.633523; 0.632401
39.8; 183045; 186985; 0.636105; 0.636116; 0.635755; 0.636584; 0.63581
40; 185233; 181766; 0.637874; 0.637699; 0.637523; 0.638119; 0.637689
40.2; 182700; 185823; 0.63821; 0.637872; 0.637907; 0.638208; 0.638166
40.4; 185682; 182101; 0.637076; 0.636666; 0.636743; 0.637005; 0.637233
40.6; 182060; 184765; 0.634393; 0.634126; 0.634066; 0.634475; 0.634918
40.8; 183522; 183686; 0.630058; 0.630316; 0.630053; 0.630382; 0.631155
41; 183724; 183413; 0.624464; 0.624815; 0.624708; 0.624663; 0.625895
41.2; 181655; 183549; 0.617914; 0.617432; 0.617824; 0.617628; 0.619154
41.4; 184857; 182610; 0.610016; 0.608875; 0.609623; 0.609377; 0.611128
41.6; 182773; 184234; 0.600963; 0.59937; 0.600478; 0.599951; 0.602002
41.8; 184431; 184759; 0.590914; 0.589139; 0.590514; 0.589608; 0.591976
42; 183184; 182930; 0.580068; 0.578335; 0.579792; 0.578646; 0.581226
42.2; 184497; 185479; 0.568662; 0.566953; 0.568485; 0.567161; 0.569921
42.4; 183499; 183058; 0.556858; 0.55504; 0.556746; 0.555192; 0.558141
42.6; 184065; 186320; 0.544766; 0.542766; 0.544719; 0.542869; 0.546014
42.8; 184142; 183229; 0.532476; 0.530362; 0.532539; 0.530382; 0.533683
43; 185240; 186173; 0.520282; 0.518056; 0.520352; 0.518075; 0.5214
43.2; 185302; 185044; 0.508369; 0.506127; 0.50836; 0.50622; 0.509386
43.4; 185745; 185913; 0.496895; 0.494882; 0.496892; 0.494948; 0.497897
43.6; 186822; 186450; 0.486167; 0.484465; 0.486252; 0.484441; 0.487188
43.8; 185465; 188071; 0.476479; 0.474869; 0.476597; 0.474806; 0.477372
44; 186484; 186653; 0.467916; 0.466209; 0.467957; 0.4662; 0.468542
44.2; 188304; 188687; 0.4604; 0.458691; 0.460376; 0.458748; 0.460792
44.4; 186595; 186478; 0.453971; 0.452472; 0.453998; 0.452497; 0.454274
44.6; 188346; 189517; 0.448819; 0.447682; 0.448895; 0.447682; 0.449077
44.8; 188731; 187769; 0.445189; 0.444304; 0.445242; 0.444338; 0.445322
45; 188548; 191020; 0.44322; 0.442462; 0.44323; 0.44254; 0.443154
45.2; 187686; 188884; 0.442905; 0.442227; 0.442911; 0.442306; 0.442594
45.4; 191873; 189234; 0.444213; 0.44364; 0.444268; 0.443659; 0.44366
45.6; 184087; 188442; 0.447042; 0.446602; 0.447101; 0.446598; 0.446257
45.8; 192637; 190588; 0.451324; 0.451047; 0.451319; 0.451094; 0.450353
46; 185141; 189146; 0.456876; 0.456886; 0.456887; 0.45693; 0.455827
46.2; 192252; 188526; 0.463738; 0.463952; 0.463792; 0.463949; 0.462564
46.4; 185565; 189588; 0.471829; 0.472142; 0.471885; 0.472147; 0.470515
46.6; 191703; 190023; 0.481086; 0.481401; 0.481081; 0.481459; 0.47959
46.8; 185495; 189542; 0.491265; 0.491696; 0.491271; 0.491765; 0.489704
47; 191959; 187473; 0.502229; 0.502923; 0.502299; 0.502922; 0.500662
47.2; 183962; 191413; 0.513809; 0.514672; 0.513907; 0.514648; 0.512255
47.4; 191313; 185633; 0.525845; 0.526738; 0.525882; 0.526763; 0.524238
47.6; 184892; 191144; 0.53806; 0.538949; 0.538047; 0.539048; 0.53644
47.8; 189962; 184747; 0.550258; 0.551136; 0.550222; 0.551242; 0.548617
48; 184319; 190705; 0.562277; 0.563151; 0.562287; 0.563214; 0.560714
48.2; 188665; 185016; 0.573905; 0.574905; 0.573987; 0.574901; 0.57247
48.4; 185406; 188862; 0.585049; 0.586201; 0.585202; 0.586125; 0.583792
48.6; 186811; 184897; 0.595507; 0.596845; 0.595726; 0.596685; 0.594459
48.8; 184287; 187311; 0.605009; 0.606691; 0.605339; 0.606432; 0.604334
49; 185428; 185143; 0.613556; 0.61542; 0.613739; 0.6153; 0.613158
49.2; 184781; 185544; 0.621141; 0.62271; 0.620973; 0.622926; 0.620785
49.4; 183698; 184549; 0.627387; 0.628676; 0.627441; 0.628677; 0.627141
49.6; 185974; 187280; 0.632138; 0.633371; 0.632463; 0.633119; 0.632147
49.8; 182556; 181038; 0.635542; 0.636573; 0.635828; 0.63636; 0.63568
50; 185294; 187012; 0.63758; 0.638233; 0.63762; 0.638272; 0.637819
50.2; 180519; 181691; 0.63803; 0.638453; 0.637908; 0.638652; 0.638454
50.4; 186453; 185093; 0.636825; 0.637317; 0.636863; 0.637345; 0.6375
50.6; 181744; 183357; 0.634194; 0.634563; 0.634415; 0.634405; 0.635084
50.8; 183721; 184367; 0.630149; 0.630246; 0.630321; 0.630128; 0.631154
51; 182489; 183993; 0.624646; 0.624532; 0.624632; 0.624582; 0.625747
51.2; 183985; 183991; 0.617769; 0.617589; 0.617692; 0.617707; 0.619068
51.4; 181297; 184503; 0.609764; 0.609331; 0.609874; 0.609291; 0.611188
51.6; 185809; 182113; 0.600682; 0.60005; 0.600944; 0.599858; 0.602172
51.8; 181488; 184405; 0.590579; 0.589919; 0.590963; 0.589608; 0.592195
52; 185053; 183776; 0.579752; 0.579; 0.58023; 0.578593; 0.581453
52.2; 182167; 184300; 0.568383; 0.567386; 0.568905; 0.566939; 0.570064
52.4; 185299; 185624; 0.556554; 0.555339; 0.557042; 0.554905; 0.558166
52.6; 183925; 183752; 0.544497; 0.542989; 0.544795; 0.54274; 0.54597
52.8; 183221; 186103; 0.532449; 0.530442; 0.532506; 0.530444; 0.533673
53; 186492; 184109; 0.520479; 0.518075; 0.520368; 0.51824; 0.521463
53.2; 183607; 186924; 0.508488; 0.506402; 0.508517; 0.506439; 0.509568
53.4; 186474; 184909; 0.497026; 0.495247; 0.497214; 0.495122; 0.498157
53.6; 184411; 187582; 0.486429; 0.484595; 0.486557; 0.484543; 0.487396
53.8; 188405; 186053; 0.476764; 0.474777; 0.476693; 0.47491; 0.477477
54; 184175; 187986; 0.467905; 0.466145; 0.467871; 0.466263; 0.468571
54.2; 189728; 187332; 0.460195; 0.458737; 0.460331; 0.458685; 0.460792
54.4; 185488; 189385; 0.453864; 0.452471; 0.45398; 0.452435; 0.45426
54.6; 189911; 187539; 0.448977; 0.447533; 0.448907; 0.447671; 0.449076
54.8; 186899; 189296; 0.445382; 0.444305; 0.44538; 0.444373; 0.44539
55; 189826; 188959; 0.443225; 0.442716; 0.443405; 0.442581; 0.443232
55.2; 185228; 189514; 0.44277; 0.442521; 0.443008; 0.442337; 0.442628
55.4; 193231; 191235; 0.444071; 0.443726; 0.444175; 0.443685; 0.443621
55.6; 184551; 187440; 0.446994; 0.446405; 0.446926; 0.446549; 0.446165
55.8; 191499; 190535; 0.45117; 0.450834; 0.451224; 0.450854; 0.450211
56; 186326; 188988; 0.456526; 0.456852; 0.456722; 0.456737; 0.455677
56.2; 191121; 189967; 0.463334; 0.464103; 0.463508; 0.46401; 0.462489
56.4; 186356; 189388; 0.47148; 0.472432; 0.471622; 0.472366; 0.470521
56.6; 191090; 188536; 0.480744; 0.481743; 0.480864; 0.481687; 0.479611
56.8; 186171; 190273; 0.491056; 0.49185; 0.491165; 0.491809; 0.489666
57; 189819; 188615; 0.502251; 0.502693; 0.502286; 0.502711; 0.500542
57.2; 187897; 189996; 0.513803; 0.51434; 0.513789; 0.514421; 0.512073
57.4; 186199; 187808; 0.525609; 0.526525; 0.525641; 0.526569; 0.524029
57.6; 188991; 189983; 0.537674; 0.538901; 0.537782; 0.538887; 0.536246
57.8; 186481; 186140; 0.549791; 0.551262; 0.549961; 0.551194; 0.548512
58; 187429; 188399; 0.561721; 0.563551; 0.561973; 0.563398; 0.560661
58.2; 186984; 187343; 0.573307; 0.575445; 0.573566; 0.575271; 0.572444
58.4; 185355; 186853; 0.584526; 0.586609; 0.584533; 0.58667; 0.583737
58.6; 185493; 186806; 0.5951; 0.597044; 0.594998; 0.5972; 0.59437
58.8; 186183; 186076; 0.604766; 0.606614; 0.604936; 0.606505; 0.60416
59; 186011; 186490; 0.613487; 0.6151; 0.613805; 0.614849; 0.612958
59.2; 183491; 185015; 0.621072; 0.622403; 0.621383; 0.622179; 0.620643
59.4; 185592; 185361; 0.627348; 0.628467; 0.627571; 0.62835; 0.627072
59.6; 182192; 184346; 0.632198; 0.633213; 0.632287; 0.633232; 0.632133
59.8; 184996; 185004; 0.635582; 0.636546; 0.635547; 0.636679; 0.635738
60; 183293; 183989; 0.637455; 0.638399; 0.637476; 0.638449; 0.637833
60.2; 185830; 184954; 0.637877; 0.638623; 0.638007; 0.638545; 0.638398
60.4; 178659; 183443; 0.636848; 0.637202; 0.636909; 0.637191; 0.637447
60.6; 186827; 184970; 0.63422; 0.634398; 0.634167; 0.634506; 0.635003
60.8; 179772; 181612; 0.629966; 0.630258; 0.629965; 0.630321; 0.631073
61; 186848; 185335; 0.624464; 0.624647; 0.624571; 0.624599; 0.625757
61.2; 179933; 183687; 0.617796; 0.617587; 0.617819; 0.617622; 0.619097
61.4; 186946; 183911; 0.60989; 0.609422; 0.609806; 0.609547; 0.611245
61.6; 179689; 184726; 0.600777; 0.600248; 0.600764; 0.600296; 0.602271
61.8; 185505; 183926; 0.590644; 0.590204; 0.590761; 0.590109; 0.592319
62; 180005; 183677; 0.579765; 0.579294; 0.579848; 0.579246; 0.581572
62.2; 187507; 184052; 0.568391; 0.567653; 0.56831; 0.567769; 0.570143
62.4; 179710; 185193; 0.55651; 0.555596; 0.556437; 0.555724; 0.558263
62.6; 187619; 183809; 0.544314; 0.543361; 0.544388; 0.543344; 0.546092
62.8; 182010; 186615; 0.532047; 0.531074; 0.532253; 0.530937; 0.533821
63; 186528; 183900; 0.519901; 0.518954; 0.520199; 0.518704; 0.521604
63.2; 183663; 186660; 0.50804; 0.507155; 0.508491; 0.506753; 0.509703
63.4; 186331; 186384; 0.496725; 0.495816; 0.497286; 0.495299; 0.498266
63.6; 185026; 187520; 0.486208; 0.48506; 0.48664; 0.484671; 0.487485
63.8; 186662; 186248; 0.476685; 0.475035; 0.47678; 0.474986; 0.477542
64; 186072; 187299; 0.468119; 0.466107; 0.467954; 0.466328; 0.468618
64.2; 186425; 187867; 0.460268; 0.4588; 0.460373; 0.458754; 0.460828
64.4; 189902; 187931; 0.453686; 0.452779; 0.454044; 0.452482; 0.454299
64.6; 184291; 189695; 0.448677; 0.447957; 0.44891; 0.447795; 0.449144
64.8; 191413; 188227; 0.445298; 0.444463; 0.445245; 0.444603; 0.445473
65; 185039; 190299; 0.443452; 0.442485; 0.443227; 0.442815; 0.443304
65.2; 191170; 187931; 0.443031; 0.44227; 0.44297; 0.442418; 0.442691
65.4; 186417; 190141; 0.444089; 0.443663; 0.444302; 0.443537; 0.443632
65.6; 192287; 190809; 0.446828; 0.446492; 0.446911; 0.446496; 0.446145
65.8; 185194; 188529; 0.451121; 0.450763; 0.450962; 0.450993; 0.450158
66; 191269; 189850; 0.456606; 0.456698; 0.45657; 0.456796; 0.455615
66.2; 186988; 190892; 0.463435; 0.463893; 0.463645; 0.463768; 0.462427
66.4; 189853; 188138; 0.471698; 0.472078; 0.471893; 0.471981; 0.470468
66.6; 186199; 191572; 0.481078; 0.481319; 0.480987; 0.481521; 0.479628
66.8; 190896; 186955; 0.4912; 0.491637; 0.491072; 0.491869; 0.489694
67; 185774; 191215; 0.501961; 0.502819; 0.502072; 0.502816; 0.500544
67.2; 189656; 186663; 0.513353; 0.514551; 0.513658; 0.514333; 0.511981
67.4; 185763; 190230; 0.525281; 0.52662; 0.525611; 0.526361; 0.523897
67.6; 189964; 187035; 0.537547; 0.538816; 0.537765; 0.538658; 0.536093
67.8; 183753; 188907; 0.549885; 0.551023; 0.549951; 0.55102; 0.548387
68; 190773; 188864; 0.562045; 0.563091; 0.561959; 0.563253; 0.560546
68.2; 183231; 187024; 0.573852; 0.574749; 0.5736; 0.575105; 0.572394
68.4; 188339; 186855; 0.585135; 0.585928; 0.584692; 0.586481; 0.583753
68.6; 184560; 186695; 0.59557; 0.596482; 0.595108; 0.59705; 0.594395
68.8; 186239; 186510; 0.605005; 0.60627; 0.604852; 0.606514; 0.604139
69; 183487; 184964; 0.613388; 0.615079; 0.613575; 0.61496; 0.612897
69.2; 187402; 186610; 0.620923; 0.622454; 0.621077; 0.622352; 0.620564
69.4; 180552; 185453; 0.627325; 0.628397; 0.627182; 0.628607; 0.626977
69.6; 188058; 184241; 0.632264; 0.6331; 0.632117; 0.63332; 0.632053
69.8; 178885; 184876; 0.63562; 0.636469; 0.635741; 0.636427; 0.635686
70; 189436; 182938; 0.637493; 0.638338; 0.637708; 0.638179; 0.637802
70.2; 177052; 187142; 0.637994; 0.638474; 0.638021; 0.638509; 0.638394
70.4; 189520; 182175; 0.636978; 0.637091; 0.636804; 0.637318; 0.637458
70.6; 176061; 185102; 0.634223; 0.634416; 0.634208; 0.634494; 0.635015
70.8; 189470; 183147; 0.629997; 0.630354; 0.630121; 0.630274; 0.631124
71; 177782; 185291; 0.624611; 0.624622; 0.624578; 0.624706; 0.6258
71.2; 187604; 183212; 0.617977; 0.617559; 0.617852; 0.617719; 0.619145
71.4; 180020; 182989; 0.60997; 0.609411; 0.609951; 0.609478; 0.611285
71.6; 184664; 185264; 0.600805; 0.600291; 0.600915; 0.600227; 0.60231
71.8; 182132; 183180; 0.590728; 0.590176; 0.590846; 0.590111; 0.59239
72; 183962; 185065; 0.579901; 0.579251; 0.579897; 0.579316; 0.581649
72.2; 183949; 183221; 0.568438; 0.567696; 0.568387; 0.56782; 0.570255
72.4; 182249; 185888; 0.556488; 0.555764; 0.556556; 0.555767; 0.558373
72.6; 186489; 184573; 0.544316; 0.543534; 0.544447; 0.543451; 0.546161
72.8; 181985; 184834; 0.532135; 0.531151; 0.532259; 0.53107; 0.533858
73; 185541; 186381; 0.520089; 0.518882; 0.520204; 0.518819; 0.521682
73.2; 184499; 183811; 0.508334; 0.506931; 0.508427; 0.506888; 0.509744
73.4; 185825; 188087; 0.497204; 0.495425; 0.497269; 0.49541; 0.498304
73.6; 185721; 186471; 0.486772; 0.484588; 0.486773; 0.484649; 0.487554
73.8; 186007; 187068; 0.476894; 0.474901; 0.476911; 0.474963; 0.477627
74; 185599; 188047; 0.467955; 0.466352; 0.468037; 0.466345; 0.468695
74.2; 189354; 186498; 0.46028; 0.458852; 0.460362; 0.458841; 0.460884
74.4; 184978; 190166; 0.453954; 0.452558; 0.453988; 0.452614; 0.454357
74.6; 188872; 188248; 0.449037; 0.447649; 0.449041; 0.447713; 0.449169
74.8; 187434; 189688; 0.445464; 0.44432; 0.445509; 0.444332; 0.445441
75; 189848; 187828; 0.44339; 0.442576; 0.443447; 0.442573; 0.443236
75.2; 187112; 191443; 0.442956; 0.442328; 0.442978; 0.442369; 0.442659
75.4; 188042; 187915; 0.444079; 0.443658; 0.444075; 0.443722; 0.44359
75.6; 189475; 191202; 0.44689; 0.446382; 0.446917; 0.446422; 0.446102
75.8; 188656; 187280; 0.451077; 0.450741; 0.451146; 0.450745; 0.450119
76; 189384; 191405; 0.456614; 0.456616; 0.456621; 0.456677; 0.455581
76.2; 186503; 188721; 0.463477; 0.463787; 0.463453; 0.463877; 0.462387
76.4; 189550; 190705; 0.471599; 0.472092; 0.471603; 0.472153; 0.47038
76.6; 189339; 187829; 0.48095; 0.481284; 0.481011; 0.481293; 0.479493
76.8; 188468; 189630; 0.491129; 0.491535; 0.491182; 0.491561; 0.489557
77; 187513; 189188; 0.501966; 0.502636; 0.501966; 0.502719; 0.500422
77.2; 188914; 188615; 0.513459; 0.514306; 0.513442; 0.514407; 0.51191
77.4; 186271; 190023; 0.525384; 0.52639; 0.525405; 0.526445; 0.523845
77.6; 189718; 187088; 0.537548; 0.538704; 0.537617; 0.538682; 0.536017
77.8; 185010; 189135; 0.549798; 0.550977; 0.549926; 0.550901; 0.548304
78; 188277; 187265; 0.561927; 0.56305; 0.562085; 0.562956; 0.560465
78.2; 185580; 186985; 0.573658; 0.574808; 0.5738; 0.574742; 0.572283
78.4; 188175; 188029; 0.584876; 0.585984; 0.584992; 0.585954; 0.583607
78.6; 184635; 184891; 0.595413; 0.596453; 0.595487; 0.596462; 0.594266
78.8; 186145; 188655; 0.604996; 0.606154; 0.605037; 0.606186; 0.604045
79; 185057; 183397; 0.613473; 0.614904; 0.613475; 0.614949; 0.612816
79.2; 184615; 187265; 0.620797; 0.622499; 0.6208; 0.622549; 0.620511
79.4; 186742; 185456; 0.627058; 0.628619; 0.627088; 0.628632; 0.626936
79.6; 180586; 183917; 0.632102; 0.633249; 0.632142; 0.633261; 0.632021
79.8; 185834; 183876; 0.635689; 0.636453; 0.635695; 0.636503; 0.635677
80; 182536; 185279; 0.637671; 0.638234; 0.637668; 0.638322; 0.637878
80.2; 183839; 183568; 0.63796; 0.63864; 0.637995; 0.638691; 0.6385
80.4; 185114; 183710; 0.636719; 0.637472; 0.636792; 0.637478; 0.637559
80.6; 180879; 184316; 0.63416; 0.634569; 0.634173; 0.634628; 0.635081
80.8; 185535; 182562; 0.630231; 0.63014; 0.630206; 0.630214; 0.631113
81; 180903; 184898; 0.624788; 0.62448; 0.624798; 0.624522; 0.625819
81.2; 185055; 182601; 0.617868; 0.617717; 0.617916; 0.617727; 0.619202
81.4; 181454; 186046; 0.609819; 0.60969; 0.609866; 0.609724; 0.611401
81.6; 184758; 180285; 0.600818; 0.600462; 0.600843; 0.600528; 0.602474
81.8; 183404; 187522; 0.590859; 0.590318; 0.590905; 0.590378; 0.592588
82; 182991; 181743; 0.580037; 0.579325; 0.580113; 0.579356; 0.581807
82.2; 184188; 184844; 0.56859; 0.567737; 0.568664; 0.567754; 0.570364
82.4; 183456; 183664; 0.556657; 0.555744; 0.556696; 0.555764; 0.558421
82.6; 184624; 185551; 0.54444; 0.543522; 0.544448; 0.543553; 0.546204
82.8; 183633; 185177; 0.532108; 0.531275; 0.532123; 0.531304; 0.533912
83; 186921; 184894; 0.519906; 0.519183; 0.519965; 0.519194; 0.521766
83.2; 182944; 186305; 0.508122; 0.507372; 0.508192; 0.5074; 0.509936
83.4; 186843; 184832; 0.4969; 0.495991; 0.496941; 0.496065; 0.498541
83.6; 185136; 186833; 0.486313; 0.485292; 0.486314; 0.485402; 0.487752
83.8; 187342; 185571; 0.476547; 0.475448; 0.476499; 0.47558; 0.47775
84; 185453; 188457; 0.467896; 0.46653; 0.467763; 0.466716; 0.468718
84.2; 189054; 187090; 0.460474; 0.458752; 0.460318; 0.458938; 0.460865
84.4; 185587; 189277; 0.454065; 0.452519; 0.454176; 0.452466; 0.454351
84.6; 190596; 187922; 0.448946; 0.447794; 0.449072; 0.447753; 0.449219
84.8; 185291; 188738; 0.445407; 0.444462; 0.44531; 0.444664; 0.445546
85; 191247; 188261; 0.443371; 0.44271; 0.443116; 0.443075; 0.443394
85.2; 186696; 190261; 0.442866; 0.442497; 0.442507; 0.442972; 0.442761
85.4; 191048; 187852; 0.443962; 0.443792; 0.443479; 0.444355; 0.44364
85.6; 186152; 191115; 0.446671; 0.446539; 0.446143; 0.447117; 0.446056
85.8; 191893; 188466; 0.45093; 0.450756; 0.450528; 0.451184; 0.449999
86; 186864; 190161; 0.456526; 0.456514; 0.456468; 0.456618; 0.455456
86.2; 191023; 187955; 0.463505; 0.463613; 0.463745; 0.463443; 0.462299
86.4; 187167; 190552; 0.471672; 0.471879; 0.471593; 0.472054; 0.470359
86.6; 189757; 188512; 0.480846; 0.481294; 0.480476; 0.48176; 0.479482
86.8; 188112; 189689; 0.490873; 0.491669; 0.490396; 0.49223; 0.489517
87; 189272; 187358; 0.501646; 0.502796; 0.501211; 0.503285; 0.500301
87.2; 187426; 189905; 0.513101; 0.514421; 0.512868; 0.514687; 0.511725
87.4; 188142; 186998; 0.524989; 0.526492; 0.525049; 0.526439; 0.523609
87.6; 187475; 190140; 0.537108; 0.538865; 0.537494; 0.538486; 0.53583
87.8; 188143; 187023; 0.549205; 0.551347; 0.549872; 0.550717; 0.548169
88; 186308; 188925; 0.561358; 0.563453; 0.561978; 0.562907; 0.56039
88.2; 187667; 184800; 0.573236; 0.575056; 0.573616; 0.574783; 0.572252
88.4; 186365; 188050; 0.584486; 0.586238; 0.584601; 0.586233; 0.583575
88.6; 186608; 184762; 0.59496; 0.596789; 0.594876; 0.596948; 0.594198
88.8; 184455; 188238; 0.604577; 0.606397; 0.604587; 0.606437; 0.603936
89; 186906; 183465; 0.613241; 0.614942; 0.613356; 0.614837; 0.612675
89.2; 184447; 187254; 0.62084; 0.622289; 0.620873; 0.62227; 0.620368
89.4; 184410; 182788; 0.627246; 0.628376; 0.627172; 0.628484; 0.626874
89.6; 186253; 187214; 0.632167; 0.633166; 0.632113; 0.633298; 0.632049
89.8; 181584; 181437; 0.635514; 0.636565; 0.635607; 0.636585; 0.635722
90; 184722; 185380; 0.637514; 0.638353; 0.637698; 0.638294; 0.637904
90.2; 182570; 183224; 0.638115; 0.638439; 0.638179; 0.638475; 0.638487
90.4; 186069; 182796; 0.637077; 0.637065; 0.636974; 0.63723; 0.637504
90.6; 181009; 184832; 0.634351; 0.634369; 0.634178; 0.634571; 0.63501
90.8; 185824; 183952; 0.630082; 0.630375; 0.630125; 0.630352; 0.631127
91; 180588; 184048; 0.624631; 0.624816; 0.624777; 0.624719; 0.625893
91.2; 185394; 183734; 0.618072; 0.617732; 0.618027; 0.617866; 0.619355
91.4; 181530; 182891; 0.610187; 0.609521; 0.610039; 0.609802; 0.611558
91.6; 185920; 183597; 0.601075; 0.600383; 0.601044; 0.60057; 0.602641
91.8; 182601; 184140; 0.590879; 0.59034; 0.591066; 0.59029; 0.592665
92; 182828; 182056; 0.579937; 0.579467; 0.580164; 0.579329; 0.581807
92.2; 185166; 186206; 0.568556; 0.567861; 0.568553; 0.567912; 0.57036
92.4; 183706; 183105; 0.556715; 0.555848; 0.556575; 0.556009; 0.558457
92.6; 184948; 185383; 0.544586; 0.543651; 0.544602; 0.543664; 0.546322
92.8; 184019; 183310; 0.532352; 0.531335; 0.532577; 0.531182; 0.534108
93; 185448; 186695; 0.520225; 0.519178; 0.520651; 0.518878; 0.522
93.2; 184666; 184337; 0.508449; 0.507301; 0.509009; 0.506881; 0.510113
93.4; 185713; 187113; 0.497205; 0.495814; 0.497615; 0.495537; 0.498626
93.6; 186367; 184938; 0.486745; 0.484907; 0.4867; 0.485045; 0.487743
93.8; 186434; 186744; 0.477077; 0.474945; 0.476721; 0.475353; 0.477714
94; 187418; 186475; 0.468098; 0.466419; 0.468017; 0.466517; 0.468719
94.2; 185740; 189525; 0.460282; 0.459092; 0.460614; 0.458796; 0.460957
94.4; 190371; 186624; 0.453892; 0.452862; 0.454112; 0.452714; 0.45446
94.6; 185627; 189582; 0.449073; 0.447831; 0.448922; 0.448094; 0.449347
94.8; 190104; 187573; 0.445571; 0.444389; 0.445336; 0.444744; 0.445624
95; 188872; 188476; 0.443341; 0.442732; 0.443396; 0.442784; 0.443379
95.2; 188367; 189302; 0.442706; 0.442569; 0.443048; 0.44231; 0.442677
95.4; 189092; 189291; 0.443806; 0.443815; 0.444132; 0.443528; 0.443504
95.6; 189864; 190630; 0.446743; 0.446396; 0.446755; 0.446399; 0.445968
95.8; 188385; 187163; 0.451092; 0.450594; 0.450908; 0.450788; 0.44997
96; 188901; 190762; 0.456503; 0.456584; 0.456631; 0.456511; 0.4555
96.2; 188964; 188278; 0.463288; 0.463795; 0.46359; 0.463597; 0.462344
96.4; 189637; 189997; 0.471422; 0.472033; 0.471541; 0.472041; 0.470364
96.6; 187916; 188717; 0.480779; 0.48117; 0.480642; 0.481421; 0.479414
96.8; 190317; 189187; 0.49096; 0.49133; 0.490799; 0.491575; 0.489385
97; 187302; 187796; 0.501728; 0.502452; 0.501831; 0.502398; 0.500165
97.2; 188847; 188947; 0.513189; 0.514151; 0.513425; 0.513934; 0.511603
97.4; 187577; 188784; 0.525198; 0.526146; 0.525241; 0.526119; 0.523545
97.6; 188700; 187817; 0.537473; 0.538347; 0.537254; 0.538596; 0.535771
97.8; 186698; 188407; 0.549741; 0.550603; 0.549314; 0.551112; 0.54812
98; 188661; 186644; 0.561818; 0.562792; 0.561282; 0.563439; 0.560345
98.2; 185894; 186350; 0.573441; 0.574686; 0.57308; 0.575172; 0.572205
98.4; 187790; 187501; 0.584376; 0.586108; 0.584386; 0.586196; 0.583444
98.6; 185690; 185147; 0.594652; 0.596835; 0.594995; 0.596552; 0.594037
98.8; 186185; 186994; 0.604481; 0.606329; 0.604579; 0.606275; 0.603844
99; 184974; 184861; 0.613366; 0.614752; 0.61308; 0.615072; 0.612677
99.2; 184679; 185366; 0.620874; 0.622197; 0.620832; 0.622279; 0.620362
99.4; 185954; 184869; 0.627014; 0.628491; 0.627384; 0.628191; 0.626869
99.6; 182992; 184509; 0.632002; 0.633286; 0.632403; 0.632978; 0.632041
99.8; 186309; 183052; 0.635627; 0.636458; 0.635751; 0.636431; 0.635703
100; 181291; 184411; 0.637646; 0.63815; 0.637488; 0.638401; 0.637819
100.2; 186161; 185343; 0.638044; 0.638426; 0.637904; 0.638647; 0.638416
100.4; 181445; 181365; 0.636702; 0.637412; 0.636819; 0.637375; 0.637521
100.6; 185427; 185244; 0.634131; 0.634648; 0.634238; 0.634612; 0.635108
100.8; 181910; 182245; 0.630351; 0.630169; 0.630211; 0.630381; 0.631219
101; 185449; 184389; 0.625052; 0.624521; 0.624844; 0.624794; 0.625972
101.2; 181073; 183235; 0.618237; 0.617707; 0.618149; 0.617881; 0.619415
101.4; 185581; 184952; 0.610011; 0.609849; 0.610122; 0.609828; 0.611576
101.6; 182537; 180923; 0.600891; 0.600666; 0.601008; 0.600628; 0.602597
101.8; 184821; 185935; 0.591067; 0.590316; 0.590993; 0.590467; 0.592646
102; 182412; 181350; 0.580337; 0.579343; 0.58017; 0.579568; 0.581902
102.2; 185185; 186943; 0.568852; 0.567836; 0.568777; 0.567984; 0.570524
102.4; 183088; 182615; 0.556888; 0.555904; 0.556994; 0.555873; 0.558643
102.6; 186068; 184050; 0.544642; 0.543792; 0.544922; 0.543587; 0.546485
102.8; 182409; 185204; 0.53231; 0.531571; 0.532704; 0.531257; 0.534209
103; 187042; 184644; 0.520237; 0.519347; 0.520617; 0.519035; 0.522007
103.2; 183814; 184766; 0.508502; 0.507357; 0.508867; 0.507066; 0.51007
103.4; 187705; 186966; 0.497295; 0.495846; 0.497612; 0.495599; 0.498609
103.6; 184611; 185505; 0.486879; 0.484971; 0.4869; 0.485028; 0.487828
103.8; 188136; 187159; 0.477194; 0.475075; 0.477014; 0.475337; 0.477865
104; 186141; 187777; 0.468181; 0.466531; 0.468247; 0.466547; 0.468918
104.2; 188353; 186402; 0.460294; 0.459199; 0.46055; 0.459025; 0.461079
104.4; 188009; 188272; 0.453855; 0.453002; 0.454081; 0.452843; 0.454511
104.6; 186557; 187479; 0.448905; 0.448072; 0.449016; 0.448027; 0.449324
104.8; 190753; 189196; 0.44548; 0.444504; 0.445468; 0.444581; 0.445547
105; 186256; 189113; 0.443471; 0.44257; 0.443485; 0.442633; 0.443333
105.2; 190265; 189104; 0.442834; 0.442415; 0.442988; 0.44235; 0.442672
105.4; 188941; 189136; 0.443795; 0.4438; 0.444048; 0.443647; 0.443584
105.6; 189647; 189150; 0.446584; 0.44651; 0.446804; 0.446403; 0.446088
105.8; 187269; 188147; 0.451018; 0.450624; 0.451011; 0.450736; 0.450085
106; 191020; 190871; 0.456587; 0.456434; 0.456562; 0.456546; 0.455507
106.2; 187652; 186516; 0.463342; 0.463621; 0.463499; 0.46353; 0.462225
106.4; 190331; 192506; 0.471435; 0.471862; 0.47156; 0.471797; 0.470181
106.6; 188012; 186257; 0.480696; 0.481073; 0.480625; 0.481205; 0.479247
106.8; 188446; 191223; 0.49085; 0.491265; 0.490748; 0.491446; 0.489291
107; 188638; 187541; 0.501659; 0.502326; 0.501739; 0.502344; 0.500124
107.2; 189088; 189050; 0.51317; 0.51397; 0.513363; 0.513889; 0.511626
107.4; 188026; 187545; 0.525204; 0.525957; 0.525261; 0.526016; 0.523583
107.6; 188271; 189019; 0.537425; 0.53824; 0.537318; 0.538448; 0.535798
107.8; 186600; 187122; 0.549627; 0.550575; 0.549416; 0.550857; 0.548044
108; 188743; 187174; 0.561665; 0.562747; 0.561345; 0.563117; 0.560153
108.2; 184923; 187337; 0.573322; 0.574592; 0.57294; 0.575027; 0.571995
108.4; 188988; 187266; 0.584355; 0.585965; 0.584194; 0.586178; 0.583306
108.6; 183726; 186317; 0.59468; 0.596657; 0.594891; 0.596532; 0.594001
108.8; 187139; 185795; 0.604465; 0.606184; 0.604646; 0.606114; 0.603852
109; 184165; 185112; 0.613348; 0.614593; 0.613223; 0.614845; 0.612709
109.2; 187362; 185461; 0.621; 0.621975; 0.620749; 0.622323; 0.620403
109.4; 183296; 184863; 0.627177; 0.628247; 0.627141; 0.628344; 0.626808
109.6; 186283; 184136; 0.631935; 0.633205; 0.632126; 0.633046; 0.631883
109.8; 181699; 184211; 0.635524; 0.636413; 0.635568; 0.636399; 0.635536
110; 185373; 182649; 0.637659; 0.63807; 0.637486; 0.638286; 0.637725
110.2; 181886; 186411; 0.638158; 0.63833; 0.638009; 0.638564; 0.638428
110.4; 185260; 182263; 0.636946; 0.637242; 0.637031; 0.637277; 0.637602
110.6; 182996; 184499; 0.634158; 0.634715; 0.634403; 0.634599; 0.63522
110.8; 185349; 181504; 0.630173; 0.630475; 0.630169; 0.630581; 0.631334
111; 181670; 185601; 0.624867; 0.624752; 0.624754; 0.624934; 0.626
111.2; 184679; 181604; 0.618109; 0.617897; 0.618211; 0.617825; 0.61936
111.4; 181279; 184432; 0.610048; 0.609902; 0.610269; 0.609699; 0.611532
111.6; 186704; 183253; 0.601072; 0.60065; 0.601089; 0.600651; 0.602587
111.8; 180107; 184999; 0.591199; 0.590387; 0.591014; 0.590627; 0.592724
112; 186792; 182334; 0.580345; 0.579519; 0.580241; 0.579697; 0.582009
112.2; 182012; 185290; 0.568734; 0.568147; 0.568892; 0.568086; 0.570648
112.4; 185659; 183464; 0.556795; 0.556229; 0.557001; 0.556115; 0.558787
112.6; 182822; 185300; 0.544769; 0.543855; 0.544736; 0.54396; 0.546575
112.8; 185100; 183023; 0.532705; 0.531377; 0.532471; 0.531654; 0.534252
113; 185593; 186917; 0.520727; 0.519029; 0.520366; 0.519411; 0.522028
113.2; 183764; 184787; 0.509017; 0.506974; 0.508535; 0.507489; 0.510089
113.4; 187815; 184913; 0.497695; 0.495625; 0.497275; 0.496091; 0.49866
113.6; 184575; 187753; 0.486915; 0.485115; 0.486857; 0.485246; 0.487923
113.8; 189045; 185463; 0.476978; 0.475444; 0.477291; 0.475209; 0.477944
114; 184308; 188869; 0.468244; 0.466533; 0.468387; 0.466475; 0.468945
114.2; 189531; 186175; 0.46072; 0.458776; 0.460479; 0.459078; 0.461046
114.4; 186440; 189557; 0.454072; 0.452727; 0.454115; 0.452739; 0.454469
114.6; 189667; 187348; 0.44884; 0.448023; 0.44922; 0.447697; 0.449244
114.8; 186529; 190004; 0.445394; 0.444483; 0.445557; 0.444386; 0.445499
115; 189718; 186066; 0.443634; 0.442373; 0.44338; 0.442696; 0.443298
115.2; 187910; 191244; 0.443041; 0.442232; 0.443013; 0.442355; 0.442692
115.4; 189603; 188337; 0.44404; 0.443571; 0.444336; 0.443366; 0.44358
115.6; 189084; 188549; 0.446785; 0.446259; 0.4467; 0.446433; 0.446032
115.8; 189457; 189712; 0.450933; 0.45055; 0.450549; 0.451006; 0.449962
116; 188676; 189936; 0.456374; 0.456376; 0.456114; 0.456712; 0.455368
116.2; 189127; 187806; 0.463254; 0.463436; 0.463268; 0.463491; 0.462091
116.4; 189026; 189845; 0.471494; 0.471587; 0.471659; 0.471505; 0.470101
116.6; 189613; 189873; 0.480712; 0.480921; 0.480628; 0.481099; 0.479226
116.8; 188166; 188591; 0.490773; 0.491217; 0.490626; 0.491459; 0.489259
117; 188870; 190034; 0.501617; 0.502261; 0.501639; 0.502326; 0.500069
117.2; 187475; 185488; 0.513128; 0.513845; 0.513297; 0.513759; 0.511497
117.4; 188177; 191990; 0.525208; 0.52578; 0.525252; 0.52581; 0.523442
117.6; 188981; 185234; 0.537365; 0.538043; 0.537258; 0.538215; 0.535615
117.8; 186371; 190829; 0.549395; 0.550549; 0.549328; 0.550692; 0.547917
118; 187609; 183956; 0.561172; 0.563011; 0.561165; 0.563091; 0.560072
118.2; 186993; 189475; 0.572669; 0.575019; 0.572733; 0.575057; 0.571951
118.4; 186578; 186018; 0.584017; 0.586167; 0.584071; 0.586211; 0.583315
118.6; 186087; 186969; 0.594661; 0.59659; 0.594682; 0.596681; 0.593986
118.8; 185581; 184862; 0.604451; 0.60615; 0.604501; 0.606202; 0.603808
119; 184626; 187145; 0.613273; 0.614617; 0.613356; 0.614609; 0.612613
119.2; 186130; 183361; 0.620751; 0.622096; 0.620839; 0.622067; 0.620284
119.4; 185529; 185535; 0.626933; 0.628418; 0.626965; 0.628442; 0.626762
119.6; 184378; 185601; 0.631886; 0.633237; 0.631874; 0.633308; 0.631906
119.8; 181980; 183223; 0.635425; 0.636559; 0.63548; 0.636573; 0.635619
120; 185415; 185804; 0.637543; 0.63829; 0.637608; 0.638301; 0.637827
120.2; 183719; 182146; 0.638157; 0.638466; 0.638175; 0.638529; 0.638485
120.4; 182449; 184450; 0.637035; 0.637257; 0.637007; 0.63736; 0.637582
120.6; 185451; 182823; 0.63425; 0.634662; 0.634247; 0.634735; 0.635162
120.8; 182540; 183367; 0.630104; 0.63055; 0.63019; 0.630542; 0.631305
121; 183165; 183830; 0.624842; 0.624818; 0.624872; 0.624865; 0.626041
121.2; 184402; 183729; 0.618293; 0.617793; 0.618242; 0.617909; 0.619449
121.4; 180770; 184361; 0.610412; 0.609689; 0.610344; 0.609816; 0.611645
121.6; 185345; 182795; 0.601385; 0.600601; 0.601331; 0.600692; 0.602744
121.8; 182317; 185490; 0.591224; 0.590638; 0.591231; 0.590687; 0.592867
122; 185341; 180690; 0.580224; 0.579853; 0.580279; 0.579858; 0.582113
122.2; 182065; 187212; 0.568824; 0.56819; 0.568861; 0.568237; 0.570699
122.4; 185667; 180721; 0.557078; 0.556008; 0.557075; 0.556094; 0.558786
122.6; 184238; 188715; 0.54505; 0.543654; 0.545022; 0.543757; 0.546624
122.8; 183564; 181797; 0.533; 0.531197; 0.532901; 0.531335; 0.534309
123; 186229; 187727; 0.521131; 0.518836; 0.521017; 0.518981; 0.522148
123.2; 184158; 182684; 0.50927; 0.507018; 0.50935; 0.506971; 0.510213
123.4; 187025; 187733; 0.497772; 0.495784; 0.497882; 0.495726; 0.498778
123.6; 183876; 184334; 0.487093; 0.485091; 0.487013; 0.485239; 0.487985
123.8; 188725; 189456; 0.477226; 0.475282; 0.477122; 0.475475; 0.47801
124; 185093; 186261; 0.46826; 0.466614; 0.468374; 0.466604; 0.469019
124.2; 187997; 187256; 0.460506; 0.459119; 0.460695; 0.459017; 0.461157
124.4; 188457; 187237; 0.454154; 0.452805; 0.454161; 0.452867; 0.454568
124.6; 186181; 188131; 0.449242; 0.447855; 0.449114; 0.448029; 0.449351
124.8; 189639; 189981; 0.445615; 0.444517; 0.445662; 0.444519; 0.445609
125; 187375; 188562; 0.443413; 0.442716; 0.4436; 0.442586; 0.443345
125.2; 190918; 189831; 0.442916; 0.442333; 0.442971; 0.442353; 0.442659
125.4; 187181; 187463; 0.444042; 0.443475; 0.443934; 0.44367; 0.443527
125.6; 190831; 191721; 0.446757; 0.446219; 0.446752; 0.446331; 0.44601
125.8; 186483; 187673; 0.450862; 0.450589; 0.451033; 0.450522; 0.449991
126; 191694; 191151; 0.456408; 0.456409; 0.45642; 0.45649; 0.455416
126.2; 187113; 186853; 0.463384; 0.46341; 0.463254; 0.463622; 0.462173
126.4; 189243; 191133; 0.47148; 0.47163; 0.47148; 0.471711; 0.470128
126.6; 188702; 186913; 0.480597; 0.480917; 0.480765; 0.480829; 0.479144
126.8; 187533; 191359; 0.490736; 0.491038; 0.490736; 0.491127; 0.48915
127; 190269; 188995; 0.501597; 0.502016; 0.501511; 0.502187; 0.499922
127.2; 187054; 188914; 0.513008; 0.513712; 0.513098; 0.513711; 0.51139
127.4; 190536; 189187; 0.524959; 0.525795; 0.525153; 0.525692; 0.523348
127.6; 184936; 185649; 0.537251; 0.538024; 0.537294; 0.53807; 0.535585
127.8; 189780; 190114; 0.549507; 0.550393; 0.549372; 0.550621; 0.547933
128; 184789; 184837; 0.561402; 0.562714; 0.561152; 0.563054; 0.560053
128.2; 190318; 189762; 0.572966; 0.574626; 0.572754; 0.574924; 0.571862
128.4; 182803; 184445; 0.583961; 0.586022; 0.584059; 0.586006; 0.583169
128.6; 188968; 188815; 0.594408; 0.596601; 0.594638; 0.596442; 0.593818
128.8; 183169; 183647; 0.604338; 0.605975; 0.604278; 0.606098; 0.603614
129; 187506; 188755; 0.613312; 0.614401; 0.613078; 0.614705; 0.612509
129.2; 184222; 182768; 0.620982; 0.621812; 0.620856; 0.622022; 0.620289
129.4; 186024; 186448; 0.627266; 0.628078; 0.627258; 0.628188; 0.626822
129.6; 183136; 183697; 0.632019; 0.633125; 0.632098; 0.63314; 0.631962
129.8; 183719; 184871; 0.635346; 0.636639; 0.635409; 0.63666; 0.635638
130; 183822; 183595; 0.637474; 0.638306; 0.637449; 0.638397; 0.63778
130.2; 183842; 184105; 0.638029; 0.638456; 0.638024; 0.638509; 0.638376
130.4; 184094; 182888; 0.636987; 0.637222; 0.637056; 0.637196; 0.637491
130.6; 182454; 184576; 0.634375; 0.634587; 0.634491; 0.634528; 0.635169
130.8; 183839; 183314; 0.630221; 0.630599; 0.630291; 0.630607; 0.631379
131; 183943; 184801; 0.624882; 0.624987; 0.624857; 0.625108; 0.626163
131.2; 182270; 181420; 0.618199; 0.618032; 0.618239; 0.618085; 0.619565
131.4; 186255; 186438; 0.610242; 0.60998; 0.610361; 0.609943; 0.611749
131.6; 179896; 180151; 0.601159; 0.600826; 0.601233; 0.6008; 0.602765
131.8; 185640; 187280; 0.591147; 0.590727; 0.591107; 0.590799; 0.592841
132; 182247; 180855; 0.580475; 0.579691; 0.580451; 0.579744; 0.582093
132.2; 185384; 185743; 0.569168; 0.568092; 0.569235; 0.568072; 0.57077
132.4; 182365; 183101; 0.557221; 0.556185; 0.557374; 0.556111; 0.558949
132.6; 186858; 185588; 0.54499; 0.54404; 0.545213; 0.543897; 0.546791
132.8; 182851; 183524; 0.532744; 0.531709; 0.533019; 0.531535; 0.534533
133; 185836; 185893; 0.520572; 0.519528; 0.520902; 0.519288; 0.522286
133.2; 185567; 184625; 0.508653; 0.50772; 0.509108; 0.507324; 0.510306
133.4; 185495; 186892; 0.497265; 0.496364; 0.497818; 0.495853; 0.498811
133.6; 186849; 185361; 0.486711; 0.485593; 0.487097; 0.485225; 0.487986
133.8; 186399; 186368; 0.477068; 0.475614; 0.477147; 0.475563; 0.478018
134; 186617; 189120; 0.468456; 0.466668; 0.468285; 0.466894; 0.469066
134.2; 187910; 185396; 0.460742; 0.459111; 0.460691; 0.459238; 0.461262
134.4; 187669; 188937; 0.454078; 0.45305; 0.454387; 0.45284; 0.454698
134.6; 187919; 186905; 0.448853; 0.448295; 0.44925; 0.44799; 0.449441
134.8; 188938; 189057; 0.445269; 0.444785; 0.445496; 0.444645; 0.445624
135; 188442; 188869; 0.443385; 0.442662; 0.443335; 0.442766; 0.443309
135.2; 189009; 188225; 0.442959; 0.442207; 0.442818; 0.442376; 0.442552
135.4; 190016; 190585; 0.443957; 0.44353; 0.444068; 0.443451; 0.443441
135.6; 188256; 187832; 0.446539; 0.446409; 0.446744; 0.446264; 0.445943
135.8; 189190; 190156; 0.450797; 0.450665; 0.450831; 0.450714; 0.449968
136; 188961; 187852; 0.456489; 0.456262; 0.456445; 0.456415; 0.45541
136.2; 190276; 191290; 0.46324; 0.463373; 0.463348; 0.463386; 0.462133
136.4; 186976; 186834; 0.4712; 0.471653; 0.471365; 0.471609; 0.470048
136.6; 191447; 190306; 0.480377; 0.480917; 0.480414; 0.480972; 0.479061
136.8; 187124; 187881; 0.490542; 0.491063; 0.490479; 0.491187; 0.48901
137; 189688; 190324; 0.501494; 0.501997; 0.501492; 0.502041; 0.49981
137.2; 187095; 186314; 0.512972; 0.513673; 0.513074; 0.513617; 0.511309
137.4; 190099; 190137; 0.524888; 0.52578; 0.524962; 0.525776; 0.523279
137.6; 185505; 186809; 0.537117; 0.537995; 0.53711; 0.538102; 0.535521
137.8; 190268; 188041; 0.549345; 0.550291; 0.549308; 0.550449; 0.547815
138; 185426; 185647; 0.561374; 0.562458; 0.561359; 0.562604; 0.559973
138.2; 189446; 187871; 0.573112; 0.574254; 0.573091; 0.574379; 0.571782
138.4; 185274; 186495; 0.584274; 0.585521; 0.58423; 0.585635; 0.583056
138.6; 187188; 185620; 0.594665; 0.596228; 0.594596; 0.596339; 0.593698
138.8; 185387; 188088; 0.604162; 0.606126; 0.604158; 0.606167; 0.603578
139; 186098; 183204; 0.612864; 0.614776; 0.612935; 0.614758; 0.612469
139.2; 185583; 187620; 0.620609; 0.622065; 0.620619; 0.622133; 0.620216
139.4; 183755; 181832; 0.627089; 0.628075; 0.627046; 0.628215; 0.626715
139.6; 186020; 185768; 0.632149; 0.632809; 0.632108; 0.632961; 0.63189
139.8; 182961; 182358; 0.635567; 0.636223; 0.63554; 0.636355; 0.635555
140; 186010; 186477; 0.637407; 0.638237; 0.637441; 0.638292; 0.63774
140.2; 181375; 181159; 0.637776; 0.63868; 0.637862; 0.638658; 0.638382
140.4; 185583; 185391; 0.636813; 0.637444; 0.636828; 0.637491; 0.637551
140.6; 183395; 182439; 0.634422; 0.634596; 0.634385; 0.634694; 0.635203
140.8; 183146; 183299; 0.630376; 0.630457; 0.630401; 0.63051; 0.631374
141; 186264; 183394; 0.62488; 0.625001; 0.624972; 0.625; 0.626162
141.2; 180308; 183116; 0.618157; 0.61813; 0.618198; 0.618198; 0.619612
141.4; 187350; 183983; 0.610287; 0.609998; 0.61029; 0.610091; 0.611797
141.6; 180505; 181353; 0.601292; 0.600798; 0.601346; 0.600811; 0.602844
141.8; 187117; 185926; 0.591322; 0.590724; 0.591397; 0.590692; 0.592931
142; 180439; 182310; 0.580535; 0.579856; 0.580574; 0.579861; 0.582228
142.2; 186623; 184355; 0.569092; 0.568369; 0.569079; 0.56844; 0.570885
142.4; 182351; 183379; 0.557143; 0.556435; 0.557146; 0.556521; 0.559055
142.6; 187207; 184129; 0.544934; 0.544213; 0.545007; 0.544238; 0.546876
142.8; 183363; 183770; 0.532716; 0.531858; 0.532836; 0.531844; 0.534593
143; 186536; 185444; 0.520644; 0.51958; 0.52076; 0.519566; 0.522378
143.2; 185039; 184797; 0.508879; 0.507614; 0.508964; 0.507614; 0.510415
143.4; 185960; 185442; 0.497662; 0.496152; 0.497706; 0.496162; 0.498908
143.6; 187369; 186469; 0.487233; 0.485267; 0.487251; 0.485285; 0.488103
143.8; 186102; 185147; 0.477497; 0.475365; 0.477516; 0.475393; 0.478121
144; 188214; 187408; 0.468482; 0.466758; 0.468519; 0.466776; 0.469142
144.2; 186223; 186837; 0.460634; 0.459309; 0.46069; 0.459331; 0.461308
144.4; 189124; 188878; 0.454151; 0.452999; 0.454214; 0.453036; 0.45471
144.6; 188385; 186673; 0.449081; 0.44802; 0.449131; 0.448073; 0.449445
144.8; 189167; 188070; 0.445547; 0.444486; 0.445604; 0.444519; 0.445617
145; 187575; 188301; 0.443513; 0.442542; 0.443573; 0.442551; 0.443315
145.2; 191531; 189619; 0.442973; 0.442276; 0.443003; 0.442287; 0.442624
145.4; 186851; 187697; 0.443986; 0.443587; 0.443992; 0.443611; 0.44348
145.6; 190978; 190338; 0.446606; 0.446407; 0.446631; 0.446429; 0.445963
145.8; 189606; 186401; 0.450855; 0.450513; 0.450919; 0.450534; 0.449925
146; 188191; 191311; 0.456384; 0.456182; 0.456439; 0.456245; 0.455316
146.2; 192186; 187454; 0.463072; 0.463355; 0.463114; 0.463435; 0.462056
146.4; 186135; 190018; 0.471073; 0.471593; 0.471115; 0.471668; 0.469956
146.6; 192313; 187824; 0.480258; 0.480867; 0.48029; 0.480917; 0.478963
146.8; 186473; 188917; 0.490473; 0.490992; 0.490506; 0.491022; 0.488955
147; 192288; 186607; 0.501483; 0.501915; 0.501525; 0.501923; 0.499762
147.2; 185683; 190928; 0.512933; 0.513608; 0.512965; 0.513634; 0.511264
147.4; 190044; 185471; 0.524774; 0.525731; 0.524791; 0.525783; 0.523202
147.6; 186789; 189357; 0.536892; 0.538057; 0.536904; 0.53813; 0.535415
147.8; 189796; 186612; 0.549034; 0.55042; 0.549011; 0.55054; 0.547696
148; 185663; 187694; 0.561003; 0.562649; 0.560922; 0.562827; 0.559837
148.2; 189631; 186217; 0.572573; 0.57459; 0.572551; 0.5747; 0.571661
148.4; 185936; 186437; 0.583652; 0.585981; 0.583774; 0.585937; 0.582999
148.6; 187557; 185992; 0.59441; 0.596366; 0.594412; 0.596435; 0.593697
148.8; 184112; 186268; 0.604351; 0.605846; 0.604246; 0.606016; 0.603549
149; 188201; 184891; 0.613105; 0.614459; 0.61307; 0.614553; 0.612412
149.2; 183207; 183914; 0.620576; 0.622032; 0.620664; 0.622012; 0.620171
149.4; 187511; 184786; 0.626749; 0.628362; 0.626837; 0.628356; 0.626687
149.6; 181604; 184017; 0.631817; 0.63307; 0.631804; 0.633181; 0.631837
149.8; 187948; 183508; 0.635479; 0.636281; 0.63549; 0.636357; 0.635519
150; 181939; 184841; 0.637565; 0.638036; 0.637641; 0.638041; 0.637696
150.2; 185982; 181990; 0.638086; 0.638381; 0.638211; 0.638319; 0.638383
150.4; 182073; 186277; 0.636962; 0.637346; 0.637124; 0.637252; 0.637584
150.6; 186389; 180691; 0.634298; 0.63482; 0.634374; 0.634816; 0.635255
150.8; 181375; 184730; 0.630315; 0.630657; 0.630273; 0.630776; 0.631454
151; 185046; 181012; 0.625044; 0.624982; 0.625126; 0.624975; 0.626214
151.2; 182714; 184279; 0.618351; 0.618098; 0.618556; 0.617984; 0.619658
151.4; 184694; 182403; 0.610348; 0.610065; 0.61054; 0.609949; 0.611826
151.6; 183210; 184877; 0.601332; 0.600873; 0.601349; 0.600923; 0.602898
151.8; 184948; 182905; 0.591348; 0.590804; 0.59125; 0.590953; 0.593001
152; 183197; 182415; 0.580488; 0.580002; 0.580547; 0.579999; 0.582302
152.2; 184717; 184153; 0.569072; 0.568495; 0.569247; 0.568396; 0.570961
152.4; 184198; 182925; 0.557262; 0.556487; 0.55734; 0.556494; 0.55913
152.6; 184816; 185761; 0.545142; 0.54422; 0.545083; 0.544371; 0.546983
152.8; 185615; 182885; 0.532885; 0.531903; 0.532827; 0.532031; 0.534656
153; 184143; 186610; 0.520716; 0.519693; 0.520786; 0.519698; 0.522432
153.2; 187421; 183064; 0.508806; 0.507841; 0.509; 0.507703; 0.51044
153.4; 184582; 188054; 0.497435; 0.496494; 0.49779; 0.49619; 0.498985
153.6; 187191; 183019; 0.486744; 0.485826; 0.487272; 0.485343; 0.488154
153.8; 186258; 188969; 0.477009; 0.475946; 0.477467; 0.475547; 0.478195
154; 187468; 184621; 0.468376; 0.466897; 0.468445; 0.466897; 0.469172
154.2; 187538; 188505; 0.460842; 0.459106; 0.460606; 0.459425; 0.461326
154.4; 189016; 186518; 0.454247; 0.452941; 0.454198; 0.453086; 0.454728
154.6; 187400; 188934; 0.448964; 0.448204; 0.449248; 0.448024; 0.449478
154.8; 190609; 188409; 0.445308; 0.444764; 0.445619; 0.444537; 0.44563
155; 186676; 187823; 0.443424; 0.442628; 0.443434; 0.442708; 0.443367
155.2; 190931; 189262; 0.443039; 0.442179; 0.442794; 0.442499; 0.442644
155.4; 188219; 188570; 0.443998; 0.443504; 0.443947; 0.443636; 0.443519
155.6; 190576; 189159; 0.446526; 0.446392; 0.446799; 0.446207; 0.445964
155.8; 189378; 188847; 0.450665; 0.450568; 0.450781; 0.450552; 0.449888
156; 187429; 187765; 0.456309; 0.456145; 0.456103; 0.456432; 0.455223
156.2; 192065; 191991; 0.46317; 0.463175; 0.463014; 0.463398; 0.461934
156.4; 186059; 186115; 0.471098; 0.471518; 0.471282; 0.471404; 0.469865
156.6; 192344; 190931; 0.480204; 0.480855; 0.480432; 0.480711; 0.478923
156.8; 186864; 185999; 0.490371; 0.490947; 0.490319; 0.491093; 0.488927
157; 191172; 189672; 0.501379; 0.501867; 0.501134; 0.5022; 0.499754
157.2; 185812; 187633; 0.512813; 0.513543; 0.512687; 0.513752; 0.511202
157.4; 190635; 188934; 0.524615; 0.525683; 0.524763; 0.525621; 0.523129
157.6; 186729; 186585; 0.536689; 0.538014; 0.537027; 0.537758; 0.535276
157.8; 190744; 188623; 0.548883; 0.550377; 0.549261; 0.550072; 0.547558
158; 184057; 186329; 0.560931; 0.562579; 0.561279; 0.562304; 0.559738
158.2; 190688; 186923; 0.572568; 0.5745; 0.57291; 0.574227; 0.571596
158.4; 184317; 188228; 0.5837; 0.585841; 0.583896; 0.585724; 0.582945
158.6; 189087; 184790; 0.594339; 0.596301; 0.594232; 0.596501; 0.593658
158.8; 182756; 186502; 0.604149; 0.605892; 0.60414; 0.605996; 0.603518
159; 188270; 184909; 0.612862; 0.614538; 0.613112; 0.614356; 0.612355
159.2; 184640; 184524; 0.620494; 0.621954; 0.620797; 0.6217; 0.620057
159.4; 184923; 184585; 0.626924; 0.628084; 0.627128; 0.627929; 0.626572
159.6; 184621; 184174; 0.63188; 0.632956; 0.631928; 0.632969; 0.631764
159.8; 184280; 183341; 0.635358; 0.636413; 0.635296; 0.636545; 0.635506
160; 183020; 183355; 0.637363; 0.638328; 0.637436; 0.638333; 0.637742
160.2; 186641; 184717; 0.637972; 0.638594; 0.638146; 0.638506; 0.63846
160.4; 180648; 183414; 0.637042; 0.637315; 0.637159; 0.637282; 0.637622
160.6; 186058; 182453; 0.634464; 0.63466; 0.634451; 0.634749; 0.635266
160.8; 182920; 184343; 0.630328; 0.630655; 0.630307; 0.630744; 0.631443
161; 184100; 183304; 0.62491; 0.625166; 0.625027; 0.625117; 0.626225
161.2; 183352; 183516; 0.618408; 0.618148; 0.618471; 0.618152; 0.619684
161.4; 185024; 183287; 0.610574; 0.610022; 0.610502; 0.61017; 0.611919
161.6; 182416; 183677; 0.601409; 0.600986; 0.601346; 0.601142; 0.603025
161.8; 184572; 181589; 0.59133; 0.590964; 0.591474; 0.590916; 0.593135
162; 182624; 185180; 0.580648; 0.580008; 0.580852; 0.579896; 0.582428
162.2; 185796; 182396; 0.569304; 0.568439; 0.569415; 0.568397; 0.571031
162.4; 183726; 185150; 0.557425; 0.556477; 0.557402; 0.556556; 0.559163
162.6; 185224; 182695; 0.545239; 0.544272; 0.54514; 0.544427; 0.547001
162.8; 185378; 185827; 0.532923; 0.532034; 0.53291; 0.532112; 0.53473
163; 183010; 183992; 0.52067; 0.51994; 0.520808; 0.519874; 0.522531
163.2; 187536; 186196; 0.508782; 0.508089; 0.508972; 0.507978; 0.5106
163.4; 183952; 184224; 0.497414; 0.496702; 0.497544; 0.496666; 0.499134
163.6; 188034; 187896; 0.486779; 0.485947; 0.486759; 0.486059; 0.488304
163.8; 185871; 184564; 0.477039; 0.47602; 0.476869; 0.476273; 0.478285
164; 187655; 188398; 0.46833; 0.46708; 0.468002; 0.467494; 0.469274
164.2; 187168; 185440; 0.460784; 0.459302; 0.46028; 0.459878; 0.461376
164.4; 188259; 189265; 0.454399; 0.452932; 0.453941; 0.453461; 0.454764
164.6; 189003; 188066; 0.449175; 0.448112; 0.449044; 0.448318; 0.449494
164.8; 188294; 188114; 0.445368; 0.444807; 0.44567; 0.444595; 0.445699
165; 187404; 188735; 0.44326; 0.442886; 0.443663; 0.442572; 0.443411
165.2; 191190; 188100; 0.442909; 0.442355; 0.442957; 0.44239; 0.442684
165.4; 188640; 190430; 0.444095; 0.443379; 0.443808; 0.443751; 0.443514
165.6; 188969; 187177; 0.446653; 0.446149; 0.446515; 0.446363; 0.445901
165.8; 189734; 190009; 0.450584; 0.450587; 0.450837; 0.450397; 0.449791
166; 189231; 188165; 0.456117; 0.456263; 0.456266; 0.456166; 0.455152
166.2; 188701; 190327; 0.463109; 0.463137; 0.462914; 0.463397; 0.461876
166.4; 189516; 187738; 0.471158; 0.47138; 0.470943; 0.47166; 0.469829
166.6; 189729; 189992; 0.480186; 0.480792; 0.480248; 0.480802; 0.478883
166.8; 188875; 186863; 0.490224; 0.491014; 0.490485; 0.490832; 0.488855
167; 188081; 190854; 0.501118; 0.501936; 0.501245; 0.501906; 0.499667
167.2; 189401; 185280; 0.51276; 0.513378; 0.512621; 0.513599; 0.5111
167.4; 187812; 191535; 0.524745; 0.525344; 0.52457; 0.525594; 0.523002
167.6; 189799; 185295; 0.536771; 0.537803; 0.536835; 0.537797; 0.535195
167.8; 185867; 189293; 0.54884; 0.55031; 0.549183; 0.550036; 0.547496
168; 189397; 186431; 0.560778; 0.562639; 0.561333; 0.562146; 0.559661
168.2; 184632; 187720; 0.57242; 0.574525; 0.573015; 0.573997; 0.571526
168.4; 189745; 186556; 0.583742; 0.585676; 0.584069; 0.585423; 0.582872
168.6; 183147; 185275; 0.594403; 0.596097; 0.594361; 0.596222; 0.593566
168.8; 190113; 184932; 0.604157; 0.605739; 0.604046; 0.605924; 0.603423
169; 180654; 185619; 0.612789; 0.614451; 0.613021; 0.614299; 0.612287
169.2; 191132; 186323; 0.620461; 0.621902; 0.620769; 0.621675; 0.620059
169.4; 179582; 183016; 0.626988; 0.627965; 0.627156; 0.627873; 0.626584
169.6; 188551; 185736; 0.632073; 0.632792; 0.63203; 0.632896; 0.631769
169.8; 180903; 183341; 0.635528; 0.636263; 0.635366; 0.636486; 0.635505
170; 187491; 183698; 0.637363; 0.638344; 0.637414; 0.638364; 0.637733
170.2; 182143; 182190; 0.637867; 0.638714; 0.63811; 0.63855; 0.638458
170.4; 185853; 186008; 0.637033; 0.637321; 0.637125; 0.637317; 0.637623
170.6; 180662; 181344; 0.634608; 0.63452; 0.634488; 0.634725; 0.635276
170.8; 186992; 185765; 0.630596; 0.630433; 0.63046; 0.630649; 0.631471
171; 180846; 179715; 0.624999; 0.625152; 0.625058; 0.625163; 0.626269
171.2; 187101; 186773; 0.618292; 0.618367; 0.618409; 0.618315; 0.619739
171.4; 179861; 180469; 0.610576; 0.610076; 0.610494; 0.610222; 0.611928
171.6; 187109; 185590; 0.601647; 0.600858; 0.601496; 0.601087; 0.603051
171.8; 180966; 181126; 0.591659; 0.59077; 0.591636; 0.590892; 0.593199
172; 187792; 186107; 0.580792; 0.579984; 0.580928; 0.579947; 0.582502
172.2; 180782; 180389; 0.56918; 0.568633; 0.569403; 0.568513; 0.571122
172.4; 186241; 187220; 0.557317; 0.556671; 0.557378; 0.556701; 0.559255
172.6; 182534; 181727; 0.545322; 0.544285; 0.545181; 0.544499; 0.547077
172.8; 187954; 186875; 0.533136; 0.531944; 0.532993; 0.532158; 0.534796
173; 181988; 182883; 0.520998; 0.519746; 0.520964; 0.519854; 0.522603
173.2; 187675; 186884; 0.509152; 0.507859; 0.509244; 0.507849; 0.510662
173.4; 185804; 183890; 0.497875; 0.49639; 0.498086; 0.496271; 0.499198
173.6; 185070; 186907; 0.48733; 0.485519; 0.487517; 0.485447; 0.488387
173.8; 189939; 185209; 0.477648; 0.475518; 0.477596; 0.475672; 0.478353
174; 183299; 188349; 0.468668; 0.466836; 0.468682; 0.466914; 0.469319
174.2; 190637; 186020; 0.460739; 0.459413; 0.460942; 0.459294; 0.461426
174.4; 186132; 188754; 0.454212; 0.453152; 0.454387; 0.453054; 0.454794
174.6; 190261; 187419; 0.449205; 0.448136; 0.449202; 0.448198; 0.449505
174.8; 185834; 187799; 0.445706; 0.444531; 0.445606; 0.444701; 0.445696
175; 193266; 188559; 0.443579; 0.442577; 0.443625; 0.442612; 0.443403
175.2; 184638; 188466; 0.442934; 0.442255; 0.443102; 0.442183; 0.44266
175.4; 192318; 190532; 0.443931; 0.443465; 0.443945; 0.443539; 0.443477
175.6; 187500; 188257; 0.446572; 0.446139; 0.446455; 0.446335; 0.445858
175.8; 192291; 188809; 0.450721; 0.450409; 0.450716; 0.450468; 0.449778
176; 186927; 188359; 0.456184; 0.456193; 0.456345; 0.456075; 0.455137
176.2; 191502; 189912; 0.463079; 0.4632; 0.463086; 0.463231; 0.461858
176.4; 186357; 188387; 0.471159; 0.471333; 0.471017; 0.471526; 0.469774
176.6; 191501; 188539; 0.480207; 0.480627; 0.480175; 0.480726; 0.478808
176.8; 186216; 189428; 0.490164; 0.490884; 0.490349; 0.490792; 0.488776
177; 191741; 187208; 0.501083; 0.501808; 0.501247; 0.501733; 0.499571
177.2; 187975; 188999; 0.512705; 0.513292; 0.512652; 0.513422; 0.511025
177.4; 188022; 187321; 0.524679; 0.52532; 0.524566; 0.525489; 0.522934
177.6; 190154; 189455; 0.536749; 0.537758; 0.536788; 0.537761; 0.53513
177.8; 185072; 185185; 0.54884; 0.550194; 0.54905; 0.550018; 0.547395
178; 190302; 189556; 0.560791; 0.56252; 0.56118; 0.562182; 0.559606
178.2; 185215; 184452; 0.572353; 0.574476; 0.57287; 0.57402; 0.571456
178.4; 189073; 188134; 0.583627; 0.585661; 0.583923; 0.585437; 0.582803
178.6; 184613; 183633; 0.594317; 0.596054; 0.594198; 0.596246; 0.593481
178.8; 187692; 188557; 0.604116; 0.60566; 0.603925; 0.60592; 0.603354
179; 184411; 182506; 0.612733; 0.614448; 0.612935; 0.614306; 0.61224
179.2; 185306; 187490; 0.620284; 0.62202; 0.620663; 0.621694; 0.619992
179.4; 186097; 183153; 0.62688; 0.628017; 0.626945; 0.627992; 0.626504
179.6; 184899; 185139; 0.632028; 0.632729; 0.631746; 0.633057; 0.631701
179.8; 183702; 182422; 0.635538; 0.636144; 0.635306; 0.636428; 0.635423
180; 184178; 184295; 0.637416; 0.638204; 0.637549; 0.638139; 0.637683
180.2; 183538; 184006; 0.637912; 0.638622; 0.638185; 0.638421; 0.638416
180.4; 185603; 181412; 0.636999; 0.637379; 0.637075; 0.63738; 0.637625
180.6; 183219; 186607; 0.634516; 0.634726; 0.634421; 0.634912; 0.635351
180.8; 184006; 180132; 0.630411; 0.630679; 0.630455; 0.630722; 0.631519
181; 182343; 186508; 0.624985; 0.625208; 0.625148; 0.625148; 0.626332
181.2; 185167; 178069; 0.618474; 0.618198; 0.618451; 0.618311; 0.619768
181.4; 182892; 189468; 0.61069; 0.610044; 0.610554; 0.610282; 0.61202
181.6; 184136; 178390; 0.601671; 0.600976; 0.601632; 0.601092; 0.603119
181.8; 184384; 186779; 0.591578; 0.591021; 0.591723; 0.59095; 0.59325
182; 182586; 180195; 0.580702; 0.580264; 0.580878; 0.580159; 0.582555
182.2; 186543; 188134; 0.569335; 0.568683; 0.569304; 0.568806; 0.571212
182.4; 183134; 179690; 0.557544; 0.556551; 0.557434; 0.556762; 0.559331
182.6; 184933; 188559; 0.545408; 0.544279; 0.545435; 0.544357; 0.547157
182.8; 184717; 178067; 0.533157; 0.531978; 0.53336; 0.531881; 0.534877
183; 185266; 189684; 0.521055; 0.519799; 0.521463; 0.519508; 0.522705
183.2; 186383; 182097; 0.509298; 0.507826; 0.509776; 0.507447; 0.510723
183.4; 185913; 188872; 0.498215; 0.49617; 0.498268; 0.49619; 0.499235
183.6; 186513; 182949; 0.487641; 0.485322; 0.487373; 0.485666; 0.48839
183.8; 186988; 189221; 0.477452; 0.475812; 0.477575; 0.475775; 0.478394
184; 187744; 185005; 0.468317; 0.467265; 0.468776; 0.466893; 0.469362
184.2; 187216; 188197; 0.460466; 0.459712; 0.460851; 0.459421; 0.461456
184.4; 188332; 185343; 0.454058; 0.453296; 0.454277; 0.45317; 0.454809
184.6; 188176; 190200; 0.449197; 0.448099; 0.449228; 0.448155; 0.449522
184.8; 188916; 186089; 0.44569; 0.444486; 0.445646; 0.444622; 0.445697
185; 190195; 190553; 0.443535; 0.442604; 0.443622; 0.442595; 0.443391
185.2; 187729; 186122; 0.44285; 0.442346; 0.442921; 0.442329; 0.442616
185.4; 190197; 190122; 0.443779; 0.443638; 0.443744; 0.44373; 0.443448
185.6; 188730; 188256; 0.446485; 0.446266; 0.446431; 0.446378; 0.445858
185.8; 189898; 190138; 0.450704; 0.450421; 0.450726; 0.450465; 0.449783
186; 189095; 188068; 0.456228; 0.456058; 0.456303; 0.456058; 0.455142
186.2; 190492; 189916; 0.462958; 0.463097; 0.462999; 0.463147; 0.461817
186.4; 188859; 187564; 0.470891; 0.471341; 0.470918; 0.471406; 0.469711
186.6; 189088; 189596; 0.479987; 0.480638; 0.480042; 0.480671; 0.478713
186.8; 189314; 187532; 0.490136; 0.490809; 0.490198; 0.490808; 0.488689
187; 188471; 190195; 0.501142; 0.501684; 0.501177; 0.501701; 0.499496
187.2; 189365; 185947; 0.512723; 0.513252; 0.512724; 0.513298; 0.510966
187.4; 188450; 190698; 0.5246; 0.525354; 0.524622; 0.525391; 0.52292
187.6; 187360; 185314; 0.536626; 0.537737; 0.536692; 0.53774; 0.535102
187.8; 188715; 189821; 0.548716; 0.550151; 0.548827; 0.550106; 0.547369
188; 187316; 185140; 0.560601; 0.562465; 0.560798; 0.562333; 0.559498
188.2; 186553; 188180; 0.572152; 0.574452; 0.572336; 0.574343; 0.571364
188.4; 188510; 185886; 0.583452; 0.585636; 0.583378; 0.585773; 0.582695
188.6; 184677; 186908; 0.594197; 0.596039; 0.594166; 0.596115; 0.593376
188.8; 187760; 184272; 0.604021; 0.605737; 0.60421; 0.605594; 0.603305
189; 183704; 187152; 0.612839; 0.61438; 0.613115; 0.614172; 0.612262
189.2; 187367; 183372; 0.620447; 0.621865; 0.620654; 0.621736; 0.620024
189.4; 183212; 186203; 0.626683; 0.628184; 0.626736; 0.628229; 0.626574
189.6; 185122; 182759; 0.631688; 0.633028; 0.631659; 0.633145; 0.631746
189.8; 184459; 185996; 0.635295; 0.636364; 0.635418; 0.636312; 0.635437
190; 184284; 182842; 0.637424; 0.638172; 0.637592; 0.638054; 0.637639
190.2; 183856; 183493; 0.638105; 0.638427; 0.638171; 0.638423; 0.638404
190.4; 185062; 184842; 0.637182; 0.637285; 0.637111; 0.63742; 0.637651
190.6; 181763; 182226; 0.634555; 0.634766; 0.634457; 0.634948; 0.635367
190.8; 184476; 183071; 0.630381; 0.630868; 0.630491; 0.630858; 0.631614
191; 182570; 184242; 0.625148; 0.62519; 0.625276; 0.625175; 0.626421
191.2; 185164; 182720; 0.618694; 0.618105; 0.61863; 0.61825; 0.619824
191.4; 180831; 183865; 0.610879; 0.609959; 0.610667; 0.610226; 0.611993
191.6; 186185; 183497; 0.601933; 0.600779; 0.601651; 0.601107; 0.60311
191.8; 181879; 183811; 0.591919; 0.590749; 0.591638; 0.591099; 0.593267
192; 185272; 183363; 0.581007; 0.580052; 0.580843; 0.580295; 0.582608
192.2; 182899; 184371; 0.569385; 0.56878; 0.569517; 0.568742; 0.57128
192.4; 185781; 183751; 0.557461; 0.556872; 0.557737; 0.556695; 0.559439
192.6; 183755; 185153; 0.545412; 0.544493; 0.545531; 0.544479; 0.547266
192.8; 184514; 184342; 0.533279; 0.532034; 0.533153; 0.532251; 0.534933
193; 184189; 184855; 0.521309; 0.51968; 0.520944; 0.520095; 0.522695
193.2; 186934; 186548; 0.509638; 0.507614; 0.509121; 0.508167; 0.510723
193.4; 183936; 183547; 0.498297; 0.496188; 0.49784; 0.496681; 0.499234
193.6; 187473; 188445; 0.487426; 0.485694; 0.487343; 0.485833; 0.488449
193.8; 185497; 185334; 0.477473; 0.475939; 0.477813; 0.47569; 0.478465
194; 188150; 188569; 0.468724; 0.46697; 0.468858; 0.466958; 0.469453
194.2; 186650; 186217; 0.461059; 0.459216; 0.46076; 0.459634; 0.461541
194.4; 188241; 188510; 0.45437; 0.453079; 0.454162; 0.453369; 0.454838
194.6; 186771; 188765; 0.449102; 0.448266; 0.449132; 0.448291; 0.449526
194.8; 189674; 188760; 0.445356; 0.444865; 0.445617; 0.444645; 0.445658
195; 187109; 188950; 0.443272; 0.442882; 0.443567; 0.442621; 0.443343
195.2; 189423; 190105; 0.442882; 0.44236; 0.442906; 0.442385; 0.442632
195.4; 188901; 185927; 0.443997; 0.4434; 0.443786; 0.443694; 0.443483
195.6; 188646; 192261; 0.446535; 0.446131; 0.446411; 0.446376; 0.445896
195.8; 189628; 184837; 0.450485; 0.450457; 0.45068; 0.450375; 0.449765
196; 190076; 194950; 0.45601; 0.456088; 0.456201; 0.455996; 0.455068
196.2; 187139; 186194; 0.462957; 0.462926; 0.462814; 0.463127; 0.461692
196.4; 190333; 191798; 0.470976; 0.471202; 0.470822; 0.471373; 0.469583
196.6; 186664; 187429; 0.479986; 0.480632; 0.480076; 0.480542; 0.478597
196.8; 191003; 191743; 0.490023; 0.490882; 0.49026; 0.490664; 0.488624
197; 185337; 186787; 0.500939; 0.501756; 0.501064; 0.501698; 0.49945
197.2; 192094; 188785; 0.512562; 0.513127; 0.512486; 0.513308; 0.510909
197.4; 184691; 188000; 0.52448; 0.525103; 0.524411; 0.525307; 0.522834
197.6; 190478; 187848; 0.536515; 0.537553; 0.536654; 0.537537; 0.53503
197.8; 184323; 189098; 0.548629; 0.550029; 0.548951; 0.549793; 0.547278
198; 189444; 186961; 0.56059; 0.562326; 0.561019; 0.561936; 0.559392
198.2; 185001; 189084; 0.572208; 0.574274; 0.572687; 0.573817; 0.57122
198.4; 188273; 185927; 0.58352; 0.585501; 0.583816; 0.58522; 0.582596
198.6; 183482; 188145; 0.594217; 0.595922; 0.594165; 0.596033; 0.593353
198.8; 188280; 184543; 0.603971; 0.605571; 0.603772; 0.605869; 0.603274
199; 182290; 185972; 0.612596; 0.614317; 0.612774; 0.614286; 0.612215
199.2; 187419; 184907; 0.620167; 0.621889; 0.620546; 0.621644; 0.619978
199.4; 182773; 185926; 0.626738; 0.62793; 0.626847; 0.627923; 0.626464
199.6; 185524; 183608; 0.631941; 0.632645; 0.631705; 0.632931; 0.631624
199.8; 183024; 186624; 0.635502; 0.63611; 0.635254; 0.63638; 0.635342
200; 185173; 182644; 0.637432; 0.638207; 0.637502; 0.638148; 0.637617
200.2; 181801; 186073; 0.637909; 0.638711; 0.638196; 0.638465; 0.638426
200.4; 184424; 181787; 0.63699; 0.637527; 0.637118; 0.637475; 0.637687
200.6; 181713; 185145; 0.634543; 0.634804; 0.634449; 0.635006; 0.635417
200.8; 183977; 183069; 0.630542; 0.630711; 0.630568; 0.63079; 0.631619
201; 183093; 183635; 0.625111; 0.625277; 0.625318; 0.625141; 0.626374
201.2; 184390; 184612; 0.61853; 0.618354; 0.618626; 0.618312; 0.61982
201.4; 182004; 183408; 0.610731; 0.610209; 0.610605; 0.610378; 0.612039
201.6; 182920; 184320; 0.601729; 0.60114; 0.601598; 0.601315; 0.603178
201.8; 184887; 182809; 0.591721; 0.591201; 0.591809; 0.591164; 0.59338
202; 182097; 184563; 0.580906; 0.580407; 0.581109; 0.580285; 0.582749
202.2; 184464; 183963; 0.569557; 0.568852; 0.569628; 0.568879; 0.571413
202.4; 183466; 185424; 0.557744; 0.556795; 0.557647; 0.556982; 0.559529
202.6; 183927; 184024; 0.545572; 0.544543; 0.545475; 0.544711; 0.547322
202.8; 184867; 186044; 0.533266; 0.532292; 0.533287; 0.532304; 0.534992
203; 184416; 185401; 0.52103; 0.520179; 0.521171; 0.520045; 0.52274
203.2; 184875; 184539; 0.509161; 0.508317; 0.509366; 0.508123; 0.510794
203.4; 185824; 187143; 0.497837; 0.496871; 0.498108; 0.496648; 0.49937
203.6; 185324; 186252; 0.487218; 0.486114; 0.487587; 0.485825; 0.488594
203.8; 187174; 186292; 0.477513; 0.476092; 0.477805; 0.475888; 0.478569
204; 185908; 188662; 0.468879; 0.46693; 0.468801; 0.467113; 0.469498
204.2; 187947; 186548; 0.46106; 0.459323; 0.460975; 0.459499; 0.461559
204.4; 185756; 189185; 0.454323; 0.453221; 0.454522; 0.45307; 0.454839
204.6; 189866; 187320; 0.449123; 0.4483; 0.449295; 0.448148; 0.449491
204.8; 185920; 191236; 0.445481; 0.444782; 0.445468; 0.444821; 0.445668
205; 189405; 187527; 0.443499; 0.442713; 0.443263; 0.442994; 0.443385
205.2; 188563; 189379; 0.443091; 0.442139; 0.442826; 0.442475; 0.442656
205.4; 189028; 190234; 0.443889; 0.443459; 0.444029; 0.443427; 0.443492
205.6; 189112; 188441; 0.446323; 0.446286; 0.446681; 0.446048; 0.445863
205.8; 187904; 189461; 0.450527; 0.450361; 0.450572; 0.45043; 0.449735
206; 189066; 191411; 0.456135; 0.455829; 0.455897; 0.456147; 0.454991
206.2; 188021; 188216; 0.462754; 0.462966; 0.46276; 0.463005; 0.461587
206.4; 188938; 190620; 0.470554; 0.471428; 0.470911; 0.471109; 0.469512
206.6; 188940; 188364; 0.479583; 0.480819; 0.480056; 0.480409; 0.478572
206.8; 187670; 189456; 0.489652; 0.491021; 0.490077; 0.490682; 0.488584
207; 189162; 188327; 0.500529; 0.501948; 0.500833; 0.501744; 0.499394
207.2; 187274; 189900; 0.512005; 0.513529; 0.512208; 0.513446; 0.510863
207.4; 188705; 186219; 0.523922; 0.525537; 0.524055; 0.525509; 0.522728
207.6; 187605; 191429; 0.536074; 0.537776; 0.536152; 0.537785; 0.534874
207.8; 185818; 186529; 0.548161; 0.550195; 0.54818; 0.550238; 0.547093
208; 188696; 189443; 0.560175; 0.562497; 0.560173; 0.562558; 0.559313
208.2; 185140; 187245; 0.572023; 0.574263; 0.572081; 0.574281; 0.571214
208.4; 188071; 186549; 0.583396; 0.585406; 0.583458; 0.585436; 0.582581
208.6; 184816; 185807; 0.594102; 0.595865; 0.594128; 0.59595; 0.59333
208.8; 185859; 187031; 0.603916; 0.60551; 0.603935; 0.605614; 0.603254
209; 185389; 185636; 0.612555; 0.614291; 0.612604; 0.614367; 0.612156
209.2; 183899; 186488; 0.620087; 0.621866; 0.620165; 0.621888; 0.619885
209.4; 185762; 183858; 0.626603; 0.628004; 0.626631; 0.628046; 0.626403
209.6; 184370; 185602; 0.631772; 0.63282; 0.631742; 0.632903; 0.631613
209.8; 183130; 183786; 0.635357; 0.636291; 0.635351; 0.636343; 0.635396
210; 185190; 184748; 0.637345; 0.638336; 0.637414; 0.638321; 0.637699
210.2; 182138; 183692; 0.637912; 0.638716; 0.637967; 0.638736; 0.63847
210.4; 182275; 185092; 0.637024; 0.637514; 0.637041; 0.637598; 0.637731
210.6; 184743; 183210; 0.634497; 0.634861; 0.634531; 0.634919; 0.6354
210.8; 181780; 183720; 0.630543; 0.630766; 0.630603; 0.630777; 0.631603
211; 183540; 184647; 0.625198; 0.625301; 0.625229; 0.625318; 0.626398
211.2; 185496; 181910; 0.618617; 0.618438; 0.618589; 0.618489; 0.619863
211.4; 179515; 185008; 0.610789; 0.610375; 0.610774; 0.610408; 0.612121
211.6; 186208; 183113; 0.601781; 0.601311; 0.60182; 0.601288; 0.603256
211.8; 181268; 184556; 0.591809; 0.591267; 0.591881; 0.591242; 0.593445
212; 184751; 183912; 0.581024; 0.580413; 0.581048; 0.580445; 0.582768
212.2; 181996; 184938; 0.56958; 0.568941; 0.569562; 0.56901; 0.571408
212.4; 185789; 183852; 0.557728; 0.556972; 0.557751; 0.556982; 0.559542
212.6; 183116; 183862; 0.545615; 0.544708; 0.545679; 0.544665; 0.547357
212.8; 185063; 185795; 0.533388; 0.53238; 0.533463; 0.532322; 0.535063
213; 182534; 185320; 0.521279; 0.520149; 0.521331; 0.520109; 0.522862
213.2; 187807; 186265; 0.509457; 0.508196; 0.509478; 0.508197; 0.510903
213.4; 183878; 185243; 0.498215; 0.49668; 0.498214; 0.496728; 0.499462
213.6; 186003; 188040; 0.487694; 0.485783; 0.487681; 0.48585; 0.488627
213.8; 186120; 185311; 0.477915; 0.475792; 0.477948; 0.475812; 0.478562
214; 187783; 189522; 0.468878; 0.467108; 0.468939; 0.467102; 0.469512
214.2; 185437; 185671; 0.461009; 0.459562; 0.461005; 0.4596; 0.461574
214.4; 187765; 189275; 0.454521; 0.453198; 0.454482; 0.453273; 0.454925
214.6; 188679; 187328; 0.449387; 0.448174; 0.449385; 0.448207; 0.449581
214.8; 186089; 190911; 0.445746; 0.444604; 0.445824; 0.444579; 0.445733
215; 191422; 185833; 0.443566; 0.442658; 0.443603; 0.442675; 0.44341
215.2; 185282; 192616; 0.442869; 0.44235; 0.442843; 0.442463; 0.442674
215.4; 191311; 187483; 0.443823; 0.443549; 0.443773; 0.44368; 0.443474
215.6; 187365; 190578; 0.446553; 0.446113; 0.446548; 0.4462; 0.445847
215.8; 189128; 188903; 0.450676; 0.450265; 0.450763; 0.450251; 0.449695
216; 188171; 191634; 0.455994; 0.455982; 0.456033; 0.456025; 0.455004
216.2; 190052; 188360; 0.462755; 0.462942; 0.462717; 0.463062; 0.461632
216.4; 186772; 189721; 0.47082; 0.471012; 0.470819; 0.471115; 0.469518
216.6; 190409; 189224; 0.479988; 0.480201; 0.480086; 0.480223; 0.478551
216.8; 187861; 188123; 0.489921; 0.490522; 0.490002; 0.490569; 0.488531
217; 187652; 190636; 0.500682; 0.501628; 0.500697; 0.501738; 0.499344
217.2; 189451; 187254; 0.512177; 0.51323; 0.512135; 0.513377; 0.510768
217.4; 186520; 190085; 0.524176; 0.525168; 0.524069; 0.525374; 0.522671
217.6; 188149; 186408; 0.536392; 0.537357; 0.536229; 0.53761; 0.534831
217.8; 187864; 189282; 0.548662; 0.54956; 0.548457; 0.549879; 0.547108
218; 186642; 186746; 0.56082; 0.561649; 0.560596; 0.562002; 0.559288
218.2; 187207; 188630; 0.572543; 0.573495; 0.57234; 0.573828; 0.571137
218.4; 186156; 186513; 0.583697; 0.584887; 0.583478; 0.585227; 0.582513
218.6; 186096; 186465; 0.594162; 0.595658; 0.593984; 0.595948; 0.59326
218.8; 185922; 185899; 0.603638; 0.605683; 0.603737; 0.605678; 0.603152
219; 185017; 186901; 0.612406; 0.614344; 0.612536; 0.614301; 0.612057
219.2; 186254; 183582; 0.620381; 0.621499; 0.620205; 0.621754; 0.619811
219.4; 182463; 186354; 0.626986; 0.627492; 0.626652; 0.627897; 0.626331
219.6; 185694; 184569; 0.632184; 0.632196; 0.6318; 0.632652; 0.631531
219.8; 183621; 184574; 0.635876; 0.635588; 0.635439; 0.636094; 0.635327
220; 183324; 184289; 0.637999; 0.637576; 0.637584; 0.638054; 0.637638
220.2; 183300; 182438; 0.638551; 0.638072; 0.638208; 0.638474; 0.638439
220.4; 184496; 185711; 0.637497; 0.637083; 0.637213; 0.637435; 0.637699
220.6; 182211; 182998; 0.634783; 0.63468; 0.634559; 0.634961; 0.635385
220.8; 183511; 183365; 0.630435; 0.630945; 0.630516; 0.630921; 0.631626
221; 183974; 184136; 0.625171; 0.625358; 0.625283; 0.625298; 0.626424
221.2; 182932; 182560; 0.618853; 0.61821; 0.61866; 0.61846; 0.619911
221.4; 183801; 185439; 0.611195; 0.610017; 0.61083; 0.610441; 0.6122
221.6; 182952; 182486; 0.602354; 0.600832; 0.601925; 0.601312; 0.603348
221.8; 184518; 184133; 0.592455; 0.59079; 0.592018; 0.591264; 0.593515
222; 182033; 183012; 0.581649; 0.580001; 0.581245; 0.580433; 0.582833
222.2; 185534; 185554; 0.570206; 0.568555; 0.569869; 0.568918; 0.571478
222.4; 181186; 183734; 0.558311; 0.556575; 0.558012; 0.556904; 0.559616
222.6; 187754; 184848; 0.546167; 0.544307; 0.545812; 0.544692; 0.547445
222.8; 181699; 184726; 0.533934; 0.53194; 0.53354; 0.532376; 0.535162
223; 187955; 185407; 0.521849; 0.519714; 0.521438; 0.520158; 0.522948
223.2; 181357; 184854; 0.510005; 0.507837; 0.509701; 0.508174; 0.511007
223.4; 189900; 186601; 0.49853; 0.496566; 0.498607; 0.49652; 0.499537
223.6; 182956; 185937; 0.487727; 0.485913; 0.487966; 0.485713; 0.488667
223.8; 188575; 187636; 0.477946; 0.475933; 0.477822; 0.476091; 0.478622
224; 185501; 185944; 0.469009; 0.467116; 0.468802; 0.467359; 0.469571
224.2; 188464; 187789; 0.460963; 0.459691; 0.461091; 0.459605; 0.461629
224.4; 186545; 188144; 0.454326; 0.453403; 0.454667; 0.453106; 0.454937
224.6; 188401; 188155; 0.449276; 0.448343; 0.449456; 0.448199; 0.449616
224.8; 189108; 189012; 0.445829; 0.444615; 0.445693; 0.444789; 0.445772
225; 186491; 188600; 0.443673; 0.44263; 0.44356; 0.442791; 0.443443
225.2; 191994; 188747; 0.442847; 0.442401; 0.443047; 0.442266; 0.442657
225.4; 185418; 189086; 0.443713; 0.443599; 0.443993; 0.443403; 0.443441
225.6; 192153; 189202; 0.446383; 0.446139; 0.446455; 0.446161; 0.445793
225.8; 187390; 190777; 0.450623; 0.450105; 0.450533; 0.450285; 0.449624
226; 190708; 187659; 0.455968; 0.455899; 0.456078; 0.45586; 0.454928
226.2; 187311; 189949; 0.462601; 0.463057; 0.462808; 0.462917; 0.461595
226.4; 190593; 190421; 0.470619; 0.471235; 0.470711; 0.471221; 0.469513
226.6; 185534; 187556; 0.479812; 0.480351; 0.479757; 0.480509; 0.478517
226.8; 192389; 190400; 0.489997; 0.490354; 0.489904; 0.490559; 0.488467
227; 185434; 186912; 0.500806; 0.501313; 0.500909; 0.501335; 0.499236
227.2; 191249; 191206; 0.512191; 0.512986; 0.51238; 0.512926; 0.510682
227.4; 186730; 185851; 0.524104; 0.524972; 0.524129; 0.525065; 0.522557
227.6; 188290; 190135; 0.536323; 0.537228; 0.536175; 0.537476; 0.53474
227.8; 187163; 186235; 0.548547; 0.54957; 0.548275; 0.549919; 0.547002
228; 187740; 188650; 0.560657; 0.561784; 0.560267; 0.562245; 0.559197
228.2; 186211; 186831; 0.572408; 0.573661; 0.572014; 0.574129; 0.571094
228.4; 187660; 187060; 0.583446; 0.585084; 0.583328; 0.585302; 0.582462
228.6; 185889; 185882; 0.593764; 0.595879; 0.594062; 0.595709; 0.593183
228.8; 186037; 186267; 0.603584; 0.605509; 0.603861; 0.605356; 0.603083
229; 185462; 183132; 0.612551; 0.613993; 0.612426; 0.614213; 0.611948
229.2; 184365; 187799; 0.620271; 0.621468; 0.620066; 0.621753; 0.619747
229.4; 185233; 184397; 0.626573; 0.627855; 0.626723; 0.627768; 0.626299
229.6; 184340; 185589; 0.631523; 0.63295; 0.63189; 0.632638; 0.631562
229.8; 184150; 182611; 0.63531; 0.636291; 0.635415; 0.636247; 0.635387
230; 183482; 185412; 0.637593; 0.638036; 0.637346; 0.638367; 0.637702
230.2; 183712; 182555; 0.638161; 0.63842; 0.637971; 0.638706; 0.638467
230.4; 183702; 183966; 0.637002; 0.637478; 0.637171; 0.637406; 0.637691
230.6; 184309; 183422; 0.634372; 0.63497; 0.634656; 0.63477; 0.635374
230.8; 182322; 184685; 0.630584; 0.630739; 0.630505; 0.630876; 0.63158
231; 185624; 183441; 0.625353; 0.625231; 0.625186; 0.625425; 0.626419
231.2; 181565; 184137; 0.618687; 0.618585; 0.618843; 0.618441; 0.619962
231.4; 184398; 181729; 0.610855; 0.610626; 0.611154; 0.610351; 0.61229
231.6; 181741; 184985; 0.601955; 0.601449; 0.602132; 0.60132; 0.603447
231.8; 185445; 182455; 0.592049; 0.591327; 0.591997; 0.591444; 0.593616
232; 181526; 185195; 0.581233; 0.58047; 0.581103; 0.580689; 0.58295
232.2; 186445; 182770; 0.569699; 0.569095; 0.569781; 0.5691; 0.571584
232.4; 181082; 185869; 0.557776; 0.557174; 0.558006; 0.557021; 0.559718
232.6; 187913; 182751; 0.545778; 0.544846; 0.545875; 0.544776; 0.547519
232.8; 182641; 186669; 0.53367; 0.532406; 0.533596; 0.532501; 0.535234
233; 185567; 183850; 0.521695; 0.520106; 0.521439; 0.520388; 0.523061
233.2; 183771; 186547; 0.510062; 0.508008; 0.509608; 0.508526; 0.511186
233.4; 187746; 184704; 0.498652; 0.496562; 0.498223; 0.497068; 0.49966
233.6; 183181; 186790; 0.48778; 0.485924; 0.487642; 0.486154; 0.488784
233.8; 189816; 186585; 0.477849; 0.476056; 0.478017; 0.475982; 0.478729
234; 184584; 186352; 0.468974; 0.467151; 0.469007; 0.467198; 0.469634
234.2; 189905; 188645; 0.46117; 0.459446; 0.460998; 0.459678; 0.461631
234.4; 183762; 186882; 0.454592; 0.453124; 0.454543; 0.453209; 0.454918
234.6; 192656; 190151; 0.449396; 0.448254; 0.449539; 0.448145; 0.449634
234.8; 184165; 186552; 0.445704; 0.444714; 0.445768; 0.444702; 0.44577
235; 191813; 190872; 0.443622; 0.442593; 0.44355; 0.44273; 0.443424
235.2; 184813; 186978; 0.442931; 0.442246; 0.442926; 0.442336; 0.442649
235.4; 193089; 191376; 0.443806; 0.44345; 0.443969; 0.443385; 0.443445
235.6; 186314; 187729; 0.446324; 0.446069; 0.44649; 0.446006; 0.445733
235.8; 190564; 189933; 0.450459; 0.450179; 0.450422; 0.450302; 0.449589
236; 188490; 188417; 0.455954; 0.455797; 0.455868; 0.45593; 0.454828
236.2; 187377; 189831; 0.462613; 0.462865; 0.462707; 0.462807; 0.461464
236.4; 192343; 188601; 0.470552; 0.471101; 0.470717; 0.470969; 0.469349
236.6; 185488; 189726; 0.479759; 0.480279; 0.479811; 0.480271; 0.478374
236.8; 191771; 190331; 0.489936; 0.490349; 0.489861; 0.490478; 0.488352
237; 184322; 185611; 0.500752; 0.501257; 0.500738; 0.501364; 0.499141
237.2; 193639; 192195; 0.512135; 0.512905; 0.51228; 0.512865; 0.510576
237.4; 183227; 185701; 0.523965; 0.524956; 0.524128; 0.524905; 0.522468
237.6; 192788; 190155; 0.536167; 0.537221; 0.536209; 0.537261; 0.534636
237.8; 183723; 187395; 0.548433; 0.549491; 0.548385; 0.5496; 0.546886
238; 189539; 188527; 0.560551; 0.56167; 0.560443; 0.561818; 0.559032
238.2; 185080; 185971; 0.572332; 0.573509; 0.572148; 0.573734; 0.570922
238.4; 188349; 186632; 0.583571; 0.584842; 0.583274; 0.585189; 0.582334
238.6; 184827; 187228; 0.594013; 0.595593; 0.593845; 0.595835; 0.59311
238.8; 187036; 185643; 0.603468; 0.60559; 0.603665; 0.605487; 0.60302
239; 184879; 185893; 0.612338; 0.614154; 0.612446; 0.614145; 0.611926
239.2; 185342; 184885; 0.62026; 0.621399; 0.620064; 0.621671; 0.6197
239.4; 184558; 185428; 0.626771; 0.627577; 0.626539; 0.627845; 0.626212
239.6; 184491; 183515; 0.631825; 0.632541; 0.631724; 0.632662; 0.631451
239.8; 184193; 185995; 0.635291; 0.636192; 0.635383; 0.636134; 0.635288
240; 182963; 183512; 0.637336; 0.638249; 0.637489; 0.638158; 0.637652
240.2; 184476; 183517; 0.637977; 0.63862; 0.637964; 0.638729; 0.638477
240.4; 181597; 183095; 0.637112; 0.637453; 0.637027; 0.637646; 0.637745
240.6; 186650; 184786; 0.634616; 0.634922; 0.634676; 0.634952; 0.63548
240.8; 180253; 183578; 0.630581; 0.630951; 0.630726; 0.630879; 0.631714
241; 184843; 184867; 0.625337; 0.625376; 0.625315; 0.62547; 0.626537
241.2; 182866; 182278; 0.618749; 0.618506; 0.618676; 0.618644; 0.620021
241.4; 184041; 184745; 0.610871; 0.610539; 0.610962; 0.610519; 0.612299
241.6; 182840; 182514; 0.601869; 0.601502; 0.602069; 0.601376; 0.603477
241.8; 183643; 183041; 0.591962; 0.591453; 0.592066; 0.59143; 0.593667
242; 184455; 185546; 0.581291; 0.580592; 0.581215; 0.580761; 0.583039
242.2; 182846; 182048; 0.569897; 0.569124; 0.569839; 0.569279; 0.571721
242.4; 184500; 186498; 0.557926; 0.557262; 0.55805; 0.557239; 0.559876
242.6; 184516; 181169; 0.545728; 0.545018; 0.545903; 0.54494; 0.547662
242.8; 184662; 188416; 0.533592; 0.532547; 0.533644; 0.532593; 0.535367
243; 184248; 181140; 0.521553; 0.520252; 0.52144; 0.520448; 0.52314
243.2; 186228; 188970; 0.509806; 0.508282; 0.509524; 0.508638; 0.511193
243.4; 184633; 183359; 0.498578; 0.49671; 0.498114; 0.49725; 0.499701
243.6; 187475; 188266; 0.487912; 0.485953; 0.487425; 0.486519; 0.488847
243.8; 183912; 185290; 0.477919; 0.476201; 0.477645; 0.476561; 0.478824
244; 189871; 188137; 0.46892; 0.467448; 0.468984; 0.467473; 0.469771
244.2; 184709; 186626; 0.461109; 0.459691; 0.461401; 0.459497; 0.461771
244.4; 190313; 189406; 0.45473; 0.453098; 0.454679; 0.453227; 0.45503
244.6; 185354; 187211; 0.449508; 0.448115; 0.449312; 0.448382; 0.449669
244.8; 191034; 189519; 0.445557; 0.444853; 0.445623; 0.444867; 0.445817
245; 185318; 187441; 0.443142; 0.443105; 0.443522; 0.44281; 0.443478
245.2; 191975; 190251; 0.442359; 0.442913; 0.443005; 0.442339; 0.442691
245.4; 185819; 188935; 0.443251; 0.444123; 0.44391; 0.443531; 0.44346
245.6; 191769; 189511; 0.445914; 0.446605; 0.446366; 0.446223; 0.445766
245.8; 187594; 188211; 0.450212; 0.450466; 0.450396; 0.450357; 0.449591
246; 188798; 190631; 0.456044; 0.45568; 0.455963; 0.455831; 0.454858
246.2; 189941; 188054; 0.462722; 0.462696; 0.462774; 0.462715; 0.461479
246.4; 188283; 190705; 0.470407; 0.471155; 0.470681; 0.470956; 0.469363
246.6; 189387; 187195; 0.479407; 0.480497; 0.479719; 0.480257; 0.478348
246.8; 189077; 190543; 0.489455; 0.490712; 0.489726; 0.490519; 0.488332
247; 188733; 187884; 0.50032; 0.50165; 0.500532; 0.50151; 0.499106
247.2; 186678; 189203; 0.511891; 0.513097; 0.512072; 0.51298; 0.510503
247.4; 189581; 188257; 0.523961; 0.524915; 0.52407; 0.524865; 0.522381
247.6; 186979; 188675; 0.536253; 0.537009; 0.536223; 0.537085; 0.534524
247.8; 190216; 187642; 0.548522; 0.54925; 0.548463; 0.549352; 0.546768
248; 182866; 186474; 0.560582; 0.561483; 0.560656; 0.561471; 0.558977
248.2; 191263; 187659; 0.572314; 0.573417; 0.572484; 0.573307; 0.570883
248.4; 183087; 186574; 0.583519; 0.584766; 0.583716; 0.584655; 0.58232
248.6; 189489; 187647; 0.594; 0.59553; 0.594231; 0.595376; 0.593064
248.8; 182832; 183334; 0.603536; 0.605452; 0.603777; 0.605281; 0.602946
249; 189513; 188068; 0.612273; 0.614175; 0.612273; 0.614238; 0.611872
249.2; 181041; 183216; 0.620043; 0.621547; 0.619963; 0.621686; 0.619638
249.4; 188250; 187216; 0.626512; 0.627743; 0.626656; 0.627649; 0.626183
249.6; 181870; 182484; 0.631622; 0.632635; 0.631936; 0.632374; 0.631435
249.8; 186208; 186849; 0.635323; 0.636107; 0.635767; 0.635725; 0.635298
250; 181009; 180461; 0.637431; 0.638106; 0.637994; 0.637626; 0.637648
