0.004; 10192.1; 4972.22; 3.20631e-05; 3.19862e-05; 3.20579e-05; 3.19769e-05; 3.12295e-05
0.2; 72272.7; 63541.5; 0.02407; 0.0221805; 0.0240732; 0.0221812; 0.0230712
0.4; 90899.6; 107244; 0.131296; 0.132893; 0.131337; 0.132902; 0.132203
0.6; 64198.4; 60129.6; 0.282394; 0.282841; 0.282428; 0.282916; 0.283411
0.8; 77344.9; 79671.6; 0.439673; 0.437786; 0.439727; 0.437858; 0.439604
1; 82957; 87783.3; 0.574654; 0.573134; 0.574655; 0.573177; 0.575207
1.2; 86904.1; 88551.9; 0.656412; 0.653399; 0.656314; 0.653413; 0.656928
1.4; 105077; 112293; 0.670908; 0.667487; 0.670717; 0.667661; 0.672648
1.6; 122880; 128860; 0.620681; 0.619618; 0.620585; 0.619593; 0.624394
1.8; 141222; 142405; 0.540416; 0.537137; 0.539952; 0.537265; 0.542984
2; 164072; 163826; 0.478588; 0.474736; 0.477243; 0.475783; 0.480167
2.2; 166852; 166154; 0.475177; 0.471519; 0.474075; 0.472172; 0.475793
2.4; 143166; 147793; 0.505635; 0.504958; 0.506614; 0.503471; 0.506768
2.6; 131546; 129598; 0.524641; 0.523478; 0.523907; 0.523942; 0.525552
2.8; 127190; 129076; 0.512272; 0.511955; 0.513075; 0.511336; 0.51389
3; 128554; 131252; 0.476216; 0.473677; 0.475793; 0.474644; 0.476658
3.2; 134488; 137592; 0.438144; 0.439932; 0.438378; 0.440164; 0.439691
3.4; 134094; 138526; 0.440076; 0.43985; 0.439381; 0.440224; 0.438421
3.6; 117049; 125123; 0.47481; 0.476296; 0.475218; 0.475153; 0.472187
3.8; 116224; 111373; 0.508892; 0.512092; 0.50864; 0.511953; 0.507683
4; 115902; 111980; 0.524887; 0.526315; 0.525371; 0.526; 0.522888
4.2; 120569; 117408; 0.520724; 0.521807; 0.520144; 0.523098; 0.519079
4.4; 138355; 138327; 0.509395; 0.512247; 0.509803; 0.512568; 0.50809
4.6; 157000; 156806; 0.525266; 0.529163; 0.526561; 0.527526; 0.522749
4.8; 126223; 125279; 0.566621; 0.569199; 0.565496; 0.569724; 0.563185
5; 104872; 118996; 0.599942; 0.60185; 0.599772; 0.601649; 0.596732
5.2; 100273; 101869; 0.615781; 0.618225; 0.616565; 0.617369; 0.613717
5.4; 101714; 103973; 0.615698; 0.618637; 0.615614; 0.619034; 0.6148
5.6; 118444; 117324; 0.609711; 0.612204; 0.610409; 0.611868; 0.609351
5.8; 141452; 135427; 0.616622; 0.618813; 0.617868; 0.617626; 0.616388
6; 121792; 123139; 0.636758; 0.638559; 0.636381; 0.63864; 0.636563
6.2; 112886; 117799; 0.65201; 0.651383; 0.652308; 0.6508; 0.651497
6.4; 111407; 110811; 0.65158; 0.649317; 0.651021; 0.649768; 0.651192
6.6; 110696; 112635; 0.633466; 0.633692; 0.633773; 0.633587; 0.635672
6.8; 122327; 120313; 0.609547; 0.60718; 0.608968; 0.608111; 0.611457
7; 138080; 138633; 0.59081; 0.588063; 0.591285; 0.58747; 0.592306
7.2; 126294; 127119; 0.583872; 0.581888; 0.583659; 0.581568; 0.585713
7.4; 122079; 123148; 0.576715; 0.574841; 0.576103; 0.574921; 0.579067
7.6; 120336; 118290; 0.562412; 0.560586; 0.562758; 0.559982; 0.565161
7.8; 121159; 124380; 0.540733; 0.536273; 0.540672; 0.53645; 0.542543
8; 134619; 130617; 0.511596; 0.510171; 0.511961; 0.510114; 0.515222
8.2; 146992; 148961; 0.489448; 0.488102; 0.489224; 0.488567; 0.492186
8.4; 141838; 139788; 0.482998; 0.480299; 0.481991; 0.481004; 0.483547
8.6; 134506; 138174; 0.481508; 0.478541; 0.481424; 0.478079; 0.48159
8.8; 128092; 128341; 0.476447; 0.474682; 0.475915; 0.475155; 0.477217
9; 134561; 136196; 0.467264; 0.466113; 0.466675; 0.467121; 0.46793
9.2; 156875; 151418; 0.457312; 0.457161; 0.45804; 0.457059; 0.457557
9.4; 154875; 157371; 0.45876; 0.459606; 0.459565; 0.459005; 0.458364
9.6; 144882; 142392; 0.472505; 0.472267; 0.47222; 0.472332; 0.47061
9.8; 137539; 141638; 0.485894; 0.486569; 0.485901; 0.486203; 0.483418
10; 144355; 142233; 0.493247; 0.496609; 0.493581; 0.49608; 0.491668
10.2; 157926; 159717; 0.500886; 0.503504; 0.500445; 0.504096; 0.498658
10.4; 157501; 161527; 0.515193; 0.516163; 0.515468; 0.516323; 0.512836
10.6; 155201; 152257; 0.534218; 0.537363; 0.534422; 0.537485; 0.532656
10.8; 151451; 153903; 0.555694; 0.55925; 0.555796; 0.559291; 0.553982
11; 148137; 148930; 0.575869; 0.57888; 0.576178; 0.578584; 0.573555
11.2; 151279; 153841; 0.592211; 0.595643; 0.592788; 0.595076; 0.590233
11.4; 149546; 150850; 0.6055; 0.608059; 0.605769; 0.607912; 0.603764
11.6; 154558; 153841; 0.615349; 0.617338; 0.615223; 0.617678; 0.614229
11.8; 156740; 155680; 0.622629; 0.624622; 0.622606; 0.624752; 0.622375
12; 149406; 152885; 0.629311; 0.630643; 0.629309; 0.630253; 0.629089
12.2; 151917; 154010; 0.633055; 0.632893; 0.632435; 0.63288; 0.632531
12.4; 150169; 152175; 0.631887; 0.63081; 0.631217; 0.631031; 0.631968
12.6; 148041; 152263; 0.624975; 0.623955; 0.624712; 0.6242; 0.626214
12.8; 152528; 151379; 0.613276; 0.612351; 0.613557; 0.612486; 0.615673
13; 153656; 153098; 0.598437; 0.596942; 0.599028; 0.596964; 0.601456
13.2; 156616; 160774; 0.581754; 0.579609; 0.582412; 0.579447; 0.584702
13.4; 158993; 154421; 0.564576; 0.561515; 0.564788; 0.561392; 0.566989
13.6; 156888; 163796; 0.54737; 0.543503; 0.546941; 0.543603; 0.549099
13.8; 161628; 166072; 0.530456; 0.527085; 0.530268; 0.526819; 0.532269
14; 157374; 158269; 0.514132; 0.512378; 0.514713; 0.511612; 0.516532
14.2; 156304; 159316; 0.497499; 0.495798; 0.498212; 0.495236; 0.49996
14.4; 175450; 171650; 0.481873; 0.479126; 0.481924; 0.479313; 0.483423
14.6; 170795; 175665; 0.472668; 0.469995; 0.472586; 0.469998; 0.473245
14.8; 158219; 163515; 0.467724; 0.466915; 0.467754; 0.466521; 0.468203
15; 163108; 163694; 0.46381; 0.464325; 0.463743; 0.46418; 0.464132
15.2; 172529; 177816; 0.461516; 0.460938; 0.461309; 0.461347; 0.461427
15.4; 178338; 175473; 0.46292; 0.462224; 0.462628; 0.462926; 0.462168
15.6; 173474; 178538; 0.469711; 0.470504; 0.470264; 0.470245; 0.468567
15.8; 161565; 158642; 0.47998; 0.480028; 0.479773; 0.480272; 0.47776
16; 174987; 185114; 0.488215; 0.490382; 0.487394; 0.491062; 0.486222
16.2; 175914; 177514; 0.499109; 0.502901; 0.500172; 0.501991; 0.497776
16.4; 180115; 180881; 0.515421; 0.51764; 0.515985; 0.517439; 0.513588
16.6; 173489; 175735; 0.533395; 0.534612; 0.532402; 0.536045; 0.530982
16.8; 177652; 181470; 0.551709; 0.554396; 0.551636; 0.55484; 0.54975
17; 172628; 174588; 0.570633; 0.574635; 0.57176; 0.573687; 0.569093
17.2; 172184; 175982; 0.589937; 0.592193; 0.59005; 0.592079; 0.587369
17.4; 170895; 173269; 0.606351; 0.607261; 0.605606; 0.607925; 0.603549
17.6; 166952; 171603; 0.6178; 0.6194; 0.617324; 0.619858; 0.616218
17.8; 171515; 173476; 0.624997; 0.627144; 0.625163; 0.627084; 0.624826
18; 168855; 171009; 0.629319; 0.629723; 0.629116; 0.630133; 0.629351
18.2; 176683; 177481; 0.629815; 0.629761; 0.629486; 0.630273; 0.630438
18.4; 170402; 175897; 0.627036; 0.627349; 0.627111; 0.627234; 0.628334
18.6; 170846; 171203; 0.621581; 0.621494; 0.621459; 0.621364; 0.622984
18.8; 169157; 173830; 0.613436; 0.611637; 0.612832; 0.611908; 0.614423
19; 166729; 169505; 0.601257; 0.598388; 0.600689; 0.598756; 0.602471
19.2; 173580; 176638; 0.585062; 0.582381; 0.585014; 0.582474; 0.587203
19.4; 172224; 174189; 0.5662; 0.564038; 0.566774; 0.563651; 0.569191
19.6; 179689; 180963; 0.546323; 0.544438; 0.547268; 0.543674; 0.54971
19.8; 185308; 189246; 0.527977; 0.525377; 0.528429; 0.524967; 0.530854
20; 177973; 179857; 0.512515; 0.509545; 0.512201; 0.509667; 0.51419
20.2; 174950; 179717; 0.497357; 0.494142; 0.497069; 0.494106; 0.498218
20.4; 186931; 193423; 0.483149; 0.480611; 0.48342; 0.480149; 0.484303
20.6; 190273; 187639; 0.472619; 0.470393; 0.472037; 0.471079; 0.473772
20.8; 193370; 198241; 0.466792; 0.465116; 0.466116; 0.466053; 0.467598
21; 173879; 174558; 0.464295; 0.463592; 0.464145; 0.463835; 0.464601
21.2; 189025; 194583; 0.462482; 0.462146; 0.462468; 0.461932; 0.461734
21.4; 188723; 198230; 0.463957; 0.463134; 0.463944; 0.463158; 0.462474
21.6; 203571; 195779; 0.468745; 0.470677; 0.468929; 0.470745; 0.468168
21.8; 175677; 185926; 0.478432; 0.480503; 0.47829; 0.48074; 0.477404
22; 192171; 194511; 0.487421; 0.490433; 0.487417; 0.490313; 0.48578
22.2; 196358; 202706; 0.499235; 0.502475; 0.499377; 0.502554; 0.49782
22.4; 192059; 187648; 0.515331; 0.51747; 0.515182; 0.517832; 0.513186
22.6; 192700; 201807; 0.532668; 0.534441; 0.532226; 0.535047; 0.529996
22.8; 189307; 189538; 0.550727; 0.553575; 0.550358; 0.554017; 0.548329
23; 190282; 193673; 0.56975; 0.573422; 0.569973; 0.573251; 0.567786
23.2; 183854; 185854; 0.588933; 0.591675; 0.588948; 0.591732; 0.586728
23.4; 184449; 188642; 0.605316; 0.60749; 0.605004; 0.607904; 0.603481
23.6; 175067; 177444; 0.617369; 0.619718; 0.617399; 0.619835; 0.616496
23.8; 180125; 182832; 0.625308; 0.627246; 0.625697; 0.627044; 0.625156
24; 179838; 182405; 0.629499; 0.629967; 0.629603; 0.630006; 0.629458
24.2; 182731; 181625; 0.629777; 0.629553; 0.629512; 0.629877; 0.630086
24.4; 178942; 186959; 0.62683; 0.626539; 0.626494; 0.626843; 0.627737
24.6; 177505; 174004; 0.620964; 0.620889; 0.621235; 0.620502; 0.622526
24.8; 175452; 186895; 0.612779; 0.61152; 0.613195; 0.611006; 0.614368
25; 176376; 170224; 0.601314; 0.598556; 0.601365; 0.598481; 0.602857
25.2; 175520; 185566; 0.58597; 0.582736; 0.585603; 0.583144; 0.587873
25.4; 178728; 172371; 0.567366; 0.564374; 0.567005; 0.564794; 0.569791
25.6; 179543; 186980; 0.547236; 0.544479; 0.546898; 0.544879; 0.550008
25.8; 194712; 191671; 0.528074; 0.524916; 0.527864; 0.525159; 0.530655
26; 180711; 187712; 0.512015; 0.508803; 0.511895; 0.508855; 0.513685
26.2; 182876; 179599; 0.49659; 0.493947; 0.496791; 0.493591; 0.497976
26.4; 188428; 198064; 0.483117; 0.481037; 0.483248; 0.4808; 0.484708
26.6; 191272; 187872; 0.473188; 0.471088; 0.473209; 0.471119; 0.474283
26.8; 193339; 197401; 0.467389; 0.465424; 0.467426; 0.465504; 0.467749
27; 179396; 179996; 0.463811; 0.463114; 0.46408; 0.462859; 0.464163
27.2; 195990; 199009; 0.461409; 0.462067; 0.461577; 0.461764; 0.461228
27.4; 189566; 195346; 0.46334; 0.464; 0.463501; 0.463766; 0.462543
27.6; 202823; 200893; 0.469715; 0.470212; 0.470028; 0.47009; 0.46843
27.8; 177623; 180248; 0.479167; 0.479531; 0.479037; 0.47978; 0.477186
28; 198384; 198925; 0.487801; 0.489309; 0.48734; 0.489711; 0.485546
28.2; 188270; 198365; 0.500042; 0.502454; 0.499606; 0.502952; 0.498025
28.4; 194786; 189540; 0.514814; 0.518237; 0.515171; 0.518125; 0.513299
28.6; 190918; 199968; 0.531399; 0.534952; 0.531669; 0.535056; 0.529931
28.8; 195220; 189608; 0.549866; 0.553247; 0.549822; 0.553639; 0.548014
29; 187476; 193237; 0.569417; 0.572619; 0.569777; 0.572509; 0.567424
29.2; 189556; 187450; 0.588442; 0.591711; 0.589092; 0.591103; 0.586519
29.4; 179386; 184202; 0.605125; 0.608096; 0.605594; 0.607524; 0.60342
29.6; 178740; 178693; 0.617913; 0.6203; 0.617697; 0.620353; 0.616694
29.8; 176722; 180862; 0.625787; 0.627884; 0.625838; 0.627732; 0.625367
30; 181513; 181051; 0.629355; 0.630674; 0.629809; 0.630287; 0.629613
30.2; 181813; 183742; 0.629366; 0.62987; 0.62938; 0.62999; 0.630096
30.4; 181894; 180189; 0.627009; 0.626797; 0.626618; 0.626934; 0.627602
30.6; 175424; 182446; 0.621562; 0.621266; 0.621472; 0.620834; 0.622428
30.8; 176841; 176211; 0.612947; 0.612295; 0.612919; 0.611803; 0.61428
31; 173513; 179926; 0.601113; 0.599185; 0.60085; 0.599245; 0.602857
31.2; 178415; 176826; 0.585426; 0.582883; 0.584947; 0.583578; 0.587934
31.4; 178351; 177813; 0.566637; 0.564178; 0.566449; 0.564894; 0.570005
31.6; 183985; 181562; 0.546534; 0.544291; 0.547168; 0.5442; 0.550219
31.8; 193640; 193653; 0.527404; 0.525173; 0.528388; 0.524441; 0.530699
32; 181744; 181392; 0.511339; 0.509488; 0.511512; 0.509061; 0.513492
32.2; 179372; 187279; 0.496661; 0.493944; 0.495994; 0.494107; 0.497581
32.4; 193730; 194853; 0.483494; 0.480221; 0.483131; 0.480453; 0.484407
32.6; 192878; 188010; 0.472279; 0.471711; 0.473344; 0.471067; 0.474582
32.8; 195140; 193028; 0.467161; 0.467025; 0.468146; 0.466509; 0.46899
33; 175685; 176368; 0.464568; 0.46306; 0.464446; 0.462921; 0.464152
33.2; 198201; 210303; 0.462155; 0.461517; 0.461472; 0.461746; 0.460761
33.4; 194166; 191939; 0.463981; 0.46378; 0.463692; 0.464195; 0.463097
33.6; 195296; 186630; 0.470484; 0.470893; 0.470663; 0.47114; 0.469568
33.8; 182980; 187892; 0.478466; 0.479104; 0.478397; 0.478984; 0.476095
34; 201375; 209663; 0.48805; 0.488898; 0.487829; 0.489001; 0.485383
34.2; 182881; 180981; 0.501011; 0.502669; 0.500991; 0.502924; 0.498897
34.4; 203274; 197499; 0.51496; 0.517704; 0.515247; 0.517876; 0.513296
34.6; 188093; 192699; 0.53101; 0.53462; 0.531165; 0.5347; 0.529298
34.8; 198074; 194627; 0.549817; 0.553548; 0.54977; 0.553597; 0.547726
35; 183289; 190326; 0.570002; 0.572865; 0.569879; 0.572837; 0.567375
35.2; 192321; 187881; 0.589088; 0.591811; 0.588969; 0.591747; 0.586668
35.4; 178918; 180431; 0.605334; 0.608144; 0.605296; 0.608099; 0.603635
35.6; 178035; 180685; 0.61779; 0.620064; 0.617767; 0.620169; 0.616828
35.8; 181640; 179877; 0.625433; 0.627515; 0.62565; 0.627546; 0.625402
36; 178218; 180108; 0.628864; 0.630374; 0.629105; 0.630468; 0.629554
36.2; 188256; 183353; 0.629627; 0.6296; 0.629509; 0.629829; 0.630022
36.4; 176097; 179628; 0.62751; 0.626786; 0.626781; 0.627004; 0.627483
36.6; 181728; 181144; 0.621903; 0.621524; 0.621361; 0.621255; 0.622384
36.8; 172118; 176080; 0.613181; 0.612443; 0.613307; 0.61167; 0.61433
37; 177100; 179762; 0.601403; 0.599045; 0.601749; 0.59862; 0.603116
37.2; 179072; 173709; 0.585735; 0.582429; 0.585607; 0.583025; 0.588195
37.4; 178123; 177975; 0.566947; 0.563765; 0.566645; 0.564826; 0.570259
37.6; 185294; 181105; 0.546806; 0.544022; 0.546759; 0.544755; 0.550378
37.8; 193512; 194794; 0.527624; 0.524892; 0.527779; 0.524935; 0.530604
38; 183898; 182405; 0.511688; 0.509103; 0.511896; 0.508512; 0.513303
38.2; 180478; 184115; 0.497115; 0.493747; 0.496737; 0.493562; 0.497596
38.4; 191767; 195077; 0.483416; 0.480525; 0.483235; 0.480616; 0.484592
38.6; 194170; 188085; 0.472825; 0.471054; 0.47335; 0.471096; 0.474696
38.8; 192044; 194588; 0.467724; 0.466271; 0.468144; 0.466392; 0.469034
39; 183429; 173801; 0.464532; 0.463396; 0.463778; 0.46376; 0.464072
39.2; 191648; 211715; 0.462462; 0.461378; 0.461168; 0.4621; 0.460736
39.4; 198096; 186797; 0.463954; 0.463741; 0.463888; 0.463947; 0.463114
39.6; 195807; 191996; 0.469588; 0.471655; 0.471004; 0.470813; 0.469615
39.8; 179874; 178739; 0.47743; 0.479961; 0.477696; 0.479507; 0.476118
40; 207226; 217294; 0.487437; 0.489418; 0.487043; 0.489588; 0.485167
40.2; 179746; 174245; 0.501152; 0.502346; 0.501322; 0.50245; 0.498835
40.4; 205204; 202217; 0.515147; 0.517136; 0.515577; 0.517388; 0.513439
40.6; 187009; 187860; 0.531055; 0.534225; 0.531225; 0.534465; 0.529315
40.8; 199355; 197770; 0.549479; 0.553453; 0.549574; 0.553415; 0.547607
41; 185001; 186560; 0.569679; 0.57287; 0.569447; 0.572819; 0.567066
41.2; 190605; 193245; 0.58901; 0.591839; 0.588564; 0.591873; 0.586268
41.4; 177034; 179621; 0.605356; 0.608258; 0.605347; 0.607975; 0.603464
41.6; 185401; 179837; 0.61779; 0.620247; 0.617919; 0.620152; 0.616816
41.8; 174049; 177102; 0.625848; 0.627016; 0.625627; 0.62758; 0.625488
42; 185780; 180629; 0.628821; 0.630201; 0.629037; 0.630468; 0.629676
42.2; 186682; 181920; 0.629362; 0.63015; 0.629567; 0.630003; 0.630094
42.4; 176793; 178438; 0.627795; 0.627147; 0.627044; 0.627112; 0.62743
42.6; 176878; 183728; 0.622498; 0.621655; 0.62154; 0.621454; 0.622246
42.8; 175444; 175252; 0.613479; 0.612667; 0.613387; 0.611865; 0.614251
43; 175951; 178277; 0.601045; 0.599339; 0.601653; 0.598571; 0.602954
43.2; 178425; 176503; 0.585078; 0.582588; 0.585622; 0.582734; 0.588278
43.4; 182419; 179271; 0.566693; 0.56343; 0.566604; 0.564673; 0.570483
43.6; 183572; 178002; 0.54692; 0.54358; 0.546513; 0.545027; 0.550731
43.8; 195370; 192581; 0.52785; 0.524891; 0.527898; 0.525143; 0.530865
44; 179643; 183390; 0.511857; 0.509334; 0.512103; 0.508512; 0.513225
44.2; 181977; 182853; 0.497297; 0.493941; 0.496626; 0.493683; 0.497348
44.4; 190312; 196404; 0.483234; 0.48032; 0.482813; 0.480681; 0.484406
44.6; 202414; 186690; 0.473055; 0.471272; 0.473799; 0.471356; 0.475279
44.8; 187029; 186069; 0.46832; 0.466466; 0.468488; 0.466595; 0.469106
45; 177758; 187429; 0.464307; 0.462895; 0.462737; 0.463665; 0.463107
45.2; 204559; 204668; 0.461171; 0.461681; 0.460643; 0.461839; 0.460654
45.4; 189911; 191521; 0.463404; 0.464662; 0.464671; 0.463906; 0.463792
45.6; 196561; 182663; 0.469877; 0.471615; 0.470595; 0.471398; 0.469662
45.8; 182284; 195127; 0.477957; 0.478901; 0.477061; 0.479363; 0.475472
46; 200006; 202051; 0.488483; 0.488939; 0.487462; 0.4898; 0.485616
46.2; 185844; 181761; 0.499988; 0.503114; 0.500819; 0.502698; 0.498759
46.4; 203623; 200035; 0.514056; 0.517577; 0.515134; 0.517002; 0.512913
46.6; 189974; 188888; 0.530849; 0.534164; 0.530858; 0.534443; 0.529069
46.8; 195965; 194306; 0.549523; 0.553178; 0.549426; 0.553233; 0.547371
47; 188020; 190601; 0.569583; 0.57286; 0.569835; 0.572319; 0.566987
47.2; 186809; 187644; 0.588734; 0.59188; 0.589278; 0.59095; 0.586206
47.4; 179837; 178186; 0.605525; 0.607903; 0.605952; 0.607276; 0.603416
47.6; 182841; 182922; 0.617841; 0.619914; 0.617698; 0.62018; 0.616796
47.8; 175599; 174653; 0.625205; 0.627298; 0.625642; 0.627236; 0.625342
48; 186271; 184969; 0.628884; 0.629923; 0.62976; 0.629535; 0.629554
48.2; 187257; 179535; 0.629487; 0.629966; 0.630038; 0.629401; 0.629965
48.4; 177083; 181804; 0.627508; 0.627676; 0.627365; 0.627027; 0.627546
48.6; 177179; 179736; 0.622624; 0.621889; 0.621826; 0.621595; 0.622549
48.8; 172565; 177153; 0.613703; 0.612639; 0.613348; 0.612272; 0.614544
49; 177662; 178607; 0.60083; 0.599511; 0.601399; 0.598993; 0.603225
49.2; 179705; 175345; 0.584571; 0.582871; 0.5857; 0.582557; 0.588327
49.4; 179990; 174633; 0.566051; 0.563884; 0.566895; 0.564145; 0.570315
49.6; 185690; 184748; 0.546608; 0.543926; 0.546911; 0.544497; 0.550489
49.8; 193521; 189149; 0.528277; 0.524968; 0.527741; 0.525624; 0.530889
50; 181072; 185607; 0.512592; 0.509469; 0.511446; 0.510064; 0.513682
50.2; 181892; 180518; 0.497494; 0.49426; 0.496956; 0.494029; 0.497829
50.4; 187109; 199699; 0.483201; 0.480484; 0.483426; 0.480128; 0.484341
50.6; 202718; 185989; 0.472695; 0.470811; 0.472297; 0.471946; 0.474788
50.8; 192438; 191116; 0.468096; 0.466085; 0.467712; 0.466994; 0.469186
51; 172121; 177847; 0.464393; 0.463228; 0.464563; 0.462553; 0.463577
51.2; 202365; 211326; 0.461706; 0.46139; 0.461025; 0.461892; 0.461141
51.4; 193140; 183534; 0.463006; 0.46457; 0.463581; 0.46452; 0.463701
51.6; 198356; 194117; 0.46974; 0.471657; 0.47095; 0.470867; 0.469375
51.8; 177486; 183087; 0.478882; 0.478872; 0.478151; 0.479256; 0.476105
52; 205353; 211448; 0.487274; 0.489784; 0.48672; 0.490195; 0.485391
52.2; 184221; 177693; 0.49978; 0.503236; 0.500772; 0.502799; 0.499047
52.4; 202418; 198126; 0.51496; 0.516838; 0.515542; 0.516869; 0.513052
52.6; 189156; 189676; 0.531471; 0.533148; 0.531116; 0.533632; 0.528634
52.8; 198884; 199001; 0.549175; 0.552862; 0.548808; 0.552892; 0.546635
53; 186892; 187395; 0.569103; 0.572646; 0.569138; 0.572033; 0.56617
53.2; 186025; 195556; 0.588793; 0.591533; 0.58907; 0.590784; 0.585965
53.4; 180443; 175530; 0.605565; 0.608127; 0.606178; 0.607422; 0.6037
53.6; 181356; 181474; 0.617877; 0.620441; 0.618506; 0.620153; 0.617371
53.8; 176542; 177669; 0.625728; 0.62747; 0.62576; 0.628052; 0.626081
54; 185801; 179677; 0.628964; 0.630252; 0.629433; 0.63038; 0.629866
54.2; 184942; 184403; 0.629305; 0.629994; 0.629941; 0.629344; 0.629868
54.4; 177301; 183771; 0.627834; 0.627338; 0.627932; 0.626622; 0.627779
54.6; 178215; 173780; 0.622936; 0.621949; 0.622688; 0.6215; 0.62319
54.8; 173753; 181436; 0.614278; 0.612928; 0.613911; 0.612916; 0.615469
55; 176500; 170904; 0.601459; 0.599608; 0.60127; 0.599957; 0.603772
55.2; 178480; 180005; 0.585234; 0.582734; 0.585436; 0.583168; 0.588324
55.4; 182400; 178019; 0.566738; 0.563331; 0.567141; 0.563693; 0.569945
55.6; 183199; 182746; 0.546951; 0.543333; 0.54718; 0.54366; 0.549937
55.8; 196809; 194706; 0.528185; 0.524683; 0.528189; 0.52469; 0.530504
56; 175717; 179385; 0.512372; 0.509298; 0.512201; 0.509052; 0.51369
56.2; 185563; 184313; 0.497441; 0.494146; 0.497169; 0.493887; 0.498044
56.4; 186748; 194878; 0.483142; 0.480424; 0.483119; 0.480448; 0.484547
56.6; 203455; 191427; 0.472791; 0.471383; 0.473065; 0.471569; 0.474697
56.8; 184276; 186236; 0.46799; 0.466922; 0.468243; 0.466801; 0.469013
57; 179177; 187316; 0.464341; 0.462985; 0.464352; 0.462645; 0.463718
57.2; 200266; 200742; 0.461592; 0.461203; 0.461469; 0.461577; 0.461523
57.4; 197979; 189513; 0.463628; 0.464187; 0.463328; 0.464993; 0.463795
57.6; 190382; 192613; 0.469873; 0.471859; 0.469985; 0.471845; 0.469148
57.8; 181112; 190375; 0.47747; 0.479818; 0.478198; 0.478738; 0.475909
58; 206202; 202355; 0.48699; 0.489748; 0.487941; 0.489065; 0.485753
58.2; 184968; 182658; 0.501086; 0.501948; 0.50107; 0.502298; 0.49871
58.4; 199310; 201344; 0.515018; 0.517258; 0.51496; 0.517226; 0.512324
58.6; 188835; 187994; 0.530853; 0.534992; 0.53104; 0.534629; 0.528884
58.8; 196244; 197170; 0.550222; 0.552925; 0.549652; 0.553426; 0.547531
59; 187156; 187008; 0.569792; 0.572214; 0.569372; 0.572751; 0.5673
59.2; 188257; 189313; 0.58832; 0.591314; 0.588361; 0.591536; 0.586637
59.4; 181362; 180050; 0.60459; 0.60759; 0.604967; 0.607493; 0.603481
59.6; 183174; 181871; 0.617366; 0.619571; 0.617492; 0.619613; 0.616416
59.8; 174288; 180719; 0.625234; 0.627425; 0.625234; 0.627461; 0.624975
60; 185178; 177913; 0.629214; 0.630456; 0.629272; 0.630273; 0.629097
60.2; 178007; 186411; 0.629517; 0.629949; 0.629324; 0.630041; 0.629834
60.4; 182284; 179980; 0.626552; 0.626927; 0.626557; 0.626949; 0.627852
60.6; 177945; 180880; 0.621222; 0.620874; 0.621462; 0.620832; 0.623054
60.8; 177600; 174761; 0.613004; 0.611603; 0.613098; 0.611827; 0.615156
61; 177736; 178587; 0.600976; 0.599469; 0.600906; 0.599827; 0.603599
61.2; 173359; 173429; 0.585332; 0.584031; 0.585395; 0.584073; 0.588316
61.4; 183159; 180491; 0.567125; 0.565471; 0.567259; 0.565263; 0.570057
61.6; 177193; 181595; 0.547458; 0.5452; 0.547313; 0.545198; 0.550127
61.8; 194885; 193948; 0.528265; 0.525278; 0.527888; 0.525579; 0.530756
62; 182335; 183819; 0.512171; 0.508997; 0.511538; 0.509741; 0.514196
62.2; 183498; 182277; 0.497183; 0.494037; 0.496751; 0.494729; 0.498903
62.4; 191784; 192568; 0.483834; 0.480985; 0.484113; 0.480853; 0.485325
62.6; 191351; 190238; 0.473475; 0.471254; 0.473048; 0.471579; 0.474364
62.8; 190638; 197083; 0.467447; 0.465657; 0.466375; 0.466577; 0.467528
63; 183322; 183293; 0.4639; 0.463409; 0.463626; 0.463703; 0.464363
63.2; 194024; 192752; 0.461335; 0.462323; 0.462213; 0.46168; 0.461871
63.4; 199842; 194598; 0.463556; 0.463557; 0.463889; 0.463379; 0.462744
63.6; 191925; 198773; 0.469808; 0.469838; 0.468492; 0.471103; 0.467978
63.8; 184272; 183398; 0.478586; 0.479677; 0.478893; 0.479287; 0.476704
64; 196901; 198702; 0.486848; 0.489724; 0.487588; 0.489026; 0.485415
64.2; 191428; 192823; 0.499564; 0.502566; 0.499227; 0.502929; 0.497852
64.4; 191663; 191155; 0.515164; 0.517072; 0.515084; 0.51716; 0.512526
64.6; 193541; 195295; 0.531677; 0.533451; 0.531799; 0.533306; 0.528702
64.8; 195077; 196913; 0.549349; 0.552401; 0.549297; 0.552476; 0.546867
65; 188949; 188399; 0.568466; 0.572299; 0.568486; 0.572349; 0.566534
65.2; 186004; 188953; 0.587976; 0.591083; 0.588226; 0.590958; 0.586104
65.4; 184094; 181084; 0.604827; 0.60775; 0.605074; 0.607669; 0.60349
65.6; 177117; 177005; 0.617561; 0.620196; 0.617581; 0.620285; 0.616832
65.8; 179734; 183145; 0.626039; 0.627198; 0.626053; 0.627208; 0.625269
66; 179408; 180272; 0.629758; 0.629989; 0.629874; 0.629814; 0.629256
66.2; 185385; 189349; 0.629457; 0.629726; 0.629816; 0.629341; 0.629793
66.4; 177805; 177132; 0.626896; 0.627226; 0.6274; 0.626933; 0.628375
66.6; 178561; 179029; 0.622005; 0.621507; 0.621987; 0.621921; 0.624016
66.8; 177838; 175412; 0.613535; 0.612544; 0.613635; 0.612845; 0.61595
67; 174188; 177133; 0.601056; 0.600075; 0.601562; 0.599773; 0.603828
67.2; 178819; 175048; 0.585282; 0.583687; 0.585396; 0.583513; 0.587889
67.4; 176828; 181449; 0.567156; 0.564351; 0.566541; 0.564754; 0.569322
67.6; 183072; 183752; 0.547682; 0.543873; 0.54681; 0.544547; 0.549541
67.8; 190636; 195580; 0.528473; 0.524996; 0.528508; 0.52497; 0.530808
68; 184504; 181683; 0.511678; 0.509937; 0.512589; 0.509221; 0.514473
68.2; 179833; 181103; 0.496525; 0.49458; 0.497086; 0.494308; 0.498955
68.4; 196091; 192600; 0.483493; 0.480284; 0.483445; 0.480416; 0.484731
68.6; 192346; 196788; 0.472759; 0.471564; 0.472878; 0.47122; 0.473849
68.8; 186537; 192564; 0.467539; 0.467741; 0.46825; 0.466898; 0.468883
69; 180608; 172937; 0.463624; 0.463782; 0.46391; 0.46363; 0.464312
69.2; 205625; 208373; 0.462087; 0.460834; 0.461631; 0.461327; 0.461411
69.4; 187230; 191288; 0.464213; 0.463793; 0.464327; 0.463498; 0.462885
69.6; 192765; 196299; 0.470661; 0.471212; 0.470501; 0.471318; 0.469007
69.8; 185030; 176185; 0.478131; 0.478682; 0.477465; 0.479537; 0.476373
70; 206143; 209052; 0.487778; 0.489332; 0.487048; 0.490008; 0.485621
70.2; 179865; 182447; 0.500997; 0.50297; 0.500772; 0.502919; 0.498197
70.4; 201442; 202729; 0.515446; 0.517361; 0.515564; 0.517193; 0.512714
70.6; 185133; 189407; 0.531052; 0.533869; 0.531028; 0.534183; 0.528976
70.8; 201159; 197883; 0.548691; 0.552517; 0.548874; 0.552731; 0.547189
71; 186240; 188509; 0.568514; 0.571665; 0.56884; 0.571674; 0.566721
71.2; 191046; 190644; 0.5877; 0.590938; 0.588048; 0.590741; 0.58594
71.4; 177684; 178755; 0.604761; 0.607652; 0.604579; 0.607772; 0.60316
71.6; 182385; 181337; 0.618243; 0.619978; 0.617969; 0.620072; 0.616621
71.8; 175719; 178746; 0.62615; 0.627799; 0.626379; 0.627424; 0.625324
72; 179207; 179912; 0.62947; 0.630824; 0.62973; 0.630587; 0.629637
72.2; 189552; 184650; 0.629492; 0.629872; 0.629334; 0.630151; 0.630092
72.4; 176793; 177130; 0.626972; 0.626791; 0.626643; 0.62692; 0.627624
72.6; 178669; 182411; 0.621511; 0.621369; 0.621492; 0.620867; 0.622477
72.8; 176338; 176269; 0.613231; 0.612522; 0.613035; 0.612193; 0.614543
73; 174044; 178670; 0.601307; 0.599876; 0.600951; 0.60004; 0.603338
73.2; 179840; 177144; 0.585687; 0.583857; 0.58586; 0.583963; 0.588645
73.4; 177008; 177715; 0.56698; 0.565198; 0.567714; 0.565068; 0.570757
73.6; 185357; 181337; 0.546891; 0.545084; 0.547845; 0.544764; 0.550888
73.8; 193748; 191337; 0.527831; 0.525448; 0.528544; 0.524987; 0.531068
74; 182046; 185595; 0.512051; 0.509392; 0.512148; 0.508996; 0.513729
74.2; 179937; 182976; 0.497465; 0.494167; 0.497096; 0.494024; 0.498066
74.4; 192802; 195708; 0.48385; 0.480975; 0.483891; 0.480854; 0.485048
74.6; 194290; 185434; 0.473127; 0.471092; 0.473395; 0.471365; 0.474911
74.8; 195825; 195213; 0.46774; 0.465543; 0.467952; 0.465882; 0.468635
75; 178190; 176742; 0.464535; 0.463318; 0.464569; 0.463059; 0.464306
75.2; 192874; 204833; 0.461815; 0.462532; 0.461575; 0.4622; 0.461024
75.4; 197975; 194454; 0.463134; 0.464269; 0.463157; 0.464355; 0.462931
75.6; 199411; 187872; 0.469029; 0.471053; 0.469341; 0.471297; 0.469035
75.8; 177559; 185782; 0.477669; 0.479784; 0.47756; 0.479703; 0.476189
76; 202515; 206318; 0.487014; 0.489237; 0.486782; 0.489231; 0.484855
76.2; 186273; 188832; 0.5006; 0.502027; 0.500721; 0.502257; 0.498494
76.4; 197014; 187498; 0.515185; 0.517076; 0.515647; 0.517255; 0.513431
76.6; 194824; 197101; 0.530583; 0.534201; 0.531053; 0.534304; 0.529298
76.8; 195107; 189171; 0.549153; 0.552812; 0.549; 0.552922; 0.546949
77; 190905; 196165; 0.56931; 0.572151; 0.569129; 0.571792; 0.566095
77.2; 184650; 185585; 0.588334; 0.591356; 0.588482; 0.590532; 0.585321
77.4; 182318; 184802; 0.604916; 0.607948; 0.60538; 0.607039; 0.602826
77.6; 176298; 175840; 0.617678; 0.61985; 0.617928; 0.61961; 0.616538
77.8; 180993; 181308; 0.625561; 0.627314; 0.625595; 0.627748; 0.625683
78; 184971; 175712; 0.628923; 0.630458; 0.629416; 0.630661; 0.63011
78.2; 187753; 182397; 0.629647; 0.630017; 0.629903; 0.629984; 0.630382
78.4; 177280; 182854; 0.627956; 0.627128; 0.627232; 0.627032; 0.627403
78.6; 175290; 177142; 0.622814; 0.621403; 0.621493; 0.621348; 0.621965
78.8; 175286; 179981; 0.613726; 0.612578; 0.612973; 0.612186; 0.613967
79; 178117; 175644; 0.600882; 0.599869; 0.601257; 0.599182; 0.602927
79.2; 175127; 175339; 0.585023; 0.58341; 0.586009; 0.58311; 0.588659
79.4; 186797; 182260; 0.566678; 0.564437; 0.567735; 0.564658; 0.571166
79.6; 180229; 174829; 0.547177; 0.544361; 0.54795; 0.544774; 0.551437
79.8; 197959; 195205; 0.528655; 0.525117; 0.528759; 0.525372; 0.531463
80; 178755; 180077; 0.512601; 0.509342; 0.512183; 0.509106; 0.513487
80.2; 181244; 186370; 0.497402; 0.494282; 0.496964; 0.493641; 0.497391
80.4; 188451; 198320; 0.483462; 0.480528; 0.48337; 0.480553; 0.484618
80.6; 202826; 183360; 0.473342; 0.471316; 0.473728; 0.47188; 0.475612
80.8; 188973; 183908; 0.46845; 0.466529; 0.468633; 0.466591; 0.469176
81; 177710; 191800; 0.46451; 0.46278; 0.464003; 0.46235; 0.462937
81.2; 201711; 199167; 0.461339; 0.46143; 0.461402; 0.461059; 0.460672
81.4; 192311; 195573; 0.463264; 0.464626; 0.46415; 0.464439; 0.463994
81.6; 198657; 176192; 0.469666; 0.471665; 0.470534; 0.471325; 0.46964
81.8; 179620; 202619; 0.477805; 0.478804; 0.477661; 0.478425; 0.475195
82; 203398; 197481; 0.487985; 0.488745; 0.487842; 0.488693; 0.48523
82.2; 181458; 187969; 0.499814; 0.502693; 0.500808; 0.50226; 0.498695
82.4; 209269; 189140; 0.513639; 0.517265; 0.51479; 0.516836; 0.51283
82.6; 185681; 195860; 0.530125; 0.533857; 0.530042; 0.534157; 0.528452
82.8; 203203; 192123; 0.549087; 0.552672; 0.54911; 0.55221; 0.546347
83; 183247; 194493; 0.56945; 0.572356; 0.569828; 0.571227; 0.566003
83.2; 187864; 186582; 0.589032; 0.591334; 0.588824; 0.590865; 0.585669
83.4; 180039; 180474; 0.605759; 0.607495; 0.604944; 0.608107; 0.603347
83.6; 181237; 181957; 0.617709; 0.619851; 0.617821; 0.620108; 0.617011
83.8; 179962; 174995; 0.625128; 0.627261; 0.626243; 0.626867; 0.625755
84; 185518; 182753; 0.629105; 0.629492; 0.629795; 0.629513; 0.629693
84.2; 186204; 179665; 0.630389; 0.629275; 0.629817; 0.629677; 0.629834
84.4; 175705; 185445; 0.628457; 0.627542; 0.627419; 0.62769; 0.627804
84.6; 177791; 172392; 0.62276; 0.622865; 0.622467; 0.622184; 0.623235
84.8; 173417; 179972; 0.614164; 0.613269; 0.61402; 0.61293; 0.615438
85; 177711; 172617; 0.602027; 0.599071; 0.601518; 0.599842; 0.603887
85.2; 178954; 180059; 0.585375; 0.58247; 0.585322; 0.583442; 0.588631
85.4; 183043; 175181; 0.566165; 0.563916; 0.566648; 0.564473; 0.570319
85.6; 184647; 184863; 0.546281; 0.544513; 0.546977; 0.54455; 0.550434
85.8; 193623; 189599; 0.527971; 0.525797; 0.528331; 0.525414; 0.530928
86; 179082; 185531; 0.512647; 0.510101; 0.512603; 0.509556; 0.514007
86.2; 184438; 179391; 0.497956; 0.49452; 0.497569; 0.494247; 0.498339
86.4; 187761; 195762; 0.483248; 0.480551; 0.483222; 0.480546; 0.484576
86.6; 205727; 191268; 0.472734; 0.471252; 0.473253; 0.471328; 0.474843
86.8; 183649; 190096; 0.468139; 0.466597; 0.468494; 0.466381; 0.468924
87; 178384; 180793; 0.464559; 0.46323; 0.463939; 0.463382; 0.463768
87.2; 200498; 204895; 0.461648; 0.461329; 0.461171; 0.462124; 0.461742
87.4; 199860; 186589; 0.463316; 0.463949; 0.463524; 0.464488; 0.463863
87.6; 194142; 194519; 0.469521; 0.471464; 0.470198; 0.471104; 0.469037
87.8; 179186; 184544; 0.477964; 0.479214; 0.478197; 0.478447; 0.47563
88; 203172; 209116; 0.487605; 0.488805; 0.486977; 0.489422; 0.485156
88.2; 187655; 173794; 0.500612; 0.501828; 0.49996; 0.50298; 0.498703
88.4; 197687; 203341; 0.514016; 0.517672; 0.514276; 0.517727; 0.512628
88.6; 192409; 188878; 0.530748; 0.534087; 0.530796; 0.534078; 0.528625
88.8; 195147; 198230; 0.549474; 0.552857; 0.549284; 0.553027; 0.547209
89; 187747; 186978; 0.568946; 0.572697; 0.569089; 0.572526; 0.566916
89.2; 189527; 190780; 0.588324; 0.591142; 0.58834; 0.591124; 0.586184
89.4; 179526; 175502; 0.604938; 0.607191; 0.60472; 0.607468; 0.603164
89.6; 180309; 187453; 0.617166; 0.619634; 0.617214; 0.619765; 0.616362
89.8; 181788; 173324; 0.625106; 0.627067; 0.625398; 0.626979; 0.624946
90; 178530; 183720; 0.629121; 0.629818; 0.62897; 0.630207; 0.629216
90.2; 187492; 181533; 0.629602; 0.629584; 0.629303; 0.629952; 0.629905
90.4; 175567; 180515; 0.627158; 0.627084; 0.627073; 0.626885; 0.627789
90.6; 182745; 181512; 0.621723; 0.62188; 0.621672; 0.621442; 0.622875
90.8; 175094; 175109; 0.613623; 0.612598; 0.613128; 0.612748; 0.615021
91; 174287; 176576; 0.601745; 0.599626; 0.601773; 0.599617; 0.603718
91.2; 180456; 176597; 0.586053; 0.583428; 0.586556; 0.583339; 0.588748
91.4; 177871; 176865; 0.567708; 0.564461; 0.568017; 0.564763; 0.570757
91.6; 184394; 183331; 0.547988; 0.544223; 0.547989; 0.544774; 0.550877
91.8; 192378; 191162; 0.528677; 0.524941; 0.528847; 0.524967; 0.531141
92; 184339; 185286; 0.512162; 0.509531; 0.512216; 0.509253; 0.513999
92.2; 179444; 180123; 0.497285; 0.494505; 0.497144; 0.494267; 0.498354
92.4; 193775; 197091; 0.484161; 0.480846; 0.484072; 0.480881; 0.485137
92.6; 191777; 187273; 0.473085; 0.471612; 0.473518; 0.471615; 0.475033
92.8; 195174; 192543; 0.466838; 0.467105; 0.467285; 0.467127; 0.468876
93; 180246; 178742; 0.463927; 0.463985; 0.46353; 0.464236; 0.464505
93.2; 194715; 201824; 0.462022; 0.461935; 0.461468; 0.462087; 0.461041
93.4; 195248; 196859; 0.463973; 0.463232; 0.464006; 0.463379; 0.462881
93.6; 201377; 190582; 0.469251; 0.471029; 0.470299; 0.470442; 0.469053
93.8; 173298; 180206; 0.477244; 0.479774; 0.477914; 0.478961; 0.475996
94; 210555; 212716; 0.486684; 0.48932; 0.486304; 0.489472; 0.484739
94.2; 179849; 179878; 0.500016; 0.502315; 0.499773; 0.502654; 0.498074
94.4; 201618; 198477; 0.514501; 0.516944; 0.51525; 0.516583; 0.512626
94.6; 190984; 191311; 0.530887; 0.533212; 0.53127; 0.533151; 0.528592
94.8; 198825; 197566; 0.549527; 0.552306; 0.548978; 0.552867; 0.547007
95; 183965; 185692; 0.568789; 0.572729; 0.568942; 0.57234; 0.566591
95.2; 190467; 190190; 0.588387; 0.591473; 0.58884; 0.590644; 0.58587
95.4; 176700; 182533; 0.605492; 0.607136; 0.605448; 0.606918; 0.602927
95.6; 183995; 180749; 0.618039; 0.618897; 0.617463; 0.619444; 0.616173
95.8; 175351; 179530; 0.625735; 0.626363; 0.625134; 0.627221; 0.624947
96; 186175; 180709; 0.628663; 0.630063; 0.628972; 0.63014; 0.629311
96.2; 184674; 182112; 0.629283; 0.630142; 0.62929; 0.630172; 0.630018
96.4; 175997; 182271; 0.628348; 0.626845; 0.62713; 0.627404; 0.627689
96.6; 179784; 176979; 0.623243; 0.621455; 0.622195; 0.62152; 0.622733
96.8; 172960; 179372; 0.61385; 0.612954; 0.613805; 0.61231; 0.614862
97; 177916; 172667; 0.601174; 0.600022; 0.601652; 0.599544; 0.603595
97.2; 173425; 179650; 0.58535; 0.583307; 0.58571; 0.583656; 0.588776
97.4; 186573; 178045; 0.566817; 0.56441; 0.566883; 0.565375; 0.570866
97.6; 178647; 182840; 0.547088; 0.54468; 0.547328; 0.545311; 0.551099
97.8; 200348; 189759; 0.528297; 0.525656; 0.528786; 0.525369; 0.531326
98; 174608; 187125; 0.512615; 0.509957; 0.512749; 0.509383; 0.514121
98.2; 185120; 178178; 0.498007; 0.494553; 0.497412; 0.494459; 0.498372
98.4; 185507; 201144; 0.483512; 0.480908; 0.483535; 0.480776; 0.484764
98.6; 201611; 186038; 0.472802; 0.471468; 0.47355; 0.471364; 0.475035
98.8; 190717; 189677; 0.467373; 0.467284; 0.468022; 0.467005; 0.469256
99; 173778; 184026; 0.463707; 0.464042; 0.463502; 0.463789; 0.463791
99.2; 204353; 208467; 0.462202; 0.460766; 0.461347; 0.461599; 0.461273
99.4; 190057; 183490; 0.464012; 0.463508; 0.464367; 0.463706; 0.463693
99.6; 199853; 195418; 0.469622; 0.471499; 0.470434; 0.470939; 0.469019
99.8; 176042; 183993; 0.477306; 0.47954; 0.47759; 0.478829; 0.475645
100; 207300; 210094; 0.486713; 0.489611; 0.486766; 0.489611; 0.485243
100.2; 182200; 178100; 0.500211; 0.502116; 0.499824; 0.502966; 0.498602
100.4; 200741; 202528; 0.514838; 0.516318; 0.514285; 0.517123; 0.512268
100.6; 189835; 187170; 0.531025; 0.533419; 0.531028; 0.533428; 0.528385
100.8; 194900; 200820; 0.548974; 0.552948; 0.549565; 0.552244; 0.546886
101; 188596; 184002; 0.569134; 0.572177; 0.568868; 0.572322; 0.566644
101.2; 187025; 196135; 0.588809; 0.590568; 0.587931; 0.591371; 0.586024
101.4; 181051; 174941; 0.605265; 0.606718; 0.605067; 0.606964; 0.603048
101.6; 178990; 185530; 0.617472; 0.619155; 0.618064; 0.61871; 0.616219
101.8; 179919; 177582; 0.625053; 0.627178; 0.625756; 0.626655; 0.624904
102; 180067; 180708; 0.628977; 0.630149; 0.628773; 0.630505; 0.629212
102.2; 183518; 183599; 0.629642; 0.629563; 0.629425; 0.629828; 0.629899
102.4; 180325; 179272; 0.627231; 0.626666; 0.627438; 0.626387; 0.627876
102.6; 177509; 181654; 0.621813; 0.62122; 0.622383; 0.620537; 0.623072
102.8; 177880; 174773; 0.613319; 0.612523; 0.613898; 0.611891; 0.615245
103; 176432; 181389; 0.601401; 0.600143; 0.601581; 0.600042; 0.603865
103.2; 175432; 172535; 0.586048; 0.584005; 0.585821; 0.584427; 0.588757
103.4; 180464; 182561; 0.567875; 0.565165; 0.567795; 0.565498; 0.570688
103.6; 181182; 178873; 0.548252; 0.544842; 0.548355; 0.544935; 0.550852
103.8; 193450; 195585; 0.528997; 0.52513; 0.52906; 0.525118; 0.531178
104; 182625; 181764; 0.512496; 0.509483; 0.512283; 0.509605; 0.514322
104.2; 180798; 185697; 0.497556; 0.49449; 0.497399; 0.49453; 0.498825
104.4; 193975; 191160; 0.484269; 0.481042; 0.484314; 0.480963; 0.485299
104.6; 188949; 190588; 0.473352; 0.471465; 0.473239; 0.471751; 0.474782
104.8; 196198; 194981; 0.466714; 0.466625; 0.466593; 0.466939; 0.468204
105; 180105; 179498; 0.463687; 0.464051; 0.464164; 0.463519; 0.464513
105.2; 194755; 200265; 0.46196; 0.462286; 0.462603; 0.461476; 0.461546
105.4; 194072; 194872; 0.464171; 0.463363; 0.464011; 0.463593; 0.462886
105.6; 197357; 196717; 0.469588; 0.470479; 0.469776; 0.47048; 0.468557
105.8; 179258; 180005; 0.477396; 0.47971; 0.47814; 0.478881; 0.476149
106; 204006; 208146; 0.486903; 0.489032; 0.48749; 0.488398; 0.48496
106.2; 183273; 182976; 0.500461; 0.501493; 0.500231; 0.501878; 0.497902
106.4; 201296; 196809; 0.514373; 0.516281; 0.514282; 0.516649; 0.512072
106.6; 190278; 194585; 0.529915; 0.533856; 0.530231; 0.533642; 0.528194
106.8; 195852; 193531; 0.548918; 0.552532; 0.548682; 0.552603; 0.546582
107; 185828; 191162; 0.569417; 0.571743; 0.569073; 0.571828; 0.566364
107.2; 189765; 189593; 0.588721; 0.59056; 0.588669; 0.590418; 0.585793
107.4; 177891; 179962; 0.605045; 0.606999; 0.605281; 0.606771; 0.603005
107.6; 181617; 180892; 0.61725; 0.619376; 0.617654; 0.61919; 0.61634
107.8; 176483; 180592; 0.624857; 0.626846; 0.625025; 0.627044; 0.624893
108; 184598; 176086; 0.628957; 0.629549; 0.62877; 0.630042; 0.629096
108.2; 182670; 190489; 0.629481; 0.629779; 0.629418; 0.629828; 0.629808
108.4; 178342; 177449; 0.627394; 0.627766; 0.627239; 0.627415; 0.627922
108.6; 177159; 182116; 0.622759; 0.622252; 0.622362; 0.622047; 0.623423
108.8; 177479; 175132; 0.614369; 0.613046; 0.613985; 0.613078; 0.615589
109; 173769; 175963; 0.601768; 0.600146; 0.601736; 0.600322; 0.604129
109.2; 177391; 176187; 0.585403; 0.583822; 0.585819; 0.584006; 0.588889
109.4; 180869; 179555; 0.566598; 0.56495; 0.567093; 0.565205; 0.570638
109.6; 182806; 184394; 0.547025; 0.544944; 0.547208; 0.545309; 0.550747
109.8; 194046; 194438; 0.528644; 0.525689; 0.528417; 0.525943; 0.531282
110; 179221; 182198; 0.51317; 0.509935; 0.51272; 0.509974; 0.514437
110.2; 181517; 182475; 0.498156; 0.49482; 0.497984; 0.494522; 0.498873
110.4; 188119; 195958; 0.483592; 0.48109; 0.483603; 0.481017; 0.484943
110.6; 200882; 191384; 0.473194; 0.470915; 0.473341; 0.471211; 0.474714
110.8; 189736; 190518; 0.468368; 0.466121; 0.468472; 0.466214; 0.468944
111; 175199; 181634; 0.464254; 0.463892; 0.464227; 0.463607; 0.464107
111.2; 200580; 205376; 0.461367; 0.461942; 0.461775; 0.461708; 0.461798
111.4; 195583; 186987; 0.463124; 0.464072; 0.463911; 0.463776; 0.463473
111.6; 192845; 195761; 0.469402; 0.471243; 0.470222; 0.470664; 0.468786
111.8; 179575; 181572; 0.477689; 0.479068; 0.477974; 0.478509; 0.475798
112; 204369; 212231; 0.487016; 0.488921; 0.486719; 0.489326; 0.485139
112.2; 186692; 176450; 0.500523; 0.501715; 0.499913; 0.502694; 0.49839
112.4; 198187; 202769; 0.514699; 0.516457; 0.514195; 0.517045; 0.512007
112.6; 189625; 191590; 0.530642; 0.533913; 0.530478; 0.53387; 0.528168
112.8; 194325; 196170; 0.548905; 0.552748; 0.548797; 0.552587; 0.546547
113; 186502; 190191; 0.569113; 0.571652; 0.568752; 0.571853; 0.566326
113.2; 188291; 190630; 0.587932; 0.59045; 0.587571; 0.590861; 0.585684
113.4; 182163; 177065; 0.604116; 0.606991; 0.604275; 0.607077; 0.602854
113.6; 181087; 185052; 0.616937; 0.619269; 0.617447; 0.619109; 0.616307
113.8; 178217; 176623; 0.62513; 0.627026; 0.625384; 0.627021; 0.624933
114; 178350; 182005; 0.629008; 0.630485; 0.628901; 0.630692; 0.629333
114.2; 183843; 184669; 0.629508; 0.630114; 0.629698; 0.629897; 0.630016
114.4; 178651; 176650; 0.627219; 0.626605; 0.627499; 0.626221; 0.627762
114.6; 180595; 187676; 0.62173; 0.620842; 0.621982; 0.62055; 0.62297
114.8; 173831; 172947; 0.613016; 0.612379; 0.613174; 0.612253; 0.615145
115; 179483; 179046; 0.601296; 0.600262; 0.601246; 0.600489; 0.603994
115.2; 174066; 176387; 0.586389; 0.584507; 0.586554; 0.584579; 0.589244
115.4; 179023; 177278; 0.568455; 0.565953; 0.568897; 0.565734; 0.571327
115.6; 182476; 184240; 0.548965; 0.545576; 0.549279; 0.545437; 0.551517
115.8; 190020; 189429; 0.529463; 0.525466; 0.529165; 0.52582; 0.531637
116; 187222; 188277; 0.512377; 0.509585; 0.512338; 0.509563; 0.514383
116.2; 177983; 181139; 0.497394; 0.494611; 0.497604; 0.494299; 0.498801
116.4; 195564; 198511; 0.484689; 0.481334; 0.484451; 0.481548; 0.485725
116.6; 185981; 184753; 0.473479; 0.472579; 0.474026; 0.472175; 0.475383
116.8; 195138; 194759; 0.466861; 0.466637; 0.467188; 0.466507; 0.468282
117; 181459; 184654; 0.464152; 0.462385; 0.463351; 0.463223; 0.463969
117.2; 195714; 192869; 0.461278; 0.461928; 0.461375; 0.46171; 0.461244
117.4; 196279; 198914; 0.462956; 0.464295; 0.46363; 0.463621; 0.462653
117.6; 193591; 191809; 0.469262; 0.469807; 0.469736; 0.46953; 0.46801
117.8; 185469; 188894; 0.478095; 0.479051; 0.477876; 0.479357; 0.476423
118; 193717; 192774; 0.486831; 0.4899; 0.486834; 0.489793; 0.48536
118.2; 192532; 201968; 0.498809; 0.502423; 0.498826; 0.502396; 0.497271
118.4; 195016; 186351; 0.514214; 0.516157; 0.514061; 0.516441; 0.511833
118.6; 193571; 201078; 0.53113; 0.53254; 0.530988; 0.53272; 0.527944
118.8; 193415; 189442; 0.549019; 0.551803; 0.549125; 0.551617; 0.546326
119; 186843; 193193; 0.568286; 0.571907; 0.568194; 0.571856; 0.566093
119.2; 187571; 185805; 0.587478; 0.590936; 0.587386; 0.590913; 0.585412
119.4; 183043; 183798; 0.604341; 0.607163; 0.604707; 0.606818; 0.602807
119.6; 176131; 177627; 0.617014; 0.619424; 0.617255; 0.619318; 0.61613
119.8; 183283; 181973; 0.625221; 0.627028; 0.62508; 0.627364; 0.624914
120; 177044; 179781; 0.629007; 0.630201; 0.629268; 0.6301; 0.629275
120.2; 183010; 185027; 0.629125; 0.630163; 0.629423; 0.629915; 0.629895
120.4; 182992; 180398; 0.62705; 0.626991; 0.62663; 0.627307; 0.627893
120.6; 174246; 182533; 0.622074; 0.621332; 0.622103; 0.621135; 0.623182
120.8; 180123; 174426; 0.613642; 0.612766; 0.61435; 0.611951; 0.61543
121; 171336; 176571; 0.60165; 0.600458; 0.602334; 0.599844; 0.604114
121.2; 180398; 177156; 0.586379; 0.584342; 0.586351; 0.584611; 0.589144
121.4; 177735; 179582; 0.567973; 0.565679; 0.567651; 0.56636; 0.571167
121.6; 182255; 179129; 0.547873; 0.545869; 0.548235; 0.545817; 0.551301
121.8; 194347; 196009; 0.528445; 0.526438; 0.529413; 0.525652; 0.531772
122; 181758; 182319; 0.512298; 0.510476; 0.512872; 0.509805; 0.51473
122.2; 179628; 183190; 0.497764; 0.494993; 0.497577; 0.494922; 0.499043
122.4; 196408; 193917; 0.484505; 0.481146; 0.484396; 0.481158; 0.485363
122.6; 187980; 189353; 0.472975; 0.47204; 0.473353; 0.471927; 0.475021
122.8; 198867; 196859; 0.466925; 0.467095; 0.466992; 0.467414; 0.468864
123; 175173; 175419; 0.464497; 0.463808; 0.464595; 0.463671; 0.464795
123.2; 196269; 199688; 0.462479; 0.461497; 0.462336; 0.461302; 0.461154
123.4; 194616; 199137; 0.463937; 0.463105; 0.463783; 0.463312; 0.462672
123.6; 199649; 189819; 0.468998; 0.470842; 0.470002; 0.470122; 0.468531
123.8; 178295; 186540; 0.47694; 0.479877; 0.477417; 0.479275; 0.476013
124; 203832; 203281; 0.486936; 0.488441; 0.486202; 0.489084; 0.48467
124.2; 183408; 187014; 0.500054; 0.501239; 0.500183; 0.501217; 0.497459
124.4; 198437; 192429; 0.514284; 0.516046; 0.514466; 0.516; 0.511795
124.6; 192985; 199110; 0.53031; 0.532752; 0.529687; 0.533419; 0.527725
124.8; 196188; 189496; 0.548516; 0.552233; 0.548544; 0.552071; 0.54621
125; 187649; 195621; 0.568422; 0.572037; 0.568394; 0.571929; 0.566251
125.2; 186614; 182454; 0.588243; 0.590491; 0.587735; 0.590915; 0.585661
125.4; 180625; 186457; 0.605211; 0.6065; 0.604649; 0.607129; 0.602893
125.6; 181585; 174762; 0.617642; 0.618869; 0.617257; 0.619416; 0.616203
125.8; 175869; 184018; 0.624856; 0.627071; 0.625042; 0.62713; 0.624792
126; 185491; 176083; 0.628759; 0.629938; 0.628893; 0.629954; 0.628976
126.2; 180061; 189764; 0.629812; 0.629408; 0.629306; 0.629904; 0.62978
126.4; 183594; 175969; 0.6283; 0.627037; 0.627408; 0.62768; 0.628298
126.6; 176849; 182729; 0.623156; 0.622235; 0.622784; 0.622299; 0.624034
126.8; 175723; 174653; 0.61429; 0.613767; 0.614819; 0.613052; 0.616121
127; 173711; 175321; 0.602158; 0.600586; 0.602804; 0.600019; 0.604438
127.2; 178172; 176905; 0.586386; 0.58374; 0.586584; 0.583819; 0.588932
127.4; 180648; 179643; 0.567755; 0.564629; 0.567329; 0.565394; 0.570463
127.6; 181305; 183284; 0.548052; 0.544639; 0.547286; 0.545669; 0.550721
127.8; 195623; 192188; 0.529141; 0.525688; 0.528855; 0.52601; 0.531526
128; 181206; 183405; 0.513201; 0.510297; 0.513388; 0.509964; 0.515022
128.2; 180441; 178811; 0.498372; 0.49507; 0.49824; 0.495027; 0.499506
128.4; 189740; 198719; 0.484097; 0.480858; 0.483904; 0.48107; 0.485189
128.6; 199507; 190858; 0.472837; 0.47179; 0.473371; 0.471435; 0.474622
128.8; 188083; 191471; 0.467411; 0.4676; 0.468236; 0.466835; 0.469088
129; 180426; 178737; 0.463711; 0.464236; 0.463601; 0.464236; 0.464293
129.2; 199186; 203387; 0.462125; 0.460927; 0.461091; 0.462098; 0.461665
129.4; 193677; 190514; 0.464002; 0.463351; 0.463888; 0.463716; 0.463198
129.6; 196444; 195712; 0.469941; 0.471095; 0.470627; 0.470457; 0.468761
129.8; 177730; 180621; 0.477989; 0.478559; 0.477782; 0.478629; 0.475799
130; 209778; 210482; 0.487422; 0.488277; 0.486578; 0.489222; 0.48514
130.2; 180092; 178432; 0.49987; 0.50238; 0.499513; 0.502808; 0.497874
130.4; 203212; 203303; 0.513966; 0.517697; 0.514588; 0.517033; 0.512144
130.6; 185857; 185978; 0.530427; 0.533505; 0.53072; 0.533065; 0.527896
130.8; 197058; 199161; 0.548663; 0.5511; 0.548361; 0.551276; 0.545687
131; 188676; 188160; 0.568126; 0.570152; 0.567379; 0.570906; 0.565333
131.2; 190993; 190605; 0.586828; 0.589661; 0.586562; 0.590053; 0.584801
131.4; 179807; 180197; 0.603586; 0.606833; 0.604408; 0.606229; 0.60252
131.6; 180729; 181696; 0.617352; 0.619293; 0.618025; 0.618833; 0.616303
131.8; 179005; 177650; 0.626354; 0.62683; 0.626194; 0.627116; 0.625276
132; 180575; 178345; 0.63022; 0.629953; 0.629385; 0.6308; 0.629514
132.2; 179154; 185142; 0.629818; 0.629773; 0.629406; 0.630139; 0.629939
132.4; 183280; 181523; 0.626627; 0.627126; 0.627282; 0.62656; 0.627994
132.6; 179375; 181816; 0.621759; 0.621158; 0.622127; 0.62106; 0.623531
132.8; 178630; 171925; 0.613985; 0.61217; 0.613656; 0.612861; 0.615932
133; 175198; 179870; 0.60256; 0.599899; 0.601906; 0.600869; 0.604639
133.2; 177169; 174105; 0.587094; 0.584383; 0.586741; 0.584885; 0.589412
133.4; 177529; 180528; 0.568621; 0.566149; 0.568762; 0.565958; 0.571139
133.6; 184693; 180686; 0.548514; 0.54624; 0.549089; 0.545513; 0.551197
133.8; 187977; 192248; 0.528752; 0.526461; 0.529271; 0.525864; 0.531588
134; 188773; 184157; 0.512306; 0.510198; 0.512704; 0.509832; 0.514756
134.2; 181096; 185057; 0.497733; 0.494806; 0.497928; 0.49477; 0.499476
134.4; 192541; 189753; 0.484722; 0.481366; 0.48464; 0.481531; 0.485885
134.6; 191207; 191335; 0.473482; 0.472374; 0.473902; 0.471889; 0.475002
134.8; 190704; 193785; 0.466838; 0.467043; 0.467454; 0.466316; 0.468024
135; 183849; 183273; 0.463777; 0.463594; 0.464325; 0.463066; 0.464477
135.2; 195709; 194914; 0.461498; 0.461983; 0.461859; 0.461795; 0.461711
135.4; 196418; 195491; 0.463484; 0.463615; 0.463569; 0.463651; 0.462761
135.6; 195978; 197395; 0.469744; 0.469666; 0.469782; 0.469616; 0.467949
135.8; 177627; 180876; 0.477959; 0.47884; 0.477862; 0.478863; 0.475996
136; 208832; 200375; 0.486664; 0.488792; 0.486321; 0.489119; 0.484832
136.2; 180652; 190535; 0.499258; 0.502322; 0.499182; 0.502332; 0.49742
136.4; 198018; 191991; 0.513183; 0.516924; 0.51353; 0.516648; 0.511519
136.6; 190597; 195872; 0.529999; 0.533007; 0.529784; 0.533388; 0.527925
136.8; 201010; 193489; 0.548617; 0.551448; 0.548322; 0.551921; 0.546309
137; 184260; 189345; 0.567895; 0.571411; 0.568107; 0.571331; 0.565983
137.2; 191295; 186484; 0.587228; 0.590481; 0.587405; 0.590361; 0.585366
137.4; 178671; 182794; 0.604514; 0.606531; 0.604011; 0.607009; 0.602412
137.6; 181407; 179016; 0.617493; 0.618703; 0.616936; 0.619227; 0.615784
137.8; 176962; 183584; 0.625317; 0.626742; 0.625177; 0.626921; 0.62456
138; 182686; 176454; 0.628784; 0.630346; 0.628939; 0.630287; 0.629107
138.2; 184680; 184070; 0.629524; 0.629751; 0.629233; 0.63011; 0.629923
138.4; 181237; 180355; 0.62796; 0.626866; 0.62741; 0.627138; 0.628027
138.6; 176427; 181259; 0.623122; 0.621434; 0.622492; 0.621571; 0.623308
138.8; 176312; 174375; 0.614578; 0.612783; 0.614105; 0.612881; 0.615519
139; 175104; 178309; 0.601961; 0.600606; 0.601837; 0.600719; 0.604239
139.2; 178083; 174398; 0.585889; 0.58483; 0.586228; 0.584846; 0.589317
139.4; 180258; 180358; 0.56758; 0.565903; 0.567785; 0.566256; 0.571343
139.6; 183028; 181458; 0.548172; 0.545543; 0.54817; 0.54604; 0.551552
139.8; 194124; 192852; 0.52959; 0.52575; 0.52943; 0.526072; 0.531949
140; 181970; 184654; 0.513391; 0.510258; 0.513455; 0.509944; 0.514975
140.2; 180817; 180746; 0.498348; 0.49527; 0.49805; 0.495121; 0.499203
140.4; 190767; 196435; 0.48451; 0.481347; 0.484147; 0.481594; 0.48546
140.6; 195687; 189731; 0.472944; 0.471869; 0.473729; 0.471496; 0.475103
140.8; 197368; 194419; 0.467259; 0.466954; 0.468239; 0.466496; 0.469224
141; 174989; 170789; 0.464733; 0.463872; 0.464613; 0.463766; 0.46459
141.2; 197428; 208790; 0.462407; 0.461467; 0.461823; 0.461438; 0.46086
141.4; 193658; 191215; 0.463807; 0.463237; 0.463869; 0.463017; 0.462405
141.6; 198161; 192146; 0.469802; 0.470234; 0.469842; 0.470547; 0.468736
141.8; 181494; 183064; 0.477913; 0.47841; 0.477633; 0.478639; 0.475847
142; 202808; 208051; 0.486752; 0.48866; 0.486867; 0.48835; 0.484509
142.2; 179138; 180601; 0.499161; 0.501873; 0.499844; 0.501418; 0.497576
142.4; 207904; 200309; 0.513038; 0.516095; 0.513772; 0.515923; 0.511749
142.6; 188033; 193047; 0.529422; 0.532602; 0.529781; 0.532644; 0.527717
142.8; 197570; 192762; 0.54786; 0.551679; 0.547785; 0.5518; 0.545893
143; 185396; 189785; 0.568053; 0.571597; 0.568089; 0.571265; 0.565607
143.2; 188689; 193162; 0.587696; 0.590645; 0.587808; 0.590158; 0.585025
143.4; 179222; 174832; 0.604516; 0.606909; 0.604683; 0.606474; 0.602298
143.6; 182468; 184819; 0.61712; 0.61921; 0.617433; 0.618952; 0.615939
143.8; 176909; 177608; 0.624814; 0.626748; 0.625038; 0.626906; 0.624808
144; 183055; 178678; 0.628719; 0.629569; 0.628691; 0.630108; 0.629266
144.2; 192679; 185491; 0.629586; 0.630081; 0.629687; 0.629947; 0.629997
144.4; 170093; 178457; 0.627857; 0.628185; 0.627794; 0.627382; 0.627812
144.6; 180984; 180875; 0.623245; 0.622654; 0.622583; 0.622174; 0.623095
144.8; 170211; 178260; 0.614841; 0.613435; 0.61405; 0.61349; 0.615492
145; 179402; 176051; 0.602319; 0.600379; 0.602239; 0.6005; 0.604343
145.2; 176994; 177761; 0.586348; 0.583842; 0.587042; 0.584011; 0.589744
145.4; 183575; 176549; 0.567664; 0.565101; 0.568658; 0.565307; 0.571842
145.6; 181958; 181816; 0.547999; 0.545375; 0.548766; 0.545588; 0.552047
145.8; 194508; 192647; 0.529332; 0.526392; 0.52962; 0.526307; 0.532236
146; 180191; 183141; 0.513684; 0.510544; 0.513395; 0.510298; 0.514825
146.2; 179457; 184177; 0.498636; 0.49532; 0.498156; 0.49503; 0.49898
146.4; 190881; 195775; 0.483974; 0.481461; 0.484037; 0.481244; 0.485223
146.6; 201232; 188316; 0.473656; 0.471283; 0.473997; 0.471661; 0.475514
146.8; 192969; 184595; 0.46847; 0.466565; 0.468588; 0.466806; 0.469431
147; 171005; 187699; 0.464051; 0.463958; 0.464052; 0.463411; 0.463816
147.2; 202718; 203700; 0.46115; 0.461858; 0.461807; 0.461171; 0.461345
147.4; 193405; 186051; 0.463259; 0.463964; 0.464184; 0.463616; 0.463575
147.6; 197324; 193443; 0.470301; 0.470282; 0.469988; 0.470881; 0.468869
147.8; 176929; 186486; 0.47766; 0.478486; 0.477427; 0.478216; 0.475167
148; 208228; 210770; 0.485891; 0.489386; 0.487014; 0.488261; 0.484703
148.2; 184606; 175935; 0.499996; 0.501007; 0.499939; 0.501546; 0.49794
148.4; 197933; 201600; 0.513917; 0.515604; 0.513616; 0.516251; 0.511585
148.6; 191755; 190321; 0.529281; 0.533185; 0.529524; 0.532955; 0.527422
148.8; 195769; 196961; 0.548223; 0.551542; 0.547925; 0.551644; 0.545712
149; 191070; 188833; 0.568435; 0.570818; 0.567841; 0.571117; 0.565317
149.2; 183707; 190795; 0.587349; 0.590173; 0.587041; 0.590277; 0.584899
149.4; 184253; 177700; 0.603953; 0.6069; 0.604046; 0.606795; 0.602369
149.6; 178353; 183676; 0.617152; 0.61887; 0.617149; 0.619098; 0.615993
149.8; 180825; 177742; 0.625071; 0.62681; 0.625053; 0.627145; 0.624873
150; 178579; 177683; 0.628735; 0.63017; 0.629009; 0.630195; 0.629281
