0.004; 10188; 4986.62; 3.21785e-05; 3.21125e-05; 3.21739e-05; 3.21034e-05; 3.13619e-05
0.2; 72913; 63563.8; 0.0241504; 0.0222626; 0.0241509; 0.0222676; 0.023147
0.4; 90249.8; 107611; 0.131797; 0.133369; 0.131819; 0.1334; 0.132632
0.6; 64889.1; 60506.8; 0.28353; 0.284039; 0.283583; 0.284083; 0.284432
0.8; 78019; 79442.8; 0.441902; 0.440018; 0.441936; 0.440081; 0.441618
1; 84598.5; 88918.6; 0.579405; 0.578467; 0.579426; 0.578487; 0.57991
1.2; 87890.6; 88903.4; 0.665597; 0.663258; 0.665413; 0.663346; 0.665802
1.4; 103370; 107739; 0.685558; 0.682932; 0.685519; 0.682882; 0.686726
1.6; 122632; 127276; 0.64108; 0.640494; 0.641087; 0.640329; 0.644026
1.8; 141845; 144238; 0.564666; 0.560894; 0.564598; 0.56062; 0.565981
2; 160805; 162176; 0.500607; 0.500375; 0.501443; 0.499502; 0.504117
2.2; 166536; 165735; 0.49725; 0.494473; 0.497297; 0.495166; 0.49984
2.4; 143526; 145913; 0.527001; 0.525418; 0.5276; 0.52549; 0.529614
2.6; 131989; 132886; 0.543067; 0.54243; 0.542775; 0.542858; 0.545331
2.8; 127151; 127031; 0.529192; 0.527404; 0.529662; 0.526504; 0.52992
3; 122449; 129017; 0.488127; 0.485962; 0.487679; 0.485705; 0.488087
3.2; 129821; 134069; 0.442763; 0.443566; 0.44299; 0.442891; 0.444048
3.4; 133668; 140809; 0.436068; 0.435631; 0.435423; 0.436541; 0.436931
3.6; 117451; 116205; 0.464874; 0.463484; 0.465207; 0.463639; 0.464608
3.8; 115330; 110674; 0.488306; 0.488818; 0.488013; 0.489419; 0.488499
4; 116840; 112937; 0.49157; 0.493713; 0.492141; 0.493175; 0.491753
4.2; 121503; 120597; 0.477833; 0.478128; 0.478159; 0.477644; 0.47626
4.4; 141648; 139655; 0.459694; 0.460609; 0.45949; 0.460768; 0.458107
4.6; 154194; 154885; 0.46958; 0.472772; 0.469679; 0.472824; 0.468941
4.8; 126635; 123331; 0.507264; 0.507715; 0.507246; 0.507921; 0.50476
5; 105938; 123695; 0.536779; 0.539354; 0.536845; 0.539401; 0.535307
5.2; 102101; 103494; 0.551753; 0.554199; 0.551856; 0.554061; 0.549872
5.4; 105180; 104479; 0.553264; 0.554136; 0.552791; 0.554441; 0.550303
5.6; 120723; 122470; 0.548622; 0.551877; 0.548549; 0.551818; 0.546845
5.8; 144809; 141951; 0.564741; 0.568608; 0.56533; 0.568294; 0.564003
6; 124855; 118554; 0.597875; 0.597711; 0.597337; 0.598597; 0.595858
6.2; 114354; 117250; 0.621513; 0.624075; 0.622268; 0.623612; 0.620937
6.4; 115289; 117498; 0.6336; 0.635827; 0.633501; 0.636018; 0.632879
6.6; 113903; 116907; 0.633561; 0.634011; 0.633908; 0.633616; 0.632053
6.8; 131985; 125986; 0.626588; 0.626278; 0.62532; 0.62744; 0.625116
7; 143401; 146520; 0.626583; 0.627018; 0.627273; 0.626471; 0.626566
7.2; 126110; 124574; 0.63763; 0.638592; 0.637609; 0.638886; 0.638851
7.4; 123370; 122896; 0.646629; 0.645304; 0.646068; 0.646097; 0.647163
7.6; 119461; 118911; 0.644536; 0.642478; 0.644776; 0.642373; 0.645302
7.8; 120900; 121314; 0.629964; 0.629234; 0.630374; 0.628852; 0.63169
8; 130555; 128678; 0.608583; 0.608436; 0.608543; 0.608437; 0.610659
8.2; 144533; 146637; 0.589412; 0.586027; 0.589175; 0.586208; 0.590322
8.4; 139436; 137664; 0.577215; 0.575722; 0.576838; 0.576049; 0.579188
8.6; 138709; 137778; 0.569659; 0.56858; 0.570845; 0.567369; 0.572232
8.8; 130967; 129179; 0.560991; 0.557646; 0.559932; 0.558751; 0.562736
9; 129240; 130763; 0.544968; 0.542769; 0.544916; 0.542925; 0.547528
9.2; 135363; 130916; 0.523243; 0.522183; 0.524055; 0.521526; 0.526308
9.4; 145022; 147329; 0.501515; 0.497722; 0.501288; 0.498036; 0.502769
9.6; 154406; 154684; 0.482826; 0.482004; 0.483499; 0.481287; 0.484613
9.8; 147091; 148099; 0.476367; 0.474872; 0.475872; 0.475276; 0.477821
10; 142008; 140255; 0.473787; 0.471557; 0.472758; 0.472694; 0.474706
10.2; 143979; 142102; 0.467766; 0.466284; 0.468568; 0.465776; 0.469081
10.4; 140022; 140788; 0.459105; 0.457647; 0.458616; 0.458349; 0.45952
10.6; 162074; 160669; 0.450237; 0.449607; 0.449341; 0.450371; 0.449604
10.8; 163302; 166930; 0.450518; 0.452263; 0.45076; 0.451691; 0.450535
11; 144173; 143441; 0.460977; 0.460912; 0.460645; 0.461301; 0.460066
11.2; 149194; 153908; 0.468458; 0.469166; 0.469345; 0.468826; 0.468293
11.4; 155705; 147470; 0.472557; 0.474812; 0.472748; 0.475311; 0.472911
11.6; 166270; 164539; 0.478816; 0.47907; 0.478023; 0.479991; 0.476505
11.8; 160372; 170435; 0.491138; 0.49271; 0.491622; 0.491916; 0.48878
12; 159018; 156008; 0.509052; 0.511519; 0.509173; 0.511517; 0.507709
12.2; 154736; 153239; 0.526914; 0.530243; 0.527087; 0.530638; 0.526482
12.4; 158465; 159175; 0.543715; 0.546604; 0.544325; 0.546753; 0.543142
12.6; 160398; 154227; 0.558814; 0.560848; 0.55904; 0.561221; 0.557306
12.8; 159341; 163038; 0.572897; 0.573767; 0.572926; 0.573948; 0.570271
13; 164113; 162511; 0.585531; 0.587891; 0.585775; 0.587432; 0.583296
13.2; 162228; 167373; 0.598806; 0.602085; 0.598631; 0.601814; 0.597209
13.4; 160539; 159668; 0.612877; 0.614587; 0.612418; 0.614655; 0.611192
13.6; 158831; 162663; 0.624478; 0.625953; 0.624799; 0.625543; 0.623676
13.8; 157939; 156477; 0.632554; 0.63407; 0.633384; 0.633564; 0.632946
14; 159919; 160741; 0.637029; 0.63709; 0.637367; 0.637346; 0.637571
14.2; 160033; 156590; 0.636902; 0.635898; 0.636713; 0.636677; 0.637343
14.4; 159129; 161425; 0.63249; 0.631802; 0.632327; 0.632261; 0.63317
14.6; 165020; 164481; 0.625403; 0.62547; 0.625434; 0.625351; 0.626465
14.8; 162592; 163249; 0.617334; 0.617038; 0.617354; 0.616664; 0.618383
15; 164137; 167258; 0.608564; 0.607118; 0.608345; 0.60692; 0.609498
15.2; 162546; 162109; 0.598006; 0.595937; 0.597667; 0.596055; 0.599402
15.4; 161076; 164809; 0.585023; 0.582903; 0.584614; 0.583465; 0.587254
15.6; 165887; 162272; 0.569483; 0.567512; 0.569388; 0.568044; 0.57234
15.8; 162346; 165439; 0.551889; 0.549896; 0.552387; 0.549944; 0.554948
16; 169905; 165964; 0.533334; 0.531398; 0.534167; 0.530934; 0.536061
16.2; 167649; 170335; 0.515568; 0.513124; 0.515872; 0.512883; 0.517527
16.4; 176415; 177603; 0.500163; 0.497064; 0.499671; 0.49737; 0.501318
16.6; 169248; 168738; 0.487476; 0.485262; 0.48716; 0.485403; 0.488534
16.8; 170737; 175476; 0.476729; 0.474189; 0.476805; 0.474106; 0.477548
17; 177474; 171727; 0.466397; 0.464223; 0.466508; 0.464237; 0.467232
17.2; 175006; 181555; 0.45892; 0.458324; 0.458946; 0.458295; 0.459694
17.4; 173449; 172080; 0.454786; 0.454403; 0.454899; 0.454112; 0.455183
17.6; 180652; 183602; 0.452551; 0.452945; 0.453068; 0.452502; 0.452835
17.8; 178874; 175477; 0.453631; 0.453522; 0.453896; 0.453267; 0.45314
18; 178693; 185520; 0.457097; 0.45646; 0.45681; 0.456736; 0.455813
18.2; 183310; 177322; 0.461479; 0.463423; 0.462336; 0.462532; 0.460778
18.4; 177036; 184583; 0.469471; 0.471216; 0.470229; 0.470487; 0.46844
18.6; 187373; 181597; 0.480096; 0.480589; 0.479506; 0.481188; 0.477957
18.8; 178893; 187594; 0.491485; 0.492968; 0.490817; 0.493651; 0.489498
19; 190019; 185047; 0.504632; 0.507844; 0.504843; 0.507602; 0.50328
19.2; 183046; 190059; 0.521009; 0.523662; 0.52095; 0.523728; 0.5191
19.4; 186734; 182912; 0.539141; 0.540811; 0.538488; 0.541492; 0.53666
19.6; 181728; 187848; 0.557445; 0.558853; 0.556642; 0.559738; 0.554952
19.8; 184106; 178622; 0.574315; 0.576431; 0.57418; 0.576683; 0.572326
20; 178509; 185410; 0.589204; 0.592199; 0.589732; 0.591808; 0.588057
20.2; 182631; 178970; 0.602412; 0.604876; 0.602481; 0.604922; 0.601393
20.4; 177736; 184231; 0.613384; 0.614981; 0.612987; 0.615444; 0.612261
20.6; 186002; 182175; 0.621648; 0.62349; 0.621824; 0.623343; 0.621117
20.8; 179221; 184609; 0.627986; 0.629881; 0.628167; 0.629707; 0.627965
21; 184313; 181767; 0.632889; 0.633558; 0.632462; 0.634016; 0.632781
21.2; 176559; 182753; 0.634843; 0.634935; 0.634863; 0.634995; 0.635094
21.4; 179263; 175499; 0.633412; 0.633468; 0.634074; 0.632911; 0.634257
21.6; 177257; 181897; 0.628351; 0.62858; 0.629174; 0.627875; 0.629914
21.8; 180525; 176100; 0.620197; 0.619999; 0.620216; 0.620059; 0.622035
22; 177021; 182389; 0.609353; 0.608306; 0.609113; 0.608598; 0.611194
22.2; 184238; 181700; 0.596027; 0.594915; 0.596605; 0.594392; 0.598216
22.4; 180541; 184809; 0.5814; 0.580298; 0.582405; 0.579359; 0.583886
22.6; 185860; 183140; 0.566428; 0.564616; 0.566852; 0.564254; 0.568754
22.8; 180385; 186789; 0.551124; 0.548254; 0.550771; 0.548691; 0.553048
23; 186153; 180766; 0.535086; 0.531827; 0.534402; 0.532605; 0.536826
23.2; 181304; 186894; 0.518222; 0.515809; 0.517895; 0.516269; 0.520398
23.4; 191811; 188776; 0.501806; 0.500164; 0.501849; 0.500201; 0.504149
23.6; 181034; 187904; 0.487437; 0.486625; 0.487781; 0.486274; 0.489544
23.8; 194546; 186802; 0.474961; 0.474062; 0.475411; 0.473551; 0.476504
24; 189154; 201533; 0.466185; 0.464495; 0.46658; 0.46414; 0.467232
24.2; 183875; 175885; 0.460207; 0.458556; 0.459738; 0.459101; 0.460471
24.4; 193976; 199483; 0.455211; 0.453644; 0.454701; 0.454209; 0.455358
24.6; 186433; 189086; 0.452189; 0.453294; 0.452459; 0.452947; 0.452654
24.8; 192687; 189757; 0.452704; 0.453787; 0.452942; 0.453581; 0.452869
25; 189907; 195107; 0.457083; 0.456849; 0.456546; 0.457384; 0.45598
25.2; 188778; 186724; 0.462462; 0.462287; 0.462011; 0.462736; 0.460847
25.4; 194127; 196356; 0.469663; 0.470706; 0.470071; 0.470272; 0.468122
25.6; 189876; 186669; 0.479714; 0.480831; 0.47976; 0.480765; 0.477927
25.8; 191938; 198332; 0.491423; 0.492757; 0.49081; 0.49336; 0.4893
26; 193080; 190007; 0.505177; 0.50685; 0.504457; 0.507583; 0.503092
26.2; 191619; 197980; 0.520403; 0.523399; 0.520632; 0.523256; 0.518823
26.4; 193963; 188467; 0.537673; 0.541138; 0.538269; 0.540637; 0.536187
26.6; 185479; 192280; 0.556504; 0.558487; 0.55615; 0.558949; 0.554344
26.8; 187200; 180973; 0.574324; 0.575571; 0.57342; 0.576537; 0.571842
27; 184042; 191060; 0.589558; 0.591462; 0.58942; 0.591603; 0.587637
27.2; 182597; 178338; 0.602171; 0.605099; 0.60257; 0.604675; 0.601152
27.4; 185136; 191199; 0.613167; 0.615268; 0.612966; 0.615461; 0.61223
27.6; 183353; 179339; 0.622007; 0.622901; 0.621655; 0.623284; 0.620995
27.8; 183553; 189763; 0.628566; 0.628836; 0.628167; 0.629322; 0.627812
28; 183134; 178710; 0.633043; 0.632766; 0.632514; 0.633401; 0.632597
28.2; 180509; 184308; 0.634891; 0.634486; 0.634396; 0.635096; 0.634925
28.4; 179658; 179214; 0.633553; 0.633316; 0.6334; 0.63357; 0.634253
28.6; 179500; 177424; 0.628779; 0.628663; 0.629171; 0.62835; 0.630076
28.8; 174271; 178402; 0.620548; 0.620403; 0.621232; 0.619794; 0.62239
29; 185035; 180981; 0.60971; 0.60873; 0.610022; 0.60846; 0.611552
29.2; 175084; 180120; 0.596466; 0.594977; 0.596288; 0.595229; 0.598491
29.4; 187468; 184776; 0.581657; 0.580195; 0.581439; 0.580521; 0.58406
29.6; 177375; 181220; 0.566107; 0.564825; 0.566468; 0.564598; 0.568801
29.8; 188212; 184194; 0.5505; 0.54884; 0.551215; 0.548212; 0.553056
30; 176362; 181055; 0.534835; 0.532332; 0.535255; 0.531973; 0.536931
30.2; 188347; 183347; 0.518994; 0.515643; 0.518585; 0.516116; 0.520573
30.4; 182088; 186254; 0.502638; 0.499933; 0.502351; 0.50028; 0.504392
30.6; 189866; 190268; 0.487822; 0.486604; 0.488059; 0.486369; 0.489776
30.8; 185348; 181063; 0.474762; 0.47438; 0.475453; 0.473664; 0.476638
31; 194876; 203674; 0.465792; 0.46484; 0.466464; 0.464246; 0.467228
31.2; 180458; 174832; 0.460059; 0.458669; 0.459981; 0.458838; 0.460533
31.4; 199344; 200230; 0.455351; 0.453558; 0.454873; 0.454075; 0.455328
31.6; 183634; 185333; 0.452337; 0.453308; 0.452841; 0.45273; 0.452756
31.8; 196651; 190302; 0.452693; 0.454042; 0.453543; 0.453225; 0.452996
32; 185979; 195500; 0.456779; 0.456566; 0.456979; 0.456361; 0.455723
32.2; 196325; 184684; 0.462322; 0.462224; 0.462139; 0.462366; 0.460617
32.4; 186650; 198156; 0.469806; 0.470537; 0.46988; 0.470471; 0.468243
32.6; 196000; 189926; 0.479128; 0.481002; 0.479301; 0.480809; 0.477679
32.8; 189249; 196003; 0.490291; 0.493167; 0.490542; 0.492918; 0.489008
33; 195860; 191295; 0.50477; 0.506562; 0.504254; 0.507152; 0.502845
33.2; 190637; 193328; 0.520987; 0.522272; 0.52022; 0.523229; 0.518657
33.4; 194750; 192456; 0.538121; 0.540331; 0.537904; 0.540741; 0.536149
33.6; 187123; 190430; 0.555709; 0.55918; 0.555986; 0.559077; 0.554374
33.8; 188565; 185182; 0.573462; 0.576369; 0.573292; 0.576607; 0.571829
34; 180380; 183052; 0.589855; 0.591062; 0.589311; 0.591606; 0.587594
34.2; 186157; 185685; 0.603117; 0.603921; 0.602482; 0.604502; 0.600957
34.4; 183155; 183018; 0.613088; 0.614941; 0.612946; 0.615069; 0.611982
34.6; 184613; 188393; 0.621117; 0.623421; 0.621271; 0.623337; 0.620913
34.8; 185256; 178182; 0.627981; 0.629176; 0.627904; 0.629392; 0.627739
35; 183036; 189224; 0.632507; 0.633299; 0.632431; 0.633569; 0.632714
35.2; 180946; 174825; 0.634452; 0.635144; 0.634595; 0.635161; 0.635121
35.4; 180917; 183884; 0.63368; 0.633667; 0.633956; 0.633479; 0.634442
35.6; 175320; 173415; 0.629216; 0.628605; 0.629609; 0.628198; 0.630136
35.8; 179385; 183243; 0.620866; 0.620289; 0.621397; 0.619704; 0.622289
36; 178400; 176316; 0.609429; 0.609058; 0.60997; 0.608463; 0.611451
36.2; 183314; 183069; 0.59636; 0.595195; 0.596151; 0.59541; 0.598453
36.4; 180430; 181445; 0.581989; 0.58008; 0.581618; 0.580524; 0.584096
36.6; 184448; 182990; 0.566979; 0.564332; 0.567021; 0.56442; 0.568981
36.8; 180518; 182718; 0.551592; 0.548234; 0.551726; 0.548242; 0.553338
37; 185308; 180916; 0.535412; 0.532286; 0.53521; 0.532607; 0.537269
37.2; 181235; 183782; 0.518825; 0.516243; 0.518564; 0.516558; 0.520782
37.4; 187850; 187128; 0.502842; 0.500029; 0.502539; 0.500322; 0.504465
37.6; 186177; 186171; 0.488674; 0.485836; 0.488572; 0.485874; 0.489712
37.8; 189718; 187453; 0.475893; 0.47341; 0.475998; 0.473264; 0.476631
38; 192330; 198044; 0.466751; 0.464321; 0.466584; 0.464502; 0.467394
38.2; 185889; 176811; 0.459672; 0.45942; 0.459853; 0.459277; 0.46062
38.4; 190413; 200558; 0.454133; 0.45477; 0.454519; 0.454354; 0.455287
38.6; 191741; 185418; 0.452546; 0.453079; 0.452254; 0.453361; 0.452852
38.8; 192294; 192397; 0.453788; 0.452786; 0.453108; 0.453552; 0.452962
39; 189846; 190885; 0.456867; 0.456736; 0.456985; 0.456506; 0.455675
39.2; 191690; 187459; 0.462207; 0.46223; 0.46239; 0.462052; 0.460681
39.4; 192835; 196927; 0.46978; 0.470231; 0.469261; 0.470818; 0.468118
39.6; 192827; 188763; 0.479063; 0.481005; 0.478685; 0.481377; 0.477724
39.8; 191672; 196089; 0.490319; 0.493376; 0.490745; 0.492905; 0.489048
40; 194371; 190328; 0.504566; 0.50693; 0.505198; 0.506272; 0.502746
40.2; 191146; 195931; 0.520405; 0.522764; 0.520905; 0.522347; 0.518493
40.4; 193039; 189782; 0.537554; 0.540503; 0.537675; 0.540575; 0.535928
40.6; 187780; 189659; 0.555498; 0.558673; 0.555464; 0.558965; 0.554166
40.8; 188694; 185284; 0.573147; 0.575984; 0.573503; 0.57587; 0.571703
41; 184071; 185634; 0.588911; 0.591454; 0.589681; 0.590841; 0.587526
41.2; 183372; 181165; 0.602231; 0.604595; 0.60291; 0.603956; 0.600991
41.4; 185620; 186694; 0.612976; 0.615209; 0.613086; 0.615055; 0.612031
41.6; 182578; 184301; 0.621488; 0.623187; 0.621185; 0.623465; 0.62081
41.8; 185825; 183760; 0.627923; 0.629313; 0.62825; 0.629005; 0.627621
42; 182297; 183560; 0.632285; 0.633343; 0.633144; 0.63259; 0.632488
42.2; 183078; 181179; 0.634457; 0.634827; 0.635053; 0.63439; 0.634929
42.4; 177635; 176549; 0.633613; 0.633292; 0.633695; 0.633359; 0.634312
42.6; 179547; 180650; 0.628964; 0.62863; 0.62869; 0.628962; 0.630128
42.8; 177483; 174722; 0.620637; 0.620618; 0.62099; 0.620211; 0.622364
43; 181018; 182203; 0.609736; 0.609057; 0.610091; 0.608618; 0.611553
43.2; 179618; 179995; 0.59657; 0.595402; 0.596518; 0.595407; 0.598572
43.4; 184232; 183862; 0.582071; 0.580409; 0.581845; 0.580661; 0.584252
43.6; 180291; 180089; 0.566804; 0.564806; 0.566834; 0.56484; 0.569048
43.8; 185335; 184510; 0.551306; 0.54872; 0.551549; 0.548581; 0.553397
44; 180480; 179922; 0.535571; 0.532195; 0.535536; 0.532319; 0.537244
44.2; 184723; 183931; 0.519055; 0.516126; 0.518919; 0.516301; 0.520841
44.4; 186462; 186243; 0.502942; 0.500161; 0.502957; 0.50012; 0.504563
44.6; 185114; 187337; 0.488826; 0.486069; 0.488842; 0.485972; 0.48986
44.8; 189244; 187068; 0.475954; 0.473613; 0.475858; 0.473601; 0.476713
45; 197018; 198865; 0.466582; 0.464452; 0.466657; 0.464365; 0.467329
45.2; 178753; 175067; 0.460257; 0.458825; 0.460328; 0.458773; 0.460591
45.4; 197625; 201092; 0.455514; 0.453583; 0.455433; 0.453567; 0.45524
45.6; 186573; 186748; 0.452471; 0.453042; 0.452605; 0.452912; 0.452786
45.8; 194353; 188816; 0.452346; 0.453935; 0.452469; 0.453887; 0.452874
46; 189957; 195818; 0.456174; 0.457232; 0.456041; 0.457323; 0.455695
46.2; 189505; 188095; 0.462182; 0.462408; 0.461869; 0.462724; 0.460785
46.4; 192992; 194223; 0.469993; 0.47002; 0.470026; 0.470042; 0.468061
46.6; 193363; 190142; 0.479346; 0.480428; 0.47952; 0.480298; 0.47762
46.8; 194920; 192761; 0.490471; 0.492922; 0.490397; 0.492969; 0.488914
47; 190182; 193719; 0.503949; 0.507245; 0.503922; 0.507206; 0.502603
47.2; 195939; 193055; 0.520156; 0.522785; 0.52032; 0.522624; 0.518276
47.4; 187351; 191945; 0.538021; 0.539834; 0.538212; 0.539802; 0.535767
47.6; 193259; 189048; 0.556244; 0.557834; 0.556294; 0.558056; 0.554108
47.8; 185114; 184975; 0.57327; 0.575677; 0.573184; 0.576094; 0.571723
48; 186534; 183942; 0.588508; 0.591712; 0.58872; 0.591766; 0.587629
48.2; 181610; 183466; 0.602062; 0.604396; 0.602282; 0.604312; 0.600942
48.4; 186705; 184127; 0.612888; 0.61485; 0.612797; 0.614933; 0.611846
48.6; 181403; 185928; 0.621123; 0.623439; 0.621076; 0.623401; 0.620681
48.8; 188997; 186379; 0.627861; 0.629364; 0.627939; 0.62921; 0.627506
49; 177716; 178268; 0.632471; 0.633342; 0.632425; 0.633425; 0.632472
49.2; 186580; 185223; 0.63446; 0.635081; 0.634445; 0.635249; 0.635065
49.4; 173701; 175136; 0.633335; 0.63368; 0.633535; 0.633713; 0.634487
49.6; 182221; 180082; 0.628715; 0.628774; 0.628979; 0.628731; 0.630279
49.8; 177033; 177286; 0.620466; 0.620538; 0.620472; 0.620645; 0.622477
50; 181379; 180333; 0.609756; 0.608894; 0.609777; 0.608835; 0.611528
50.2; 179071; 181707; 0.596846; 0.595138; 0.597076; 0.594754; 0.598447
50.4; 184335; 182560; 0.582336; 0.580376; 0.58271; 0.57985; 0.58409
50.6; 181337; 180922; 0.56712; 0.564836; 0.567317; 0.564606; 0.569061
50.8; 182836; 182747; 0.551842; 0.548571; 0.551753; 0.548752; 0.553587
51; 182090; 182866; 0.535574; 0.532462; 0.535697; 0.532518; 0.537507
51.2; 183275; 181822; 0.518695; 0.516531; 0.519091; 0.516319; 0.521043
51.4; 186944; 187150; 0.502519; 0.500508; 0.502925; 0.500178; 0.504674
51.6; 188196; 186748; 0.488466; 0.48645; 0.488671; 0.486161; 0.489889
51.8; 184514; 190049; 0.476149; 0.473685; 0.476003; 0.473703; 0.476803
52; 197157; 195156; 0.466642; 0.464479; 0.466734; 0.464426; 0.467449
52.2; 179709; 176331; 0.459549; 0.459512; 0.460038; 0.459151; 0.460744
52.4; 199028; 197298; 0.454563; 0.454681; 0.45504; 0.454124; 0.455405
52.6; 182040; 192076; 0.452381; 0.453138; 0.452659; 0.452851; 0.452761
52.8; 202341; 186840; 0.45299; 0.45363; 0.452763; 0.453859; 0.452918
53; 179813; 198384; 0.456346; 0.456772; 0.45613; 0.456987; 0.455641
53.2; 202245; 183564; 0.46237; 0.462048; 0.462412; 0.462007; 0.460608
53.4; 182583; 197708; 0.469531; 0.470558; 0.469498; 0.470614; 0.468146
53.6; 200240; 185981; 0.478551; 0.480997; 0.478466; 0.481104; 0.477488
53.8; 182719; 200290; 0.490105; 0.492715; 0.490368; 0.492521; 0.488764
54; 204241; 186668; 0.504138; 0.506434; 0.504341; 0.506231; 0.502384
54.2; 183971; 198570; 0.519849; 0.522717; 0.519991; 0.522629; 0.518121
54.4; 200559; 187259; 0.537308; 0.540704; 0.537307; 0.540776; 0.535786
54.6; 181273; 192611; 0.555929; 0.558584; 0.555983; 0.558699; 0.554172
54.8; 193174; 183159; 0.573478; 0.575978; 0.573906; 0.575733; 0.57177
55; 178532; 186565; 0.588763; 0.59164; 0.58956; 0.591013; 0.587576
55.2; 188367; 182611; 0.601935; 0.604484; 0.602145; 0.604387; 0.600888
55.4; 179868; 184374; 0.612947; 0.614589; 0.612525; 0.615068; 0.611838
55.6; 188250; 183416; 0.621156; 0.622995; 0.621288; 0.622859; 0.62056
55.8; 182787; 185135; 0.627541; 0.629391; 0.62771; 0.629219; 0.627468
56; 184552; 184190; 0.632604; 0.633182; 0.632333; 0.633517; 0.6325
56.2; 179397; 180457; 0.634855; 0.634792; 0.634631; 0.635136; 0.635051
56.4; 179578; 177737; 0.633822; 0.63344; 0.633705; 0.633716; 0.634504
56.6; 178103; 178888; 0.628987; 0.628766; 0.628903; 0.628978; 0.630292
56.8; 177609; 178400; 0.620657; 0.620605; 0.62085; 0.620459; 0.622493
57; 180519; 180841; 0.609723; 0.608973; 0.609752; 0.608948; 0.611621
57.2; 182330; 179428; 0.59645; 0.595446; 0.596268; 0.595603; 0.598592
57.4; 181688; 182783; 0.581875; 0.580741; 0.581975; 0.580637; 0.584253
57.6; 182882; 181839; 0.5668; 0.565166; 0.567167; 0.564825; 0.569174
57.8; 182270; 184063; 0.551325; 0.549138; 0.551842; 0.54871; 0.553591
58; 181818; 179151; 0.535668; 0.532491; 0.535706; 0.532564; 0.537471
58.2; 184181; 185923; 0.519372; 0.516035; 0.51913; 0.516392; 0.52105
58.4; 187278; 184455; 0.502689; 0.500489; 0.50303; 0.500206; 0.504709
58.6; 187312; 189502; 0.488162; 0.486807; 0.488765; 0.486192; 0.490025
58.8; 184270; 183632; 0.475613; 0.474105; 0.476035; 0.473629; 0.476843
59; 197849; 199355; 0.466763; 0.464388; 0.466663; 0.464504; 0.467432
59.2; 181103; 177376; 0.459766; 0.459529; 0.45975; 0.459572; 0.460719
59.4; 195685; 199427; 0.454539; 0.45473; 0.454772; 0.454504; 0.455534
59.6; 189762; 186167; 0.452257; 0.453101; 0.452335; 0.452993; 0.452672
59.8; 189449; 191940; 0.45346; 0.453225; 0.45289; 0.453787; 0.452945
60; 192235; 191759; 0.456927; 0.456094; 0.456177; 0.456876; 0.455608
60.2; 193106; 191342; 0.461545; 0.462735; 0.462351; 0.461903; 0.460531
60.4; 189531; 193059; 0.469023; 0.471177; 0.469405; 0.470792; 0.46815
60.6; 193496; 188380; 0.478588; 0.480922; 0.478348; 0.481181; 0.477484
60.8; 189928; 196948; 0.490088; 0.492488; 0.490716; 0.491858; 0.488519
61; 197888; 192393; 0.504068; 0.506261; 0.504668; 0.505651; 0.502242
61.2; 188655; 194330; 0.519772; 0.52269; 0.519519; 0.523042; 0.518173
61.4; 196170; 190311; 0.537143; 0.540718; 0.537536; 0.540475; 0.535804
61.6; 185969; 190984; 0.555828; 0.558484; 0.556473; 0.558015; 0.554085
61.8; 188157; 184543; 0.573596; 0.575708; 0.573873; 0.575591; 0.571632
62; 181592; 185136; 0.589274; 0.591064; 0.589099; 0.591346; 0.587455
62.2; 186686; 182120; 0.602017; 0.604337; 0.601793; 0.604593; 0.600737
62.4; 181846; 189068; 0.612344; 0.615043; 0.61262; 0.614789; 0.611725
62.6; 186857; 180465; 0.621345; 0.62264; 0.621054; 0.622928; 0.620484
62.8; 183472; 188668; 0.627953; 0.628818; 0.627501; 0.629319; 0.627434
63; 181991; 178769; 0.632168; 0.633464; 0.632321; 0.633401; 0.632465
63.2; 182414; 183742; 0.634513; 0.635217; 0.634775; 0.635089; 0.635128
63.4; 178130; 176330; 0.634129; 0.633423; 0.634044; 0.633642; 0.634596
63.6; 178150; 179878; 0.629963; 0.628205; 0.629689; 0.628577; 0.630437
63.8; 178932; 176969; 0.62121; 0.620298; 0.621382; 0.620154; 0.622586
64; 179230; 182638; 0.609406; 0.609346; 0.609646; 0.609087; 0.611626
64.2; 181691; 179586; 0.596635; 0.595129; 0.596115; 0.595594; 0.598478
64.4; 181667; 183922; 0.58253; 0.579893; 0.582258; 0.580155; 0.584151
64.6; 183297; 180924; 0.567467; 0.56448; 0.567643; 0.564376; 0.569173
64.8; 182085; 183692; 0.551792; 0.548899; 0.551847; 0.548998; 0.55381
65; 181059; 180606; 0.535823; 0.532843; 0.535611; 0.53323; 0.537824
65.2; 184422; 184273; 0.519475; 0.516498; 0.519468; 0.516639; 0.521355
65.4; 184849; 185791; 0.503225; 0.500251; 0.503464; 0.500076; 0.50486
65.6; 190018; 189635; 0.4888; 0.486328; 0.488511; 0.486569; 0.490064
65.8; 183866; 184883; 0.475983; 0.473968; 0.475232; 0.474631; 0.476906
66; 196436; 200893; 0.46683; 0.464571; 0.466073; 0.465364; 0.467626
66.2; 183318; 173780; 0.45988; 0.459416; 0.459907; 0.459516; 0.460862
66.4; 193592; 200846; 0.454634; 0.454601; 0.455321; 0.453883; 0.45542
66.6; 191803; 192585; 0.452362; 0.45296; 0.45292; 0.452282; 0.45256
66.8; 185303; 185277; 0.453614; 0.452974; 0.453691; 0.453062; 0.453106
67; 197279; 197282; 0.457038; 0.456474; 0.456912; 0.456514; 0.45569
67.2; 185482; 183179; 0.461741; 0.462329; 0.462002; 0.462084; 0.460506
67.4; 195278; 199967; 0.469523; 0.470177; 0.469408; 0.470288; 0.467911
67.6; 190492; 185473; 0.479458; 0.480221; 0.478898; 0.480852; 0.477587
67.8; 194782; 198238; 0.490757; 0.492449; 0.490192; 0.493055; 0.48894
68; 189851; 188016; 0.504053; 0.5068; 0.504081; 0.506696; 0.502379
68.2; 195858; 198545; 0.519756; 0.522786; 0.519934; 0.522504; 0.517915
68.4; 188659; 189089; 0.53746; 0.539892; 0.537174; 0.540154; 0.535303
68.6; 190739; 192371; 0.555454; 0.557986; 0.555203; 0.55832; 0.553524
68.8; 184476; 184404; 0.572506; 0.575846; 0.572825; 0.575706; 0.571243
69; 186733; 184893; 0.588532; 0.591292; 0.588548; 0.591504; 0.58736
69.2; 181929; 184500; 0.602329; 0.604105; 0.602063; 0.604599; 0.601066
69.4; 183564; 183510; 0.612964; 0.614887; 0.612975; 0.615025; 0.612091
69.6; 183857; 187950; 0.621109; 0.623423; 0.621324; 0.623263; 0.620852
69.8; 184607; 179648; 0.627902; 0.629188; 0.627686; 0.629366; 0.627464
70; 182465; 188209; 0.632634; 0.632905; 0.632362; 0.633142; 0.632227
70.2; 179845; 177729; 0.6348; 0.634428; 0.63461; 0.634609; 0.634689
70.4; 181887; 183505; 0.633937; 0.633026; 0.633792; 0.633253; 0.63423
70.6; 175193; 174445; 0.629494; 0.628401; 0.629426; 0.628619; 0.630368
70.8; 181202; 179691; 0.621353; 0.620383; 0.621268; 0.620645; 0.622901
71; 176964; 179240; 0.609843; 0.609486; 0.609927; 0.609555; 0.612154
71.2; 183601; 181155; 0.596697; 0.595823; 0.596796; 0.595806; 0.59902
71.4; 179153; 182360; 0.582501; 0.580429; 0.582382; 0.580555; 0.584431
71.6; 185196; 182651; 0.567553; 0.564547; 0.567309; 0.564749; 0.569122
71.8; 179473; 183508; 0.551793; 0.548702; 0.551803; 0.548657; 0.553452
72; 184735; 182724; 0.535438; 0.532897; 0.535678; 0.532673; 0.537447
72.2; 179416; 185152; 0.519062; 0.516737; 0.519226; 0.516671; 0.521225
72.4; 190230; 184483; 0.503262; 0.500378; 0.503299; 0.500465; 0.50504
72.6; 184257; 187790; 0.489098; 0.486359; 0.489104; 0.486407; 0.490354
72.8; 189517; 185200; 0.476096; 0.473968; 0.476186; 0.473848; 0.477076
73; 193160; 202992; 0.466752; 0.464452; 0.466765; 0.464419; 0.467412
73.2; 183074; 172813; 0.460217; 0.458965; 0.460098; 0.459115; 0.460661
73.4; 194504; 201744; 0.45521; 0.454007; 0.455082; 0.454202; 0.455595
73.6; 187165; 184139; 0.452848; 0.452727; 0.452685; 0.452865; 0.452783
73.8; 192525; 197199; 0.453355; 0.453074; 0.453128; 0.453308; 0.452846
74; 192820; 186625; 0.456869; 0.456536; 0.456704; 0.456702; 0.455721
74.2; 183865; 193137; 0.461939; 0.462189; 0.462165; 0.461992; 0.46059
74.4; 199617; 191135; 0.469609; 0.469942; 0.469676; 0.469878; 0.467802
74.6; 187007; 192898; 0.479555; 0.480097; 0.479403; 0.480267; 0.477504
74.8; 196542; 192170; 0.49047; 0.492667; 0.490682; 0.49244; 0.488831
75; 188938; 196544; 0.503609; 0.50698; 0.503914; 0.506746; 0.502444
75.2; 196426; 192407; 0.519739; 0.522496; 0.519456; 0.522884; 0.518087
75.4; 190168; 190959; 0.53729; 0.539875; 0.53736; 0.539957; 0.535433
75.6; 190421; 191198; 0.555014; 0.558314; 0.555488; 0.557986; 0.553558
75.8; 184640; 183299; 0.572627; 0.575766; 0.572671; 0.575826; 0.571178
76; 185085; 187481; 0.588651; 0.591204; 0.588396; 0.591538; 0.587147
76.2; 181330; 183270; 0.601914; 0.604457; 0.602375; 0.604045; 0.600775
76.4; 188073; 184663; 0.612804; 0.614879; 0.613475; 0.614267; 0.611896
76.6; 179701; 183828; 0.621168; 0.623153; 0.621694; 0.622707; 0.620731
76.8; 187123; 186382; 0.627738; 0.629271; 0.627628; 0.629471; 0.627644
77; 183241; 181422; 0.632388; 0.633076; 0.632244; 0.633349; 0.63242
77.2; 180400; 183240; 0.634439; 0.634887; 0.634849; 0.634585; 0.634879
77.4; 179779; 176807; 0.633434; 0.63372; 0.634265; 0.63294; 0.634294
77.6; 176797; 183658; 0.629164; 0.628927; 0.629739; 0.62838; 0.630298
77.8; 179990; 171174; 0.621427; 0.620618; 0.621359; 0.620649; 0.622765
78; 176035; 185499; 0.610188; 0.609465; 0.609981; 0.609656; 0.612066
78.2; 183113; 174094; 0.596766; 0.595918; 0.597097; 0.595599; 0.599018
78.4; 180402; 190530; 0.582345; 0.580674; 0.582904; 0.580191; 0.584568
78.6; 183878; 177208; 0.567241; 0.56478; 0.567608; 0.564514; 0.569276
78.8; 181725; 187917; 0.551845; 0.548551; 0.551587; 0.548915; 0.553595
79; 183942; 176341; 0.535707; 0.532597; 0.535661; 0.532739; 0.537537
79.2; 181176; 188534; 0.519165; 0.516729; 0.519556; 0.51641; 0.521233
79.4; 188041; 183277; 0.503151; 0.500724; 0.50328; 0.500599; 0.504985
79.6; 184664; 191047; 0.489077; 0.486559; 0.488791; 0.486869; 0.490434
79.8; 190259; 182513; 0.476318; 0.473851; 0.476041; 0.474136; 0.477165
80; 192295; 202642; 0.466703; 0.464387; 0.466856; 0.464245; 0.467371
80.2; 187703; 173870; 0.460127; 0.459112; 0.459994; 0.459189; 0.460609
80.4; 186685; 201039; 0.455327; 0.453998; 0.454718; 0.454554; 0.455459
80.6; 193458; 184560; 0.453083; 0.452245; 0.452355; 0.453003; 0.452719
80.8; 187781; 192379; 0.453525; 0.45289; 0.45313; 0.453261; 0.452799
81; 195092; 197234; 0.456387; 0.456737; 0.456818; 0.456334; 0.455653
81.2; 190316; 183438; 0.461993; 0.462171; 0.462051; 0.462119; 0.460538
81.4; 190632; 200299; 0.46955; 0.469973; 0.469276; 0.470233; 0.46781
81.6; 190553; 184748; 0.47849; 0.480734; 0.478553; 0.48067; 0.477286
81.8; 194233; 198812; 0.489909; 0.492845; 0.490013; 0.49275; 0.488669
82; 192744; 188540; 0.504219; 0.506189; 0.504025; 0.506352; 0.502231
82.2; 192433; 199370; 0.520142; 0.522056; 0.519639; 0.522569; 0.517894
82.4; 192905; 187458; 0.537312; 0.539896; 0.537011; 0.540296; 0.535411
82.6; 188101; 193117; 0.554974; 0.558395; 0.555457; 0.558067; 0.553606
82.8; 187253; 182817; 0.572645; 0.575492; 0.573085; 0.575249; 0.571115
83; 183249; 188614; 0.588871; 0.590659; 0.588803; 0.590914; 0.587169
83.2; 181747; 178895; 0.602099; 0.603804; 0.601665; 0.604361; 0.600643
83.4; 188523; 187958; 0.612412; 0.614821; 0.612464; 0.614831; 0.611676
83.6; 181550; 184848; 0.620977; 0.623103; 0.621292; 0.622816; 0.620585
83.8; 185605; 181746; 0.627826; 0.629134; 0.627613; 0.629354; 0.627442
84; 180435; 188911; 0.632534; 0.633128; 0.632307; 0.633401; 0.632397
84.2; 181762; 174514; 0.634651; 0.634828; 0.634857; 0.634688; 0.634916
84.4; 180132; 183646; 0.633611; 0.633693; 0.634285; 0.633122; 0.634414
84.6; 175359; 176707; 0.629015; 0.628943; 0.629678; 0.62841; 0.630395
84.8; 181978; 178638; 0.621077; 0.6206; 0.621201; 0.620611; 0.622818
85; 178039; 180166; 0.610195; 0.609246; 0.609956; 0.609596; 0.612122
85.2; 181608; 181505; 0.596785; 0.596005; 0.597013; 0.595841; 0.599145
85.4; 181370; 181930; 0.582299; 0.581101; 0.582693; 0.580724; 0.584673
85.6; 181859; 183209; 0.567522; 0.565185; 0.56776; 0.564942; 0.569483
85.8; 183632; 182934; 0.552278; 0.548881; 0.552208; 0.548958; 0.553824
86; 180979; 181931; 0.53589; 0.532976; 0.535901; 0.533005; 0.53773
86.2; 182420; 184577; 0.519271; 0.516969; 0.519529; 0.516778; 0.521415
86.4; 188013; 186514; 0.503148; 0.50092; 0.503574; 0.500589; 0.505231
86.6; 186252; 187162; 0.488972; 0.486743; 0.489075; 0.48667; 0.490447
86.8; 188203; 186164; 0.476372; 0.473885; 0.4761; 0.474164; 0.477222
87; 192797; 199245; 0.466873; 0.464652; 0.466949; 0.464557; 0.467596
87.2; 183692; 178005; 0.46004; 0.459526; 0.460347; 0.459237; 0.460849
87.4; 193197; 196138; 0.454756; 0.454652; 0.455023; 0.454413; 0.455633
87.6; 189429; 190729; 0.452394; 0.453201; 0.452365; 0.453226; 0.452849
87.8; 189367; 189130; 0.452912; 0.453494; 0.452421; 0.453957; 0.452791
88; 195422; 195007; 0.456278; 0.45681; 0.456357; 0.456807; 0.455697
88.2; 185741; 188153; 0.462201; 0.461827; 0.462271; 0.461729; 0.460429
88.4; 195254; 197324; 0.469281; 0.470079; 0.468696; 0.470705; 0.467811
88.6; 190140; 187195; 0.478519; 0.480653; 0.478493; 0.480651; 0.477189
88.8; 193776; 196654; 0.489881; 0.492592; 0.490818; 0.49154; 0.488379
89; 190936; 191970; 0.503622; 0.506381; 0.504021; 0.505917; 0.501958
89.2; 194449; 196104; 0.519391; 0.522124; 0.51903; 0.52258; 0.517716
89.4; 190246; 188682; 0.536862; 0.539681; 0.537227; 0.53954; 0.535245
89.6; 191835; 193374; 0.554912; 0.557987; 0.555934; 0.557246; 0.553493
89.8; 183287; 181941; 0.572488; 0.575413; 0.573093; 0.57504; 0.571087
90; 186867; 188700; 0.588383; 0.591019; 0.588094; 0.591378; 0.586901
90.2; 180525; 180770; 0.601568; 0.604333; 0.601692; 0.604134; 0.600377
90.4; 186334; 190128; 0.612404; 0.614868; 0.612592; 0.614539; 0.611422
90.6; 180607; 181878; 0.621263; 0.62265; 0.620842; 0.622978; 0.62029
90.8; 188121; 186635; 0.627751; 0.628835; 0.627596; 0.629035; 0.627327
91; 182274; 180675; 0.631937; 0.633404; 0.632262; 0.633256; 0.632438
91.2; 179025; 181781; 0.634346; 0.634998; 0.634415; 0.635199; 0.635087
91.4; 179692; 179318; 0.634095; 0.633254; 0.633726; 0.633886; 0.634683
91.6; 178776; 178103; 0.629966; 0.62841; 0.629376; 0.629137; 0.630592
91.8; 177845; 178555; 0.621616; 0.620593; 0.621259; 0.620961; 0.622864
92; 178764; 179411; 0.610016; 0.609768; 0.610163; 0.609545; 0.612065
92.2; 183866; 181229; 0.597; 0.596003; 0.596911; 0.595992; 0.599013
92.4; 178168; 183472; 0.582767; 0.580843; 0.582298; 0.581303; 0.584742
92.6; 185267; 182760; 0.567718; 0.565162; 0.567297; 0.56568; 0.569717
92.8; 180101; 182777; 0.552306; 0.549154; 0.55217; 0.549491; 0.554248
93; 185119; 180521; 0.536245; 0.533116; 0.536544; 0.533037; 0.538243
93.2; 181533; 183081; 0.519672; 0.517074; 0.519744; 0.517183; 0.521804
93.4; 186256; 187638; 0.503521; 0.500933; 0.503177; 0.501339; 0.505361
93.6; 188138; 186483; 0.489266; 0.486641; 0.488627; 0.487175; 0.490409
93.8; 186708; 188207; 0.476583; 0.473955; 0.476235; 0.47413; 0.477095
94; 192768; 200400; 0.466983; 0.46482; 0.467254; 0.464576; 0.467757
94.2; 183357; 172347; 0.460392; 0.459242; 0.45995; 0.459859; 0.461151
94.4; 195422; 201938; 0.45554; 0.453801; 0.454807; 0.454518; 0.455507
94.6; 186976; 191059; 0.45289; 0.452695; 0.452898; 0.452571; 0.452715
94.8; 194922; 183491; 0.452573; 0.453611; 0.453456; 0.452916; 0.452966
95; 189426; 198143; 0.455894; 0.457249; 0.456639; 0.456367; 0.455471
95.2; 190227; 186087; 0.46178; 0.462101; 0.461921; 0.461985; 0.460458
95.4; 192975; 194169; 0.469543; 0.46965; 0.469431; 0.469794; 0.467678
95.6; 191100; 192584; 0.478617; 0.480237; 0.479069; 0.479761; 0.477073
95.8; 192440; 193644; 0.489562; 0.492606; 0.49037; 0.491763; 0.48834
96; 193709; 193930; 0.503388; 0.506176; 0.503588; 0.506022; 0.501889
96.2; 191621; 191119; 0.519321; 0.521782; 0.519011; 0.522223; 0.51757
96.4; 193968; 194378; 0.536742; 0.539492; 0.536757; 0.539676; 0.535018
96.6; 187189; 186552; 0.554739; 0.557829; 0.555145; 0.557612; 0.553238
96.8; 187016; 188792; 0.572257; 0.575465; 0.572362; 0.57548; 0.570833
97; 185491; 182572; 0.588434; 0.590759; 0.588109; 0.59112; 0.586757
97.2; 182787; 187595; 0.601673; 0.603956; 0.601695; 0.603899; 0.60029
97.4; 181577; 181636; 0.612232; 0.614675; 0.61241; 0.614443; 0.611331
97.6; 188909; 184966; 0.620884; 0.622691; 0.620719; 0.62287; 0.620275
97.8; 180981; 187093; 0.627321; 0.629068; 0.627467; 0.629011; 0.627298
98; 186593; 179412; 0.632048; 0.633236; 0.632327; 0.633117; 0.632366
98.2; 179330; 183026; 0.634629; 0.63486; 0.634586; 0.635104; 0.635067
98.4; 179482; 178283; 0.633888; 0.63364; 0.633649; 0.634036; 0.63461
98.6; 176599; 176963; 0.629251; 0.629201; 0.629211; 0.629319; 0.630553
98.8; 181581; 179895; 0.621166; 0.621214; 0.621259; 0.621091; 0.62292
99; 175268; 180072; 0.610585; 0.609463; 0.610324; 0.609608; 0.612107
99.2; 184303; 181542; 0.59758; 0.595729; 0.597132; 0.59605; 0.599125
99.4; 179986; 181812; 0.583173; 0.580777; 0.582648; 0.581273; 0.584883
99.6; 184713; 184054; 0.568022; 0.565189; 0.56749; 0.565828; 0.569883
99.8; 179010; 180688; 0.55234; 0.549375; 0.551946; 0.549973; 0.554397
100; 186901; 181949; 0.536205; 0.533316; 0.536084; 0.533648; 0.538296
100.2; 179050; 183510; 0.519895; 0.51701; 0.52012; 0.516956; 0.521888
100.4; 190321; 188075; 0.503831; 0.500843; 0.503898; 0.500835; 0.505458
100.6; 183649; 185799; 0.489349; 0.486841; 0.489064; 0.487059; 0.490597
100.8; 189231; 185103; 0.476522; 0.474261; 0.476253; 0.474442; 0.477362
101; 193221; 201431; 0.467103; 0.464722; 0.46715; 0.464688; 0.467773
101.2; 183090; 173913; 0.460314; 0.459368; 0.46044; 0.459296; 0.460984
101.4; 194801; 200784; 0.455161; 0.454287; 0.455082; 0.45434; 0.455593
101.6; 188209; 189053; 0.452787; 0.452847; 0.452546; 0.453068; 0.452826
101.8; 194182; 187973; 0.452847; 0.453459; 0.452502; 0.453859; 0.452887
102; 189104; 195117; 0.455721; 0.457243; 0.455896; 0.456986; 0.455438
102.2; 191844; 187358; 0.461141; 0.462559; 0.462113; 0.461613; 0.460359
102.4; 192489; 195412; 0.469579; 0.46965; 0.469236; 0.470017; 0.46772
102.6; 191285; 188847; 0.478954; 0.479801; 0.478082; 0.480647; 0.476979
102.8; 192223; 195934; 0.489396; 0.492305; 0.48954; 0.492132; 0.488137
103; 194412; 191175; 0.503214; 0.50598; 0.503542; 0.505604; 0.501613
103.2; 192191; 196040; 0.519366; 0.521543; 0.519075; 0.521849; 0.517251
103.4; 193242; 189003; 0.536982; 0.538971; 0.536369; 0.539707; 0.53486
103.6; 187762; 192508; 0.554958; 0.55745; 0.554763; 0.557817; 0.553082
103.8; 186676; 184131; 0.572117; 0.575422; 0.572576; 0.575142; 0.570836
104; 184822; 185987; 0.588086; 0.590906; 0.588006; 0.591121; 0.586793
104.2; 182717; 182504; 0.601842; 0.603627; 0.601513; 0.603993; 0.60027
104.4; 184607; 184671; 0.612448; 0.614248; 0.612394; 0.614284; 0.611278
104.6; 185022; 185269; 0.620771; 0.622744; 0.620835; 0.622647; 0.620185
104.8; 181688; 184283; 0.627352; 0.628955; 0.627378; 0.628939; 0.627135
105; 187561; 183514; 0.632019; 0.633258; 0.632094; 0.633253; 0.632243
105.2; 177582; 180140; 0.634327; 0.635171; 0.634412; 0.635246; 0.635024
105.4; 182082; 177002; 0.633518; 0.634135; 0.633606; 0.634241; 0.634724
105.6; 175431; 180249; 0.629403; 0.629367; 0.629499; 0.629439; 0.630846
105.8; 181524; 177903; 0.62147; 0.621095; 0.621491; 0.621146; 0.623125
106; 176471; 178572; 0.610315; 0.60981; 0.61031; 0.609835; 0.612337
106.2; 184580; 181559; 0.597142; 0.596196; 0.597146; 0.596171; 0.599297
106.4; 179250; 182947; 0.582678; 0.581354; 0.5827; 0.581332; 0.584957
106.6; 186056; 182569; 0.56751; 0.565866; 0.567537; 0.56588; 0.569891
106.8; 178613; 182859; 0.551951; 0.550045; 0.551987; 0.550109; 0.554402
107; 185928; 181044; 0.536083; 0.533893; 0.536083; 0.534014; 0.53842
107.2; 178900; 183791; 0.520064; 0.517311; 0.52; 0.517502; 0.522055
107.4; 191078; 187195; 0.504091; 0.500906; 0.504103; 0.500976; 0.505648
107.6; 183105; 188840; 0.489322; 0.486952; 0.489411; 0.48687; 0.490741
107.8; 190202; 184314; 0.476244; 0.474593; 0.476227; 0.474562; 0.477444
108; 193895; 198695; 0.467019; 0.46489; 0.466947; 0.464961; 0.467818
108.2; 182774; 176285; 0.460593; 0.459099; 0.460642; 0.459065; 0.460947
108.4; 196250; 201026; 0.455374; 0.454112; 0.455406; 0.454003; 0.455509
108.6; 184175; 185904; 0.452865; 0.452745; 0.452672; 0.452998; 0.452948
108.8; 199770; 188518; 0.453415; 0.45304; 0.452668; 0.453747; 0.45283
109; 183226; 199172; 0.456545; 0.456168; 0.455838; 0.456882; 0.45544
109.2; 197383; 181384; 0.461851; 0.46202; 0.461941; 0.461876; 0.460308
109.4; 186682; 198927; 0.469462; 0.469609; 0.469459; 0.469605; 0.467627
109.6; 196974; 185687; 0.478751; 0.479902; 0.478006; 0.480563; 0.476848
109.8; 187373; 197191; 0.489759; 0.491746; 0.489377; 0.492129; 0.488097
110; 199049; 190081; 0.502754; 0.506038; 0.503579; 0.505304; 0.501613
110.2; 188364; 198545; 0.518752; 0.521635; 0.519497; 0.52107; 0.517238
110.4; 197835; 186429; 0.537115; 0.538565; 0.537078; 0.538776; 0.534762
110.6; 183904; 194122; 0.555613; 0.556721; 0.55516; 0.557323; 0.553036
110.8; 190305; 179751; 0.572776; 0.574816; 0.572581; 0.575056; 0.570628
111; 180063; 191884; 0.587871; 0.591014; 0.588036; 0.590856; 0.586592
111.2; 188608; 178878; 0.601214; 0.603864; 0.601086; 0.603956; 0.599995
111.4; 180199; 188112; 0.612493; 0.613783; 0.612257; 0.614026; 0.611102
111.6; 188818; 183834; 0.621229; 0.621782; 0.620929; 0.622134; 0.620028
111.8; 182403; 183835; 0.627832; 0.628199; 0.627469; 0.628681; 0.627112
112; 183737; 182075; 0.632319; 0.63292; 0.632039; 0.633351; 0.632336
112.2; 181263; 181974; 0.634352; 0.635298; 0.63459; 0.635191; 0.635061
112.4; 178971; 178106; 0.633803; 0.634115; 0.634167; 0.633832; 0.63468
112.6; 178998; 179210; 0.629664; 0.629263; 0.629823; 0.629146; 0.630715
112.8; 175840; 174219; 0.621565; 0.62101; 0.621552; 0.621063; 0.623098
113; 182679; 184787; 0.610251; 0.609789; 0.61025; 0.609818; 0.612317
113.2; 178518; 176852; 0.597175; 0.596052; 0.597286; 0.595985; 0.59931
113.4; 186898; 187035; 0.583076; 0.580943; 0.583276; 0.580813; 0.585058
113.6; 177710; 178230; 0.568324; 0.565245; 0.568411; 0.565265; 0.570041
113.8; 186788; 185574; 0.552876; 0.549585; 0.552841; 0.549752; 0.554651
114; 180412; 177775; 0.536573; 0.533885; 0.536782; 0.533801; 0.538646
114.2; 183925; 187496; 0.520197; 0.517589; 0.520471; 0.517421; 0.522235
114.4; 185540; 183782; 0.504108; 0.501051; 0.504134; 0.501083; 0.505719
114.6; 188017; 189661; 0.489637; 0.486869; 0.489588; 0.486914; 0.490829
114.8; 187870; 183978; 0.47664; 0.474468; 0.476739; 0.474325; 0.477561
115; 194706; 201061; 0.467198; 0.464979; 0.467197; 0.46498; 0.467952
115.2; 182780; 176597; 0.460809; 0.459297; 0.460755; 0.459397; 0.461216
115.4; 192120; 194854; 0.455849; 0.454032; 0.455808; 0.454029; 0.455717
115.6; 195027; 195148; 0.452642; 0.452518; 0.452851; 0.452281; 0.452646
115.8; 184544; 182068; 0.452812; 0.453506; 0.453224; 0.453199; 0.452918
116; 198576; 198107; 0.455832; 0.457042; 0.456462; 0.45635; 0.455443
116.2; 184375; 185392; 0.461043; 0.462613; 0.461768; 0.461847; 0.460261
116.4; 196941; 197094; 0.468989; 0.470113; 0.469001; 0.470004; 0.467493
116.6; 187005; 189535; 0.478969; 0.479369; 0.4783; 0.480051; 0.476873
116.8; 197695; 192773; 0.489888; 0.491397; 0.489498; 0.491833; 0.487972
117; 190123; 191327; 0.502926; 0.505894; 0.502967; 0.505852; 0.50151
117.2; 198641; 197928; 0.519168; 0.521476; 0.51898; 0.521625; 0.517083
117.4; 186070; 187790; 0.537284; 0.538373; 0.536799; 0.53885; 0.534449
117.6; 192173; 193356; 0.554995; 0.557058; 0.555069; 0.557031; 0.552756
117.8; 185023; 181312; 0.571886; 0.575167; 0.57257; 0.574582; 0.570474
118; 187179; 188349; 0.587872; 0.590522; 0.588123; 0.590397; 0.586459
118.2; 181493; 181108; 0.601619; 0.603087; 0.60104; 0.603773; 0.600015
118.4; 185289; 186365; 0.612424; 0.613724; 0.611939; 0.614273; 0.611109
118.6; 183883; 185112; 0.620614; 0.622546; 0.62092; 0.622254; 0.620051
118.8; 186402; 184752; 0.627324; 0.628999; 0.627703; 0.628608; 0.627114
119; 183062; 183954; 0.632586; 0.632909; 0.632221; 0.633291; 0.632243
119.2; 179538; 179140; 0.635219; 0.634534; 0.634486; 0.635322; 0.635012
119.4; 179742; 180792; 0.634304; 0.633516; 0.633928; 0.634001; 0.634656
119.6; 177926; 174897; 0.629687; 0.629027; 0.629853; 0.62898; 0.630712
119.8; 178652; 178672; 0.62123; 0.621199; 0.621827; 0.62074; 0.62318
120; 180643; 180928; 0.610373; 0.609737; 0.610386; 0.609872; 0.61248
120.2; 179332; 181588; 0.598016; 0.595551; 0.597308; 0.596408; 0.599636
120.4; 184972; 182533; 0.583706; 0.580861; 0.583069; 0.581611; 0.585357
120.6; 179905; 181994; 0.568158; 0.566001; 0.568096; 0.566135; 0.570327
120.8; 185101; 183361; 0.552317; 0.550542; 0.552843; 0.550057; 0.554729
121; 179924; 179835; 0.536424; 0.534184; 0.537022; 0.533646; 0.538633
121.2; 184501; 184176; 0.520417; 0.517312; 0.52013; 0.517701; 0.522189
121.4; 187233; 185094; 0.504095; 0.501131; 0.503382; 0.501954; 0.505816
121.6; 186306; 188747; 0.489208; 0.487388; 0.488796; 0.487843; 0.490966
121.8; 188095; 185494; 0.47635; 0.474879; 0.476433; 0.474764; 0.477657
122; 193860; 199775; 0.467254; 0.464973; 0.467506; 0.464759; 0.468009
122.2; 182582; 176612; 0.460808; 0.459244; 0.460215; 0.459952; 0.461269
122.4; 194925; 196811; 0.455612; 0.454163; 0.455128; 0.454738; 0.455922
122.6; 189364; 189612; 0.452762; 0.452859; 0.453122; 0.452417; 0.45278
122.8; 192861; 189949; 0.452767; 0.4535; 0.453535; 0.452792; 0.452852
123; 191114; 191516; 0.455714; 0.457161; 0.455659; 0.457158; 0.45547
123.2; 190032; 190431; 0.460991; 0.462433; 0.460846; 0.462587; 0.460231
123.4; 193520; 192959; 0.468949; 0.469662; 0.469449; 0.469182; 0.467406
123.6; 190338; 191682; 0.479059; 0.479257; 0.478473; 0.479828; 0.476798
123.8; 195243; 194976; 0.489879; 0.491406; 0.489285; 0.491994; 0.487951
124; 190561; 190231; 0.502732; 0.505925; 0.503073; 0.505585; 0.501395
124.2; 195718; 194921; 0.51862; 0.521617; 0.518699; 0.521565; 0.516984
124.4; 188309; 189556; 0.536527; 0.538639; 0.53597; 0.539275; 0.53437
124.6; 192803; 193084; 0.554609; 0.556966; 0.554583; 0.557093; 0.552593
124.8; 183499; 183248; 0.571996; 0.574659; 0.572692; 0.574088; 0.570298
125; 187466; 186785; 0.587615; 0.590629; 0.588514; 0.589843; 0.586373
125.2; 179640; 180735; 0.601209; 0.603445; 0.601196; 0.603525; 0.599916
125.4; 190602; 186288; 0.612261; 0.613867; 0.611849; 0.614311; 0.611067
125.6; 179933; 184557; 0.620576; 0.622456; 0.620749; 0.622284; 0.619952
125.8; 187095; 186557; 0.627131; 0.628964; 0.627226; 0.62887; 0.627018
126; 182449; 181245; 0.632448; 0.632759; 0.632058; 0.633197; 0.632152
126.2; 179816; 179860; 0.635246; 0.634253; 0.634824; 0.634766; 0.634892
126.4; 180536; 179840; 0.634251; 0.633594; 0.634483; 0.633488; 0.634702
126.6; 176962; 175480; 0.629367; 0.629546; 0.630158; 0.628897; 0.630839
126.8; 180441; 182748; 0.621632; 0.621213; 0.621888; 0.621065; 0.623323
127; 177004; 175257; 0.610884; 0.609731; 0.610476; 0.610199; 0.612632
127.2; 184891; 184829; 0.597454; 0.596561; 0.597535; 0.596478; 0.599637
127.4; 178401; 178865; 0.582838; 0.5819; 0.583456; 0.581281; 0.585317
127.6; 186147; 186359; 0.568033; 0.566141; 0.568553; 0.565663; 0.570272
127.8; 179564; 179155; 0.552982; 0.549836; 0.553013; 0.549927; 0.554806
128; 183744; 185275; 0.537012; 0.533782; 0.536898; 0.534052; 0.538877
128.2; 181743; 179694; 0.520388; 0.517785; 0.520662; 0.517649; 0.522474
128.4; 187994; 190065; 0.504251; 0.501444; 0.504405; 0.501402; 0.506056
128.6; 185031; 185887; 0.489771; 0.487087; 0.48955; 0.487395; 0.491154
128.8; 189371; 185837; 0.476763; 0.474644; 0.476569; 0.474906; 0.477908
129; 194165; 201140; 0.467232; 0.465194; 0.467213; 0.465219; 0.468093
129.2; 180757; 173451; 0.460707; 0.459299; 0.460698; 0.459219; 0.460986
129.4; 197606; 203634; 0.455612; 0.45395; 0.455668; 0.4539; 0.455666
129.6; 185765; 179684; 0.452969; 0.452749; 0.452811; 0.452912; 0.452934
129.8; 195243; 199030; 0.453239; 0.452995; 0.452726; 0.45352; 0.452824
130; 190876; 187890; 0.456628; 0.45619; 0.455912; 0.456917; 0.455443
130.2; 185185; 191083; 0.461457; 0.461899; 0.461768; 0.461606; 0.46027
130.4; 198872; 194272; 0.468618; 0.469703; 0.469045; 0.469272; 0.467183
130.6; 187118; 188511; 0.478767; 0.479462; 0.478195; 0.480009; 0.476784
130.8; 193915; 196338; 0.489997; 0.491179; 0.489149; 0.491996; 0.487879
131; 190940; 193284; 0.502865; 0.505511; 0.502785; 0.505634; 0.501286
131.2; 195958; 192682; 0.518296; 0.52163; 0.518807; 0.521226; 0.51696
131.4; 190640; 190795; 0.536167; 0.538638; 0.536003; 0.538961; 0.534269
131.6; 190278; 191943; 0.554497; 0.556639; 0.553934; 0.557358; 0.552469
131.8; 185435; 183629; 0.571857; 0.574433; 0.571956; 0.574449; 0.570103
132; 185494; 186473; 0.587461; 0.590465; 0.588292; 0.589696; 0.586141
132.2; 182971; 181664; 0.601054; 0.603534; 0.601546; 0.603028; 0.599769
132.4; 183986; 186241; 0.612134; 0.614078; 0.6119; 0.614289; 0.611015
132.6; 185072; 184192; 0.620523; 0.622623; 0.620518; 0.622627; 0.620036
132.8; 184743; 187617; 0.62726; 0.628984; 0.627625; 0.628688; 0.627176
133; 183753; 183852; 0.63229; 0.632884; 0.632325; 0.632988; 0.632236
133.2; 179401; 176640; 0.634961; 0.634435; 0.63451; 0.635039; 0.63493
133.4; 179340; 183147; 0.634489; 0.63321; 0.633878; 0.633968; 0.634656
133.6; 178277; 174378; 0.629837; 0.629071; 0.629528; 0.629467; 0.63076
133.8; 177467; 180672; 0.621599; 0.621589; 0.621761; 0.621408; 0.623323
134; 181102; 180944; 0.610836; 0.610287; 0.610848; 0.610223; 0.612735
134.2; 178365; 179947; 0.597816; 0.596723; 0.597545; 0.596947; 0.599832
134.4; 184521; 184137; 0.583384; 0.581827; 0.583537; 0.581705; 0.585589
134.6; 180273; 179457; 0.568221; 0.566189; 0.568837; 0.565696; 0.570518
134.8; 183315; 184884; 0.552688; 0.550159; 0.553024; 0.550006; 0.554913
135; 183204; 180219; 0.53698; 0.533742; 0.536635; 0.534271; 0.538868
135.2; 181295; 184595; 0.520581; 0.517617; 0.520253; 0.518057; 0.522449
135.4; 186433; 186379; 0.504116; 0.501791; 0.504255; 0.501699; 0.506078
135.6; 188516; 186935; 0.489535; 0.487782; 0.489989; 0.487355; 0.491325
135.8; 184205; 187106; 0.476671; 0.475029; 0.477024; 0.474735; 0.478035
136; 197884; 196698; 0.467293; 0.464947; 0.467159; 0.465106; 0.468003
136.2; 179741; 181252; 0.460464; 0.459492; 0.460448; 0.459494; 0.461082
136.4; 195503; 196681; 0.455236; 0.454467; 0.455456; 0.454312; 0.455844
136.6; 188130; 186804; 0.452766; 0.452808; 0.453041; 0.452511; 0.452832
136.8; 190501; 191616; 0.453458; 0.452854; 0.453526; 0.452799; 0.452829
137; 194440; 193578; 0.456588; 0.455807; 0.456425; 0.455953; 0.455264
137.2; 186460; 187539; 0.461161; 0.461968; 0.461523; 0.461607; 0.460028
137.4; 196981; 196003; 0.468882; 0.469641; 0.469242; 0.469277; 0.467363
137.6; 186994; 190416; 0.478616; 0.479098; 0.478157; 0.479553; 0.476528
137.8; 196051; 194476; 0.489521; 0.491186; 0.488968; 0.491766; 0.487668
138; 189977; 192756; 0.502633; 0.505472; 0.502743; 0.505371; 0.501184
138.2; 195786; 196303; 0.518324; 0.521372; 0.518794; 0.520883; 0.516612
138.4; 190302; 189423; 0.53627; 0.538466; 0.536458; 0.538285; 0.534036
138.6; 192009; 193193; 0.554594; 0.556563; 0.554473; 0.556726; 0.552335
138.8; 182413; 182003; 0.571906; 0.574314; 0.571548; 0.574748; 0.569972
139; 184943; 187194; 0.587387; 0.590251; 0.58769; 0.590041; 0.586072
139.2; 183830; 183660; 0.600667; 0.603425; 0.601029; 0.603153; 0.599663
139.4; 184036; 185821; 0.611827; 0.613845; 0.611516; 0.614243; 0.610903
139.6; 184926; 183711; 0.620487; 0.622268; 0.620598; 0.622231; 0.619927
139.8; 185596; 186268; 0.627166; 0.628916; 0.627383; 0.628758; 0.627094
140; 180982; 182030; 0.63226; 0.633036; 0.631891; 0.63345; 0.63217
140.2; 182174; 181175; 0.634792; 0.634954; 0.63474; 0.635045; 0.634944
140.4; 176778; 181010; 0.634023; 0.634019; 0.634496; 0.633604; 0.634731
140.6; 179488; 178742; 0.629431; 0.629763; 0.630311; 0.628961; 0.630856
140.8; 177481; 178379; 0.621815; 0.62136; 0.622309; 0.620947; 0.623455
141; 181032; 178426; 0.610809; 0.61012; 0.610683; 0.610284; 0.612759
141.2; 178714; 181871; 0.597631; 0.596791; 0.597647; 0.596767; 0.599845
141.4; 183779; 182917; 0.583327; 0.582005; 0.58386; 0.581489; 0.585634
141.6; 180493; 182483; 0.568172; 0.566703; 0.569016; 0.565925; 0.570633
141.8; 184644; 184028; 0.552841; 0.550717; 0.553324; 0.550354; 0.555202
142; 180044; 179591; 0.537294; 0.534161; 0.537097; 0.534521; 0.539207
142.2; 184384; 186593; 0.520931; 0.517845; 0.520864; 0.518076; 0.522809
142.4; 184141; 184622; 0.504239; 0.501871; 0.504712; 0.501512; 0.506262
142.6; 190957; 191137; 0.489865; 0.487412; 0.490024; 0.487359; 0.491406
142.8; 182923; 179953; 0.477199; 0.474582; 0.477012; 0.474854; 0.478099
143; 199336; 205115; 0.467385; 0.465406; 0.467548; 0.465247; 0.468278
143.2; 177043; 174541; 0.460868; 0.459608; 0.460491; 0.459931; 0.461285
143.4; 198109; 198121; 0.455769; 0.454096; 0.454939; 0.454983; 0.455898
143.6; 187475; 189671; 0.452782; 0.452631; 0.452368; 0.453093; 0.452879
143.8; 189295; 186942; 0.452838; 0.453355; 0.453247; 0.452812; 0.452579
144; 194159; 199441; 0.455753; 0.456844; 0.456685; 0.456037; 0.455527
144.2; 187310; 183131; 0.46126; 0.461873; 0.461156; 0.461955; 0.46009
144.4; 196819; 202144; 0.469069; 0.469045; 0.468537; 0.469587; 0.467092
144.6; 185106; 183592; 0.478353; 0.479498; 0.478669; 0.479151; 0.476611
144.8; 198556; 199786; 0.489057; 0.491886; 0.489891; 0.491034; 0.487728
145; 187169; 186992; 0.502582; 0.505517; 0.502824; 0.50534; 0.501213
145.2; 199800; 198521; 0.518652; 0.520777; 0.518098; 0.521465; 0.516753
145.4; 185598; 188260; 0.535881; 0.538087; 0.535587; 0.538525; 0.533799
145.6; 195867; 193932; 0.55367; 0.556478; 0.553862; 0.556392; 0.551936
145.8; 180354; 182706; 0.571045; 0.574366; 0.571287; 0.574153; 0.56954
146; 189496; 188442; 0.587366; 0.589951; 0.587046; 0.590233; 0.585693
146.2; 178569; 182028; 0.600857; 0.603422; 0.600838; 0.603396; 0.599591
146.4; 185665; 185624; 0.611908; 0.614183; 0.612054; 0.614016; 0.610934
146.6; 184160; 184997; 0.620723; 0.622317; 0.620699; 0.622403; 0.620023
146.8; 182444; 185580; 0.627157; 0.628831; 0.627156; 0.628946; 0.627098
147; 186608; 185215; 0.631733; 0.63314; 0.631876; 0.633135; 0.632096
147.2; 177374; 176198; 0.634355; 0.63473; 0.634352; 0.634855; 0.634732
147.4; 183708; 183714; 0.633919; 0.633664; 0.633825; 0.633855; 0.63452
147.6; 173711; 175336; 0.629905; 0.629198; 0.62967; 0.629496; 0.630809
147.8; 181123; 180580; 0.622052; 0.621503; 0.621874; 0.621715; 0.623572
148; 175899; 177392; 0.610934; 0.610688; 0.611106; 0.610557; 0.613099
148.2; 184012; 183816; 0.597898; 0.597148; 0.597862; 0.597278; 0.600273
148.4; 179637; 180536; 0.583824; 0.58184; 0.58367; 0.582153; 0.585981
148.6; 184655; 183893; 0.568975; 0.565978; 0.568921; 0.566205; 0.570825
148.8; 181233; 181390; 0.553214; 0.550271; 0.553494; 0.550143; 0.555197
149; 183587; 183570; 0.53714; 0.534273; 0.537242; 0.534267; 0.539105
149.2; 181672; 183165; 0.52109; 0.517848; 0.520934; 0.518046; 0.522707
149.4; 186803; 186950; 0.504762; 0.501887; 0.504847; 0.501815; 0.506387
149.6; 185890; 188280; 0.490041; 0.487791; 0.490238; 0.487619; 0.491587
149.8; 185977; 181673; 0.47722; 0.474895; 0.477204; 0.474949; 0.478237
150; 197110; 204698; 0.467559; 0.465069; 0.467529; 0.465164; 0.468237
150.2; 180911; 173518; 0.460521; 0.459859; 0.460696; 0.459688; 0.461332
150.4; 196375; 199367; 0.454747; 0.455106; 0.454975; 0.454908; 0.455872
150.6; 186989; 190492; 0.452456; 0.453155; 0.452299; 0.453315; 0.452937
150.8; 191638; 184172; 0.45306; 0.45317; 0.45258; 0.453618; 0.452725
151; 188174; 200879; 0.456548; 0.455841; 0.455921; 0.456488; 0.45532
151.2; 195118; 183367; 0.461448; 0.461485; 0.461725; 0.461206; 0.459968
151.4; 190683; 199954; 0.468172; 0.469911; 0.46821; 0.469849; 0.467097
151.6; 192413; 184696; 0.477518; 0.479921; 0.477319; 0.480089; 0.476407
151.8; 189640; 200131; 0.488955; 0.491444; 0.489339; 0.491076; 0.487528
152; 196857; 187533; 0.502385; 0.505269; 0.503289; 0.50441; 0.500947
152.2; 190527; 198405; 0.518097; 0.520762; 0.518649; 0.52031; 0.5164
152.4; 192853; 187581; 0.535721; 0.538004; 0.535674; 0.538188; 0.533687
152.6; 190487; 193169; 0.55417; 0.55606; 0.553584; 0.556764; 0.55196
152.8; 183961; 183467; 0.571634; 0.57383; 0.571228; 0.574304; 0.569629
153; 187057; 189383; 0.586986; 0.590275; 0.587234; 0.590043; 0.585731
153.2; 180695; 178992; 0.600928; 0.603108; 0.600799; 0.603222; 0.599504
153.4; 187298; 189652; 0.612249; 0.613479; 0.611698; 0.61401; 0.610748
153.6; 181460; 181214; 0.620614; 0.622085; 0.620252; 0.622459; 0.619797
153.8; 186023; 189130; 0.626922; 0.62877; 0.627307; 0.628456; 0.626901
154; 180616; 180151; 0.632001; 0.632847; 0.632329; 0.632604; 0.631979
154.2; 184853; 182241; 0.634827; 0.634471; 0.634793; 0.634628; 0.63483
154.4; 175549; 180553; 0.634528; 0.633235; 0.63414; 0.633789; 0.634694
154.6; 180686; 175400; 0.630212; 0.629226; 0.629928; 0.629598; 0.631001
154.8; 176462; 181949; 0.622075; 0.621771; 0.62206; 0.621821; 0.623712
155; 179731; 175504; 0.611351; 0.610499; 0.611348; 0.610471; 0.613107
155.2; 182041; 186056; 0.598536; 0.596874; 0.598432; 0.596932; 0.600265
155.4; 181340; 180377; 0.584219; 0.581817; 0.583997; 0.582035; 0.585945
155.6; 182291; 184421; 0.569181; 0.566084; 0.569042; 0.56631; 0.570866
155.8; 183057; 178989; 0.553218; 0.550477; 0.553541; 0.550309; 0.555294
156; 181815; 184657; 0.537123; 0.534414; 0.53733; 0.534409; 0.539324
156.2; 183364; 181226; 0.521157; 0.517912; 0.521074; 0.51815; 0.522918
156.4; 186770; 187335; 0.504994; 0.501812; 0.505057; 0.501824; 0.506556
156.6; 188531; 188935; 0.490339; 0.487765; 0.490317; 0.487751; 0.491626
156.8; 181770; 186178; 0.477415; 0.474983; 0.477265; 0.475025; 0.478189
157; 198468; 199026; 0.467455; 0.465196; 0.467491; 0.465169; 0.46816
157.2; 183426; 178498; 0.460788; 0.459688; 0.460912; 0.459641; 0.461509
157.4; 191673; 195104; 0.455653; 0.454653; 0.455701; 0.454546; 0.455946
157.6; 189526; 197288; 0.453192; 0.452367; 0.453169; 0.45234; 0.452804
157.8; 193583; 178901; 0.453437; 0.452468; 0.453421; 0.452564; 0.452703
158; 189195; 203779; 0.456187; 0.456238; 0.456072; 0.456278; 0.455232
158.2; 189536; 178391; 0.461189; 0.461678; 0.461069; 0.461805; 0.459931
158.4; 193880; 203226; 0.468844; 0.468988; 0.468856; 0.469006; 0.467083
158.6; 190942; 182042; 0.478447; 0.478951; 0.478521; 0.478882; 0.476347
158.8; 191970; 202272; 0.489485; 0.490764; 0.489297; 0.490937; 0.487418
159; 194162; 189511; 0.502549; 0.504685; 0.502181; 0.505008; 0.500652
159.2; 190005; 195463; 0.517685; 0.520891; 0.517775; 0.52084; 0.516147
159.4; 194050; 189288; 0.534966; 0.53832; 0.535227; 0.538201; 0.533525
159.6; 188456; 191941; 0.553556; 0.556074; 0.553427; 0.55641; 0.551782
159.8; 188135; 186224; 0.571538; 0.573535; 0.571339; 0.573951; 0.569606
160; 180342; 184473; 0.587471; 0.589413; 0.587208; 0.589832; 0.585747
160.2; 187191; 185053; 0.600642; 0.603133; 0.600562; 0.603262; 0.599424
160.4; 181103; 182480; 0.611514; 0.613926; 0.611763; 0.613646; 0.6106
160.6; 186704; 189029; 0.620459; 0.622012; 0.620507; 0.621925; 0.619613
160.8; 181616; 181196; 0.626929; 0.628697; 0.626806; 0.628804; 0.62673
161; 186922; 188586; 0.631686; 0.633044; 0.631806; 0.633011; 0.631941
161.2; 177718; 176036; 0.634585; 0.63464; 0.634716; 0.634652; 0.634837
161.4; 184427; 181341; 0.63434; 0.633537; 0.634478; 0.63356; 0.634711
161.6; 172266; 178202; 0.630634; 0.628777; 0.630689; 0.628857; 0.631045
161.8; 181722; 178387; 0.622634; 0.621253; 0.622579; 0.62134; 0.623697
162; 176972; 179179; 0.611198; 0.610799; 0.611157; 0.610827; 0.613203
162.2; 183238; 180774; 0.598118; 0.597442; 0.598129; 0.597394; 0.600362
162.4; 178668; 184068; 0.583842; 0.58246; 0.583797; 0.582488; 0.586065
162.6; 186399; 181424; 0.568903; 0.566771; 0.56879; 0.566921; 0.571006
162.8; 179144; 184757; 0.553742; 0.550498; 0.553601; 0.550745; 0.55551
163; 185413; 178320; 0.537733; 0.534389; 0.537919; 0.534336; 0.539459
163.2; 180379; 187031; 0.521076; 0.51843; 0.521119; 0.518551; 0.523203
163.4; 188229; 183750; 0.504894; 0.502164; 0.504539; 0.502617; 0.506707
163.6; 188287; 192467; 0.490584; 0.487673; 0.490125; 0.488148; 0.491811
163.8; 183061; 179291; 0.477398; 0.4753; 0.477506; 0.475134; 0.478362
164; 197641; 203828; 0.467488; 0.465486; 0.467617; 0.465379; 0.46841
164.2; 180770; 174489; 0.460919; 0.459375; 0.460666; 0.459699; 0.461379
164.4; 197217; 200885; 0.455937; 0.45413; 0.455631; 0.454503; 0.456067
164.6; 183596; 184125; 0.452699; 0.453048; 0.453091; 0.452592; 0.452834
164.8; 194842; 192924; 0.452523; 0.453585; 0.453356; 0.452743; 0.452738
165; 189512; 192880; 0.45602; 0.456138; 0.455999; 0.456176; 0.455233
165.2; 193545; 188887; 0.461351; 0.461385; 0.46134; 0.461389; 0.459788
165.4; 188415; 194624; 0.468516; 0.468964; 0.468553; 0.468894; 0.46687
165.6; 195960; 192974; 0.477794; 0.479056; 0.477424; 0.47943; 0.476084
165.8; 188281; 189728; 0.489427; 0.490633; 0.488663; 0.491466; 0.487429
166; 196487; 195970; 0.502975; 0.504218; 0.502395; 0.504821; 0.500757
166.2; 190623; 193942; 0.517864; 0.520593; 0.51782; 0.520668; 0.51605
166.4; 192771; 188966; 0.534811; 0.538397; 0.535034; 0.538221; 0.533352
166.6; 189518; 193431; 0.553584; 0.555707; 0.553251; 0.556116; 0.551428
166.8; 186133; 182464; 0.571627; 0.572831; 0.570757; 0.573775; 0.569093
167; 182855; 188774; 0.587164; 0.589103; 0.586753; 0.589596; 0.585346
167.2; 186176; 181705; 0.600122; 0.603081; 0.600641; 0.602629; 0.59917
167.4; 181980; 187204; 0.611475; 0.613686; 0.611602; 0.613593; 0.610548
167.6; 187927; 183766; 0.620612; 0.621836; 0.620061; 0.622383; 0.619654
167.8; 180702; 186110; 0.62723; 0.628544; 0.627239; 0.628564; 0.626828
168; 185859; 181046; 0.631814; 0.633113; 0.63247; 0.632531; 0.632015
168.2; 177534; 182716; 0.634518; 0.634773; 0.635105; 0.634306; 0.634818
168.4; 183029; 177224; 0.634193; 0.633617; 0.634349; 0.633599; 0.634646
168.6; 175668; 180700; 0.630577; 0.628849; 0.63022; 0.629331; 0.631049
168.8; 180384; 176775; 0.622895; 0.621059; 0.622617; 0.621404; 0.623779
169; 176021; 180718; 0.611471; 0.610771; 0.611679; 0.610575; 0.613339
169.2; 184695; 179960; 0.598311; 0.597676; 0.598328; 0.597608; 0.60057
169.4; 177936; 183766; 0.584366; 0.5823; 0.583917; 0.582766; 0.586259
169.6; 186658; 181222; 0.569525; 0.566413; 0.569182; 0.566841; 0.571208
169.8; 179257; 183781; 0.553684; 0.550778; 0.55398; 0.550642; 0.555677
170; 185379; 182250; 0.537491; 0.534861; 0.53772; 0.534822; 0.539671
170.2; 179890; 181708; 0.521429; 0.518375; 0.521151; 0.518813; 0.523344
170.4; 188820; 188103; 0.505352; 0.502102; 0.505051; 0.502492; 0.506912
170.6; 186724; 186573; 0.490477; 0.488231; 0.490757; 0.487926; 0.491966
170.8; 182200; 186444; 0.477388; 0.475563; 0.477687; 0.4752; 0.478519
171; 199886; 199864; 0.46785; 0.465214; 0.467606; 0.465481; 0.468422
171.2; 179738; 175870; 0.460457; 0.460197; 0.460647; 0.460067; 0.461556
171.4; 196207; 198372; 0.45496; 0.455276; 0.455075; 0.455191; 0.456103
171.6; 186510; 190544; 0.452557; 0.453064; 0.452312; 0.45327; 0.452875
171.8; 192165; 187042; 0.452976; 0.453062; 0.453177; 0.452888; 0.452745
172; 189535; 194511; 0.45632; 0.455959; 0.456584; 0.455689; 0.455196
172.2; 192145; 187136; 0.461525; 0.46094; 0.461192; 0.461241; 0.459716
172.4; 195020; 196797; 0.467988; 0.469545; 0.468641; 0.468914; 0.466897
172.6; 189262; 187769; 0.477107; 0.47989; 0.477907; 0.479038; 0.476151
172.8; 193620; 198114; 0.488804; 0.490956; 0.488657; 0.491026; 0.487085
173; 191535; 190134; 0.502762; 0.504163; 0.501947; 0.504942; 0.500509
173.2; 193878; 196932; 0.518386; 0.519647; 0.517822; 0.520303; 0.515967
173.4; 191683; 189589; 0.535343; 0.537238; 0.535409; 0.537362; 0.533204
173.6; 189570; 192536; 0.553076; 0.555823; 0.553816; 0.555287; 0.551413
173.8; 187233; 183424; 0.570533; 0.573764; 0.571412; 0.573031; 0.569114
174; 182265; 187302; 0.586801; 0.589454; 0.586933; 0.589352; 0.585252
174.2; 186296; 181845; 0.60035; 0.602946; 0.600077; 0.603161; 0.599053
174.4; 182146; 186453; 0.611357; 0.613846; 0.611793; 0.61331; 0.610366
174.6; 186223; 184836; 0.620137; 0.622229; 0.620723; 0.62157; 0.619507
174.8; 181794; 182720; 0.626923; 0.628519; 0.627032; 0.628442; 0.626687
175; 184549; 184851; 0.631864; 0.63271; 0.631553; 0.633169; 0.631939
