0.004; 10206.2; 4947.71; 3.18843e-05; 3.17886e-05; 3.18783e-05; 3.17784e-05; 3.10178e-05
0.2; 72068.1; 63209.8; 0.0239655; 0.0220765; 0.023971; 0.0220768; 0.0229976
0.4; 91238.6; 107059; 0.130738; 0.132267; 0.130785; 0.132274; 0.131739
0.6; 63483.1; 60068.2; 0.281064; 0.281429; 0.281097; 0.28152; 0.282246
0.8; 76629.1; 78376.9; 0.436971; 0.434756; 0.437053; 0.434804; 0.437022
1; 82066.5; 85109.5; 0.567845; 0.565765; 0.567809; 0.565882; 0.568691
1.2; 88543; 94314.6; 0.642933; 0.639795; 0.642887; 0.639938; 0.644497
1.4; 104542; 106552; 0.649714; 0.646194; 0.649871; 0.646375; 0.653135
1.6; 119632; 123292; 0.594357; 0.591211; 0.594107; 0.591527; 0.598327
1.8; 145281; 145188; 0.512222; 0.508836; 0.511934; 0.508806; 0.51571
2; 164964; 164645; 0.453934; 0.451979; 0.453976; 0.451627; 0.456468
2.2; 165662; 168277; 0.454739; 0.45434; 0.455847; 0.453323; 0.45706
2.4; 146010; 146458; 0.491933; 0.491638; 0.492931; 0.49084; 0.492893
2.6; 131007; 131600; 0.519921; 0.518877; 0.519405; 0.519634; 0.519821
2.8; 129881; 130060; 0.515798; 0.517541; 0.516095; 0.517366; 0.516186
3; 130389; 134941; 0.489683; 0.488855; 0.489531; 0.488912; 0.487542
3.2; 137098; 138910; 0.464335; 0.467665; 0.464191; 0.467597; 0.462813
3.4; 134688; 141037; 0.476906; 0.480985; 0.476615; 0.481086; 0.474445
3.6; 118719; 117977; 0.522165; 0.524168; 0.522125; 0.52422; 0.518069
3.8; 114168; 113250; 0.563078; 0.567355; 0.563081; 0.567686; 0.561084
4; 117015; 111320; 0.58607; 0.589184; 0.587064; 0.58871; 0.583661
4.2; 120763; 118568; 0.589383; 0.590802; 0.588598; 0.592019; 0.586546
4.4; 131705; 130731; 0.581624; 0.586009; 0.581947; 0.585791; 0.579926
4.6; 147191; 145544; 0.590899; 0.594031; 0.591855; 0.59293; 0.589286
4.8; 132326; 136087; 0.620764; 0.623176; 0.620151; 0.623598; 0.61917
5; 102762; 116820; 0.648354; 0.648859; 0.648549; 0.648654; 0.647282
5.2; 98035.2; 97590.5; 0.655845; 0.654508; 0.655912; 0.654618; 0.65531
5.4; 96346.9; 96886.6; 0.63915; 0.639961; 0.639181; 0.640138; 0.641298
5.6; 107898; 107016; 0.612493; 0.61004; 0.612712; 0.610011; 0.614292
5.8; 127676; 123904; 0.592201; 0.588202; 0.592139; 0.588154; 0.593816
6; 124419; 122859; 0.586041; 0.582457; 0.58612; 0.582048; 0.588282
6.2; 114679; 118530; 0.578993; 0.576615; 0.579517; 0.575748; 0.582256
6.4; 113676; 112257; 0.562891; 0.560285; 0.563271; 0.559783; 0.566329
6.6; 116024; 118528; 0.537278; 0.532459; 0.537248; 0.532608; 0.539826
6.8; 129464; 128681; 0.5064; 0.503064; 0.506867; 0.502843; 0.509426
7; 142906; 138208; 0.487592; 0.484766; 0.487951; 0.484464; 0.489371
7.2; 130649; 130981; 0.487408; 0.485055; 0.486803; 0.485442; 0.488279
7.4; 119047; 120043; 0.492065; 0.489984; 0.491459; 0.490395; 0.492332
7.6; 122392; 119645; 0.487434; 0.486265; 0.487732; 0.486146; 0.487565
7.8; 136331; 133083; 0.476147; 0.477226; 0.476549; 0.477303; 0.476344
8; 149334; 146893; 0.473299; 0.474862; 0.473723; 0.474783; 0.472385
8.2; 147041; 146060; 0.486421; 0.488514; 0.486937; 0.488013; 0.484111
8.4; 135291; 132391; 0.507945; 0.508776; 0.507691; 0.508765; 0.504369
8.6; 134869; 132780; 0.523213; 0.526818; 0.522952; 0.526744; 0.520748
8.8; 134955; 134743; 0.533758; 0.538166; 0.533657; 0.538129; 0.531508
9; 160759; 154036; 0.5437; 0.548083; 0.5438; 0.548174; 0.541137
9.2; 161096; 161579; 0.565913; 0.569754; 0.566112; 0.569636; 0.562946
9.4; 138438; 136149; 0.595399; 0.599185; 0.595537; 0.598927; 0.592767
9.6; 132174; 130149; 0.617528; 0.620571; 0.617177; 0.620761; 0.6155
9.8; 135270; 138378; 0.628035; 0.629156; 0.627708; 0.629512; 0.626163
10; 143899; 135352; 0.627258; 0.626728; 0.627482; 0.626702; 0.626229
10.2; 162840; 161326; 0.624792; 0.625579; 0.624696; 0.62576; 0.625705
10.4; 138928; 137402; 0.62722; 0.627445; 0.627138; 0.627367; 0.628725
10.6; 134470; 133434; 0.624854; 0.621977; 0.624163; 0.62241; 0.625752
10.8; 133943; 134676; 0.61001; 0.607637; 0.610372; 0.607083; 0.612179
11; 143497; 140710; 0.586228; 0.584598; 0.587204; 0.583623; 0.589655
11.2; 149664; 148115; 0.560264; 0.556719; 0.559913; 0.557164; 0.563411
11.4; 165970; 167740; 0.537245; 0.532516; 0.536345; 0.533589; 0.540127
11.6; 157687; 147958; 0.522279; 0.519057; 0.522723; 0.518726; 0.52507
11.8; 148405; 147845; 0.51343; 0.509684; 0.513437; 0.509695; 0.51525
12; 150387; 150861; 0.50243; 0.499234; 0.501509; 0.500166; 0.504394
12.2; 155536; 151158; 0.488928; 0.486012; 0.488416; 0.486523; 0.49036
12.4; 170738; 171030; 0.477746; 0.476342; 0.478075; 0.476014; 0.478277
12.6; 162173; 160943; 0.47552; 0.474668; 0.475607; 0.474623; 0.475255
12.8; 161007; 158218; 0.480124; 0.479266; 0.479938; 0.47952; 0.478938
13; 159078; 158844; 0.485443; 0.486193; 0.485765; 0.485988; 0.484374
13.2; 166170; 161319; 0.489829; 0.49339; 0.490177; 0.493239; 0.48882
13.4; 170252; 166721; 0.498122; 0.501674; 0.497919; 0.502006; 0.496094
13.6; 171931; 175622; 0.512072; 0.51535; 0.512564; 0.514864; 0.509685
13.8; 160580; 153341; 0.529969; 0.533976; 0.530982; 0.532885; 0.527355
14; 169243; 172600; 0.548077; 0.552381; 0.54819; 0.552252; 0.545465
14.2; 172783; 161882; 0.566305; 0.570428; 0.566417; 0.570441; 0.563657
14.4; 172223; 179269; 0.587469; 0.591969; 0.588639; 0.590939; 0.58541
14.6; 157918; 149049; 0.609074; 0.611374; 0.608436; 0.611939; 0.606294
14.8; 153811; 159821; 0.622953; 0.623499; 0.622312; 0.624044; 0.620535
15; 165384; 154646; 0.626876; 0.628403; 0.627996; 0.62729; 0.626672
15.2; 169490; 175427; 0.628331; 0.629418; 0.628253; 0.629596; 0.629404
15.4; 151753; 141395; 0.626558; 0.626498; 0.627048; 0.625966; 0.628317
15.6; 157776; 161696; 0.616972; 0.615898; 0.617088; 0.615591; 0.618989
15.8; 158135; 155692; 0.601121; 0.598012; 0.600189; 0.598763; 0.602877
16; 164773; 159579; 0.581045; 0.576953; 0.580603; 0.577327; 0.583125
16.2; 169336; 169310; 0.55943; 0.556982; 0.560332; 0.55609; 0.562772
16.4; 175285; 172780; 0.540456; 0.537742; 0.541116; 0.537207; 0.544233
16.6; 179874; 179167; 0.526213; 0.52212; 0.526182; 0.522259; 0.529105
16.8; 162393; 159224; 0.514078; 0.51019; 0.514065; 0.510202; 0.516025
17; 174512; 170529; 0.499395; 0.496328; 0.499436; 0.496216; 0.500909
17.2; 181989; 180922; 0.486302; 0.48319; 0.486201; 0.483229; 0.487215
17.4; 187261; 188197; 0.479044; 0.477651; 0.479343; 0.477382; 0.480087
17.6; 179380; 171963; 0.478191; 0.478879; 0.47888; 0.478285; 0.478973
17.8; 170674; 173200; 0.480012; 0.481674; 0.481011; 0.480769; 0.479869
18; 183145; 174520; 0.482109; 0.483293; 0.482578; 0.482879; 0.480685
18.2; 198000; 201289; 0.487537; 0.488136; 0.487244; 0.488381; 0.484828
18.4; 183342; 180448; 0.499252; 0.501173; 0.499399; 0.501089; 0.496425
18.6; 185640; 182735; 0.514446; 0.518408; 0.515194; 0.517839; 0.512276
18.8; 175031; 177415; 0.530902; 0.535278; 0.531217; 0.535224; 0.529042
19; 191618; 180930; 0.546792; 0.550673; 0.546786; 0.55094; 0.544492
19.2; 199847; 206776; 0.564426; 0.568903; 0.564318; 0.569131; 0.561798
19.4; 190528; 185910; 0.589008; 0.592867; 0.588757; 0.59296; 0.5864
19.6; 161127; 155290; 0.610593; 0.613388; 0.610366; 0.613368; 0.607776
19.8; 174381; 175958; 0.624166; 0.62476; 0.624063; 0.624743; 0.621529
20; 174469; 167317; 0.627013; 0.627883; 0.627333; 0.627647; 0.626514
20.2; 195244; 197310; 0.627233; 0.628419; 0.627428; 0.628334; 0.628267
20.4; 156345; 158915; 0.627161; 0.627174; 0.628207; 0.626036; 0.628846
20.6; 173143; 166337; 0.6195; 0.618379; 0.619759; 0.617908; 0.621518
20.8; 166756; 172163; 0.603577; 0.601298; 0.602927; 0.601717; 0.60585
21; 173125; 170408; 0.582396; 0.578641; 0.5822; 0.578709; 0.584581
21.2; 181556; 180313; 0.559731; 0.555396; 0.559845; 0.555326; 0.562221
21.4; 196190; 192542; 0.538816; 0.534902; 0.538584; 0.535336; 0.542027
21.6; 191816; 192589; 0.524111; 0.519842; 0.523646; 0.52052; 0.526928
21.8; 178057; 170053; 0.512465; 0.508706; 0.512543; 0.508669; 0.514392
22; 183880; 188564; 0.499442; 0.496276; 0.499309; 0.496274; 0.500915
22.2; 190849; 187911; 0.48718; 0.484208; 0.487041; 0.484307; 0.488344
22.4; 209493; 211260; 0.479958; 0.477782; 0.480264; 0.47774; 0.480804
22.6; 183392; 179035; 0.4781; 0.477396; 0.47787; 0.477954; 0.478372
22.8; 196769; 193757; 0.478887; 0.479325; 0.47823; 0.480089; 0.478271
23; 189699; 189450; 0.482353; 0.483632; 0.482027; 0.483672; 0.480539
23.2; 203103; 203601; 0.489053; 0.490072; 0.488978; 0.489752; 0.486116
23.4; 197352; 200168; 0.49978; 0.501301; 0.499337; 0.501696; 0.496723
23.6; 188137; 185708; 0.51328; 0.517069; 0.513217; 0.517538; 0.511395
23.8; 192364; 189307; 0.528705; 0.533216; 0.529207; 0.533264; 0.52731
24; 193736; 189648; 0.54491; 0.548343; 0.544803; 0.548923; 0.54256
24.2; 222385; 217541; 0.564425; 0.569064; 0.564302; 0.569074; 0.561485
24.4; 171968; 182260; 0.589558; 0.593754; 0.589471; 0.593701; 0.587067
24.6; 176872; 169756; 0.610876; 0.613135; 0.610784; 0.613316; 0.608276
24.8; 168348; 175475; 0.623099; 0.623825; 0.623357; 0.62391; 0.621167
25; 191907; 178301; 0.626713; 0.626425; 0.626746; 0.626698; 0.625984
25.2; 188960; 199347; 0.628105; 0.62919; 0.627881; 0.629192; 0.628602
25.4; 161451; 156573; 0.628155; 0.627512; 0.627829; 0.627463; 0.629044
25.6; 171480; 175170; 0.61915; 0.618265; 0.619151; 0.617997; 0.621282
25.8; 169555; 163730; 0.60211; 0.600591; 0.602117; 0.600624; 0.604974
26; 180439; 176365; 0.581173; 0.577807; 0.580962; 0.578271; 0.584146
26.2; 186021; 180892; 0.560372; 0.555762; 0.559996; 0.555751; 0.562132
26.4; 191625; 198567; 0.541136; 0.536765; 0.540747; 0.536136; 0.542527
26.6; 190045; 190042; 0.526416; 0.52242; 0.525357; 0.522559; 0.527804
26.8; 173324; 175185; 0.513972; 0.510371; 0.51311; 0.511164; 0.516044
27; 189526; 179394; 0.499089; 0.495792; 0.499114; 0.496484; 0.501607
27.2; 201639; 197679; 0.486047; 0.483143; 0.486536; 0.48329; 0.488054
27.4; 199514; 202710; 0.479571; 0.478213; 0.479228; 0.478519; 0.480533
27.6; 186822; 184391; 0.478609; 0.479567; 0.478242; 0.479301; 0.478562
27.8; 182263; 192177; 0.480065; 0.48145; 0.480749; 0.480156; 0.478821
28; 195817; 189101; 0.482798; 0.482793; 0.482619; 0.483267; 0.481118
28.2; 207772; 201034; 0.487996; 0.488999; 0.487465; 0.490468; 0.486906
28.4; 200731; 195240; 0.498689; 0.502265; 0.498889; 0.502535; 0.497391
28.6; 186473; 187772; 0.514909; 0.517777; 0.514354; 0.517904; 0.511462
28.8; 185438; 191061; 0.531111; 0.533424; 0.529679; 0.534029; 0.526578
29; 189772; 189383; 0.545136; 0.549426; 0.544831; 0.549032; 0.541595
29.2; 223502; 224116; 0.563944; 0.567919; 0.563988; 0.568184; 0.561288
29.4; 187993; 176500; 0.589913; 0.592472; 0.589343; 0.593608; 0.587521
29.6; 166740; 165397; 0.611628; 0.613836; 0.611806; 0.613878; 0.609213
29.8; 174018; 178268; 0.624493; 0.625426; 0.624391; 0.625296; 0.62194
30; 172240; 170596; 0.627347; 0.627275; 0.626436; 0.627843; 0.625776
30.2; 205514; 206339; 0.627379; 0.627432; 0.627129; 0.62776; 0.627795
30.4; 165254; 163295; 0.627055; 0.627484; 0.627666; 0.627231; 0.629456
30.6; 170520; 165292; 0.621186; 0.618946; 0.620444; 0.619836; 0.623083
30.8; 166604; 168475; 0.605585; 0.602195; 0.60503; 0.602732; 0.607514
31; 173837; 169563; 0.583272; 0.580207; 0.583588; 0.579619; 0.585537
31.2; 183249; 185912; 0.559975; 0.556105; 0.559827; 0.555911; 0.562241
31.4; 199350; 199270; 0.539017; 0.534536; 0.538756; 0.534589; 0.541406
31.6; 191823; 190959; 0.523854; 0.520158; 0.52429; 0.519913; 0.526849
31.8; 180551; 173757; 0.5127; 0.508899; 0.512685; 0.509382; 0.515197
32; 182914; 180357; 0.500085; 0.496769; 0.500253; 0.496761; 0.501948
32.2; 192353; 193559; 0.486746; 0.48478; 0.486842; 0.484332; 0.48799
32.4; 207742; 209228; 0.479159; 0.477493; 0.478695; 0.477543; 0.479344
32.6; 182302; 178183; 0.477777; 0.476628; 0.476997; 0.477274; 0.477162
32.8; 194733; 195945; 0.479339; 0.479198; 0.478712; 0.479929; 0.478414
33; 189243; 188093; 0.482283; 0.483983; 0.482283; 0.484182; 0.481455
33.2; 202593; 199123; 0.487988; 0.490861; 0.488425; 0.490638; 0.486798
33.4; 197230; 195625; 0.498356; 0.501844; 0.498828; 0.501489; 0.496501
33.6; 192812; 193166; 0.512805; 0.516283; 0.512597; 0.516523; 0.510291
33.8; 187198; 184469; 0.528269; 0.532515; 0.528194; 0.532569; 0.52595
34; 193733; 195414; 0.544317; 0.548595; 0.544418; 0.548496; 0.541809
34.2; 220337; 216696; 0.564487; 0.568448; 0.564474; 0.568508; 0.561451
34.4; 175796; 177919; 0.58993; 0.592205; 0.59024; 0.592041; 0.586774
34.6; 175649; 169649; 0.61004; 0.612471; 0.60983; 0.612864; 0.607622
34.8; 173261; 178748; 0.622015; 0.623769; 0.621579; 0.624451; 0.620451
35; 186200; 175354; 0.62613; 0.626834; 0.6265; 0.626537; 0.625585
35.2; 189792; 200105; 0.628511; 0.629525; 0.628996; 0.62892; 0.629138
35.4; 162114; 153870; 0.627756; 0.6277; 0.62762; 0.627671; 0.629298
35.6; 173508; 175351; 0.618651; 0.61697; 0.618628; 0.616992; 0.620708
35.8; 168459; 165105; 0.601798; 0.598882; 0.602155; 0.598644; 0.604063
36; 184436; 178128; 0.581286; 0.577331; 0.58111; 0.577519; 0.583762
36.2; 181084; 182799; 0.560918; 0.557333; 0.560303; 0.557657; 0.563269
36.4; 193097; 190095; 0.542705; 0.538093; 0.542401; 0.538134; 0.544962
36.6; 190688; 189236; 0.527001; 0.523027; 0.527278; 0.52272; 0.529791
36.8; 176228; 177205; 0.51411; 0.510382; 0.513629; 0.511057; 0.51642
37; 186562; 181218; 0.499223; 0.49598; 0.49938; 0.496079; 0.501133
37.2; 202541; 201710; 0.486335; 0.4838; 0.486565; 0.483627; 0.487736
37.4; 202153; 199274; 0.480223; 0.478181; 0.479144; 0.479115; 0.480651
37.6; 188690; 188346; 0.479554; 0.47883; 0.478798; 0.479459; 0.479395
37.8; 180706; 182259; 0.480102; 0.481559; 0.480569; 0.481093; 0.479807
38; 195263; 192699; 0.481673; 0.484341; 0.482923; 0.483394; 0.481268
38.2; 206883; 199616; 0.488171; 0.489485; 0.488532; 0.489382; 0.486315
38.4; 198276; 202703; 0.499755; 0.500945; 0.499305; 0.501515; 0.496778
38.6; 188707; 181872; 0.514393; 0.517613; 0.514349; 0.517583; 0.511605
38.8; 186527; 193611; 0.529456; 0.534191; 0.529574; 0.53408; 0.527359
39; 195477; 181856; 0.544915; 0.548762; 0.544745; 0.549065; 0.542284
39.2; 221675; 222615; 0.563342; 0.568013; 0.563572; 0.567915; 0.560752
39.4; 181043; 184982; 0.589506; 0.592686; 0.589363; 0.592662; 0.586368
39.6; 173093; 165474; 0.611743; 0.613373; 0.611088; 0.613775; 0.60843
39.8; 171028; 173800; 0.623449; 0.625914; 0.623174; 0.626017; 0.621735
40; 173671; 170854; 0.626382; 0.62775; 0.6271; 0.627097; 0.626107
40.2; 207878; 202612; 0.627065; 0.627762; 0.627674; 0.627352; 0.627944
40.4; 161617; 164175; 0.627481; 0.62749; 0.627405; 0.627507; 0.629059
40.6; 171468; 163961; 0.620461; 0.619401; 0.620355; 0.619216; 0.622336
40.8; 164017; 172537; 0.604344; 0.603108; 0.604814; 0.602371; 0.606954
41; 177444; 171011; 0.583032; 0.580215; 0.583171; 0.579947; 0.585688
41.2; 183463; 182538; 0.560532; 0.555737; 0.560424; 0.556003; 0.562937
41.4; 199407; 195084; 0.539013; 0.535193; 0.539419; 0.535128; 0.542557
41.6; 194674; 187897; 0.523653; 0.521093; 0.523934; 0.52104; 0.527305
41.8; 177106; 174197; 0.512421; 0.509771; 0.512468; 0.509704; 0.514815
42; 186042; 189144; 0.500401; 0.496595; 0.500285; 0.496515; 0.501572
42.2; 192287; 188174; 0.486862; 0.484694; 0.486873; 0.484643; 0.488399
42.4; 208353; 208223; 0.478827; 0.477688; 0.479008; 0.47776; 0.480229
42.6; 184249; 182710; 0.476688; 0.477548; 0.476848; 0.477674; 0.477665
42.8; 194509; 189755; 0.478678; 0.479683; 0.478483; 0.479743; 0.478039
43; 187716; 192916; 0.482904; 0.483053; 0.482876; 0.482642; 0.480399
43.2; 204942; 197687; 0.487827; 0.490572; 0.48768; 0.490341; 0.485723
43.4; 194050; 198896; 0.498034; 0.501734; 0.498005; 0.501794; 0.496267
43.6; 192984; 184612; 0.512633; 0.516095; 0.513008; 0.516132; 0.510572
43.8; 190560; 192484; 0.528441; 0.53215; 0.529008; 0.532098; 0.526588
44; 195905; 190336; 0.544295; 0.548426; 0.544305; 0.548752; 0.542253
44.2; 216824; 215919; 0.563979; 0.568622; 0.563925; 0.56855; 0.561049
44.4; 176555; 181638; 0.588374; 0.592887; 0.588516; 0.592668; 0.586131
44.6; 175944; 162915; 0.609937; 0.611523; 0.609449; 0.612127; 0.606946
44.8; 171989; 183666; 0.621554; 0.623484; 0.622349; 0.623065; 0.620243
45; 191162; 172119; 0.625332; 0.627531; 0.626082; 0.627026; 0.625728
45.2; 183617; 199725; 0.629258; 0.629198; 0.628429; 0.629781; 0.629183
45.4; 162866; 153727; 0.628789; 0.626845; 0.627878; 0.62746; 0.629119
45.6; 171808; 177175; 0.618327; 0.617165; 0.618257; 0.617149; 0.620537
45.8; 171924; 168458; 0.601024; 0.599477; 0.601111; 0.599575; 0.604131
46; 186941; 179046; 0.58163; 0.577545; 0.581116; 0.57805; 0.584029
46.2; 177520; 179355; 0.561785; 0.55796; 0.561595; 0.557926; 0.564113
46.4; 190588; 193731; 0.543668; 0.538784; 0.543589; 0.538686; 0.545832
46.6; 192592; 185882; 0.527196; 0.523206; 0.527227; 0.52332; 0.530249
46.8; 177568; 182605; 0.512969; 0.511165; 0.513811; 0.510655; 0.516557
47; 187717; 175188; 0.498526; 0.496752; 0.499395; 0.4962; 0.501205
47.2; 198284; 203896; 0.486811; 0.48353; 0.486514; 0.483784; 0.487729
47.4; 201523; 197251; 0.479893; 0.478342; 0.480015; 0.4779; 0.480384
47.6; 188045; 190582; 0.478613; 0.47973; 0.479265; 0.478785; 0.47915
47.8; 184438; 182050; 0.480404; 0.481199; 0.479981; 0.481648; 0.479921
48; 194261; 191504; 0.482841; 0.482888; 0.481876; 0.484104; 0.481056
48.2; 207776; 202340; 0.487971; 0.489106; 0.488436; 0.488794; 0.485906
48.4; 196349; 202412; 0.498736; 0.501726; 0.49901; 0.501403; 0.496432
48.6; 187704; 183104; 0.51382; 0.518004; 0.513722; 0.517999; 0.511475
48.8; 185894; 191215; 0.529658; 0.533508; 0.529838; 0.533376; 0.527157
49; 195138; 185261; 0.544297; 0.548693; 0.544329; 0.54885; 0.541991
49.2; 224302; 223659; 0.563234; 0.567397; 0.563098; 0.567564; 0.560262
49.4; 181271; 191478; 0.588721; 0.59254; 0.588426; 0.592634; 0.585877
49.6; 173255; 151817; 0.610573; 0.613776; 0.610913; 0.613302; 0.608152
49.8; 164434; 187511; 0.624196; 0.624885; 0.624146; 0.625052; 0.622007
50; 184554; 158828; 0.627077; 0.627094; 0.626976; 0.627331; 0.626188
50.2; 193546; 215439; 0.626853; 0.627796; 0.62716; 0.627533; 0.627599
50.4; 173166; 158839; 0.627761; 0.627473; 0.627406; 0.627633; 0.629006
50.6; 164232; 169243; 0.620731; 0.620027; 0.620914; 0.619632; 0.622837
50.8; 167043; 169698; 0.605502; 0.603225; 0.60573; 0.602905; 0.607802
51; 172698; 174495; 0.584117; 0.580349; 0.58415; 0.580347; 0.586465
51.2; 185543; 177539; 0.560677; 0.556437; 0.56075; 0.556577; 0.56348
51.4; 199879; 199154; 0.539542; 0.535144; 0.53977; 0.53515; 0.542594
51.6; 191852; 190399; 0.524591; 0.520738; 0.524619; 0.520691; 0.527268
51.8; 178269; 177496; 0.513187; 0.509858; 0.513181; 0.509725; 0.515114
52; 181349; 185994; 0.500584; 0.496988; 0.500616; 0.496938; 0.502069
52.2; 195746; 188847; 0.487234; 0.484379; 0.487165; 0.484498; 0.488561
52.4; 204629; 210263; 0.479319; 0.477415; 0.479481; 0.477254; 0.479986
52.6; 184211; 182133; 0.477153; 0.477648; 0.477063; 0.477707; 0.477603
52.8; 193652; 190583; 0.478507; 0.479817; 0.47858; 0.479839; 0.47829
53; 189222; 190421; 0.482756; 0.48288; 0.483095; 0.482767; 0.481127
53.2; 203228; 197625; 0.488152; 0.489566; 0.487668; 0.49031; 0.486317
53.4; 193150; 200990; 0.497515; 0.501516; 0.497801; 0.501366; 0.496037
53.6; 195315; 187452; 0.512688; 0.515869; 0.51325; 0.515264; 0.509877
53.8; 184120; 192300; 0.529063; 0.531374; 0.528795; 0.531531; 0.525647
54; 197036; 189937; 0.544383; 0.547922; 0.54392; 0.54835; 0.541473
54.2; 212978; 217734; 0.563361; 0.56795; 0.563749; 0.567675; 0.5607
54.4; 182087; 181607; 0.588141; 0.592398; 0.588837; 0.59177; 0.585998
54.6; 172959; 170174; 0.609743; 0.611973; 0.609083; 0.612643; 0.606917
54.8; 175015; 178102; 0.621931; 0.623875; 0.622603; 0.623211; 0.620087
55; 179339; 178165; 0.625658; 0.62741; 0.626277; 0.626835; 0.625547
55.2; 197893; 198981; 0.628858; 0.628612; 0.628197; 0.62928; 0.628945
55.4; 154321; 154272; 0.628034; 0.627644; 0.628783; 0.62688; 0.629512
55.6; 176860; 174450; 0.619384; 0.617883; 0.619964; 0.617257; 0.621441
55.8; 162627; 165643; 0.603383; 0.599531; 0.602941; 0.599989; 0.605018
56; 186261; 178913; 0.581653; 0.578663; 0.582095; 0.578251; 0.584542
56.2; 180576; 182683; 0.560213; 0.558188; 0.560987; 0.557177; 0.563492
56.4; 193456; 194551; 0.542421; 0.537882; 0.542209; 0.537717; 0.544565
56.6; 187267; 189251; 0.526999; 0.52312; 0.527142; 0.522758; 0.529472
56.8; 179432; 177530; 0.513742; 0.511505; 0.514599; 0.510751; 0.516698
57; 182811; 181629; 0.499588; 0.496366; 0.499675; 0.496535; 0.501621
57.2; 203419; 202978; 0.486626; 0.48397; 0.486582; 0.484124; 0.488024
57.4; 198540; 201901; 0.480151; 0.478475; 0.48036; 0.478079; 0.480823
57.6; 182861; 183783; 0.479569; 0.478736; 0.47945; 0.478568; 0.479079
57.8; 186874; 187192; 0.480707; 0.480184; 0.480484; 0.480289; 0.479346
58; 193882; 194586; 0.482615; 0.483026; 0.482612; 0.483148; 0.480869
58.2; 204820; 199685; 0.488143; 0.48915; 0.488356; 0.489151; 0.486124
58.4; 195348; 202362; 0.498573; 0.500555; 0.498688; 0.500629; 0.496156
58.6; 189248; 185792; 0.513073; 0.516789; 0.513028; 0.516911; 0.510746
58.8; 183940; 190089; 0.528668; 0.533041; 0.528669; 0.533089; 0.526481
59; 196393; 188779; 0.544133; 0.54822; 0.544108; 0.54828; 0.541435
59.2; 215759; 220427; 0.56282; 0.567241; 0.562946; 0.567254; 0.56013
59.4; 188087; 190807; 0.587964; 0.59222; 0.588656; 0.591622; 0.585793
59.6; 166080; 156219; 0.609855; 0.613036; 0.609762; 0.613164; 0.607678
59.8; 176060; 186550; 0.622809; 0.624929; 0.62243; 0.625285; 0.621184
60; 171135; 162146; 0.62668; 0.626977; 0.62707; 0.626523; 0.62561
60.2; 203179; 216247; 0.628157; 0.6277; 0.627844; 0.628044; 0.628114
60.4; 161340; 153184; 0.628362; 0.626936; 0.627606; 0.627729; 0.629372
60.6; 170747; 171826; 0.620197; 0.619662; 0.620932; 0.618867; 0.622531
60.8; 166696; 171978; 0.604588; 0.60262; 0.604998; 0.602144; 0.607075
61; 178409; 174318; 0.583719; 0.579956; 0.583417; 0.580177; 0.585962
61.2; 179343; 183797; 0.560891; 0.556668; 0.560885; 0.556636; 0.563279
61.4; 197715; 194715; 0.540283; 0.536032; 0.540362; 0.535963; 0.543167
61.6; 189366; 194221; 0.525629; 0.521552; 0.52529; 0.521966; 0.528325
61.8; 177701; 172758; 0.513909; 0.510286; 0.513831; 0.510523; 0.516153
62; 183852; 187257; 0.500448; 0.496996; 0.500653; 0.49688; 0.502062
62.2; 193294; 193413; 0.487472; 0.484336; 0.487246; 0.484429; 0.488534
62.4; 202796; 205389; 0.479162; 0.478343; 0.479261; 0.478012; 0.480031
62.6; 184842; 184870; 0.477295; 0.478371; 0.477258; 0.478297; 0.478026
62.8; 192968; 193387; 0.479862; 0.478951; 0.479178; 0.479714; 0.478478
63; 189558; 189945; 0.482073; 0.483844; 0.482967; 0.482986; 0.480986
63.2; 199856; 197446; 0.487281; 0.490461; 0.487835; 0.489932; 0.486091
63.4; 196142; 203493; 0.497959; 0.500654; 0.497269; 0.501412; 0.495747
63.6; 191806; 189983; 0.512159; 0.516016; 0.512731; 0.515581; 0.509892
63.8; 188911; 188884; 0.528234; 0.532297; 0.529377; 0.531297; 0.52607
64; 190743; 191109; 0.544603; 0.548069; 0.544073; 0.548686; 0.541768
64.2; 211642; 211309; 0.563073; 0.567325; 0.563193; 0.567262; 0.560147
64.4; 187510; 195707; 0.587347; 0.591791; 0.588446; 0.590724; 0.585268
64.6; 171908; 158274; 0.609458; 0.611502; 0.608857; 0.612174; 0.606616
64.8; 171926; 187848; 0.622097; 0.623852; 0.622267; 0.623855; 0.620397
65; 182841; 166544; 0.625735; 0.627524; 0.626881; 0.626504; 0.62572
65.2; 193415; 206705; 0.628895; 0.628332; 0.627962; 0.629201; 0.628668
65.4; 158398; 155506; 0.62806; 0.62715; 0.62745; 0.627578; 0.629097
65.6; 172840; 172936; 0.618838; 0.618259; 0.619311; 0.61768; 0.621199
65.8; 165942; 169782; 0.602909; 0.600759; 0.603193; 0.600475; 0.605399
66; 183134; 176585; 0.582658; 0.578681; 0.582609; 0.578794; 0.585021
66.2; 179705; 181925; 0.561474; 0.557311; 0.561331; 0.557141; 0.563565
66.4; 190422; 195210; 0.54237; 0.537882; 0.542169; 0.537512; 0.544242
66.6; 191638; 192979; 0.527025; 0.522861; 0.526806; 0.522768; 0.529283
66.8; 175525; 174048; 0.514228; 0.510858; 0.514073; 0.511148; 0.516642
67; 188935; 185843; 0.500008; 0.49639; 0.500267; 0.496569; 0.502074
67.2; 196850; 196021; 0.48709; 0.484393; 0.487167; 0.484493; 0.488649
67.4; 200487; 208047; 0.480334; 0.479039; 0.480105; 0.479019; 0.481083
67.6; 183356; 182145; 0.47885; 0.479645; 0.478512; 0.479539; 0.479065
67.8; 182212; 186421; 0.479361; 0.481094; 0.4794; 0.480825; 0.478962
68; 198409; 199012; 0.48189; 0.483047; 0.482119; 0.48299; 0.480691
68.2; 201812; 195413; 0.488414; 0.48883; 0.488624; 0.488933; 0.486219
68.4; 200830; 206671; 0.498305; 0.501279; 0.49827; 0.501457; 0.496313
68.6; 181449; 181100; 0.512904; 0.517003; 0.512991; 0.516888; 0.510739
68.8; 185486; 191393; 0.528262; 0.532545; 0.528345; 0.532511; 0.525906
69; 199054; 189202; 0.543145; 0.547619; 0.543188; 0.547747; 0.540849
69.2; 219623; 221429; 0.562965; 0.566968; 0.563113; 0.566917; 0.560026
69.4; 179151; 186000; 0.588019; 0.592101; 0.58811; 0.592048; 0.585749
69.6; 171669; 161267; 0.609452; 0.612431; 0.609352; 0.612543; 0.607274
69.8; 169944; 184129; 0.622816; 0.623378; 0.62292; 0.623415; 0.620579
70; 182765; 168785; 0.626279; 0.626512; 0.626222; 0.626658; 0.625376
70.2; 197916; 208748; 0.627768; 0.629048; 0.627814; 0.628971; 0.628553
70.4; 158906; 157805; 0.62828; 0.628007; 0.628231; 0.627908; 0.629469
70.6; 170463; 168719; 0.620072; 0.61909; 0.619989; 0.619009; 0.622086
70.8; 166779; 169475; 0.603792; 0.601955; 0.603802; 0.601824; 0.60622
71; 178410; 177801; 0.58226; 0.580072; 0.582291; 0.579981; 0.585363
71.2; 183854; 182075; 0.560501; 0.557255; 0.56039; 0.557256; 0.563421
71.4; 195499; 199216; 0.541794; 0.536728; 0.541627; 0.536647; 0.543856
71.6; 190196; 190669; 0.526654; 0.523575; 0.526647; 0.523334; 0.529364
71.8; 168127; 171261; 0.513938; 0.511557; 0.513962; 0.511497; 0.516631
72; 191600; 188208; 0.499681; 0.49629; 0.499646; 0.49644; 0.501436
72.2; 200201; 200372; 0.486972; 0.48398; 0.487066; 0.483969; 0.488343
72.4; 198844; 200119; 0.480274; 0.479768; 0.480512; 0.479474; 0.481676
72.6; 180929; 180457; 0.479209; 0.479969; 0.47912; 0.479926; 0.479766
72.8; 187943; 193329; 0.480193; 0.480245; 0.479507; 0.480868; 0.479215
73; 194531; 192551; 0.48211; 0.482174; 0.481257; 0.483081; 0.480145
73.2; 205817; 206216; 0.487273; 0.488955; 0.48713; 0.489245; 0.485568
73.4; 194172; 194355; 0.498189; 0.501747; 0.498664; 0.50139; 0.496376
73.6; 186754; 187856; 0.513344; 0.517108; 0.513619; 0.51694; 0.511058
73.8; 186924; 188683; 0.528508; 0.532653; 0.528364; 0.532848; 0.526222
74; 193779; 186846; 0.543036; 0.547469; 0.543311; 0.547256; 0.540605
74.2; 221067; 226387; 0.562276; 0.566557; 0.562173; 0.566762; 0.559425
74.4; 180614; 180711; 0.587963; 0.592134; 0.588066; 0.592169; 0.585774
74.6; 171524; 166613; 0.610373; 0.612765; 0.610472; 0.612812; 0.60783
74.8; 168064; 178535; 0.62332; 0.624569; 0.6235; 0.624515; 0.621316
75; 183121; 169093; 0.626706; 0.626717; 0.626875; 0.626542; 0.625561
75.2; 198073; 211814; 0.627839; 0.62764; 0.627722; 0.627754; 0.627866
75.4; 164179; 160272; 0.627725; 0.627933; 0.627676; 0.627912; 0.629405
75.6; 167029; 165141; 0.621189; 0.619992; 0.621164; 0.619921; 0.623176
75.8; 169576; 173084; 0.606339; 0.602788; 0.605551; 0.603634; 0.608217
76; 169318; 175197; 0.584394; 0.58088; 0.584027; 0.581344; 0.586916
76.2; 189062; 181218; 0.561178; 0.557446; 0.561597; 0.557135; 0.564071
76.4; 193192; 193216; 0.540752; 0.536116; 0.540405; 0.536309; 0.543131
76.6; 197323; 195432; 0.525507; 0.52162; 0.525588; 0.521191; 0.527743
76.8; 167319; 178303; 0.514134; 0.510316; 0.513831; 0.510366; 0.515763
77; 189672; 181713; 0.500939; 0.497424; 0.500909; 0.497528; 0.50249
77.2; 189388; 190957; 0.487691; 0.485063; 0.487716; 0.485088; 0.48929
77.4; 207207; 209553; 0.478886; 0.478208; 0.478656; 0.478353; 0.480115
77.6; 181554; 184216; 0.476686; 0.477883; 0.476646; 0.477804; 0.477399
77.8; 195461; 192089; 0.478889; 0.479586; 0.479258; 0.479318; 0.478523
78; 185753; 190753; 0.483098; 0.482895; 0.483247; 0.483007; 0.481308
78.2; 205218; 197615; 0.487934; 0.489726; 0.487995; 0.489966; 0.486441
78.4; 192226; 201536; 0.497069; 0.500992; 0.497155; 0.501107; 0.495683
78.6; 195283; 186941; 0.511501; 0.515249; 0.511517; 0.515222; 0.509001
78.8; 184384; 196853; 0.527402; 0.531394; 0.52753; 0.531178; 0.524925
79; 195708; 185196; 0.543513; 0.547536; 0.54329; 0.547663; 0.54077
79.2; 205856; 217233; 0.562837; 0.566758; 0.56289; 0.566858; 0.559901
79.4; 192321; 185241; 0.586976; 0.591393; 0.587453; 0.590975; 0.584906
79.6; 166011; 166305; 0.608772; 0.611036; 0.608089; 0.611629; 0.605793
79.8; 178930; 183475; 0.62147; 0.623279; 0.622064; 0.622561; 0.61931
80; 176961; 175290; 0.625462; 0.627438; 0.626081; 0.626764; 0.62528
80.2; 197202; 200712; 0.628821; 0.628992; 0.628512; 0.629465; 0.629252
80.4; 155952; 151048; 0.627882; 0.627698; 0.628614; 0.62697; 0.629526
80.6; 178096; 175363; 0.619557; 0.617531; 0.619604; 0.617295; 0.621114
80.8; 163228; 171782; 0.603264; 0.600121; 0.602605; 0.600473; 0.604788
81; 181456; 183147; 0.58207; 0.579497; 0.581715; 0.57977; 0.5851
81.2; 183546; 178192; 0.561837; 0.559173; 0.56216; 0.558874; 0.565073
81.4; 189676; 192050; 0.544107; 0.539263; 0.543998; 0.539315; 0.54646
81.6; 189083; 185471; 0.527664; 0.524333; 0.527237; 0.524653; 0.530733
81.8; 179116; 183782; 0.514003; 0.512127; 0.514007; 0.512079; 0.517042
82; 181883; 175142; 0.500428; 0.496685; 0.500491; 0.496714; 0.501865
82.2; 200275; 206389; 0.486726; 0.484481; 0.486837; 0.484478; 0.488424
82.4; 199872; 198992; 0.47905; 0.479245; 0.479094; 0.479225; 0.480966
82.6; 188721; 191012; 0.478632; 0.479281; 0.478579; 0.479293; 0.479402
82.8; 182973; 182832; 0.480001; 0.481239; 0.480084; 0.481115; 0.479643
83; 196018; 196091; 0.482764; 0.483205; 0.48297; 0.48301; 0.480919
83.2; 196658; 199370; 0.488126; 0.489098; 0.488043; 0.489272; 0.485881
83.4; 204684; 202462; 0.497086; 0.500963; 0.497093; 0.50109; 0.495683
83.6; 183347; 186516; 0.512362; 0.51575; 0.512672; 0.515561; 0.509956
83.8; 188069; 186252; 0.528673; 0.531095; 0.528775; 0.530985; 0.525384
84; 194867; 195371; 0.543133; 0.547519; 0.543011; 0.54757; 0.540328
84.2; 208954; 214678; 0.561974; 0.566797; 0.56204; 0.566729; 0.559327
84.4; 192695; 190641; 0.587099; 0.591045; 0.587119; 0.59122; 0.585016
84.6; 168592; 164146; 0.608293; 0.611761; 0.608502; 0.611826; 0.606623
84.8; 172439; 177561; 0.622352; 0.622981; 0.622515; 0.623137; 0.620448
85; 177845; 172220; 0.62649; 0.626378; 0.626665; 0.626356; 0.62545
85.2; 200488; 205097; 0.628218; 0.628863; 0.628475; 0.628398; 0.628381
85.4; 153875; 158036; 0.627825; 0.628275; 0.627818; 0.628142; 0.629445
85.6; 175216; 168667; 0.620386; 0.61832; 0.62026; 0.618585; 0.622172
85.8; 167206; 173207; 0.60436; 0.601043; 0.604584; 0.601207; 0.606715
86; 182980; 175088; 0.582983; 0.57981; 0.583178; 0.579966; 0.586186
86.2; 178531; 184125; 0.561743; 0.557982; 0.56165; 0.55784; 0.56417
86.4; 197013; 196259; 0.542828; 0.538127; 0.542548; 0.537762; 0.544597
86.6; 184804; 187324; 0.527689; 0.524153; 0.527509; 0.523908; 0.529955
86.8; 174339; 174566; 0.51508; 0.511276; 0.515159; 0.511324; 0.517276
87; 188248; 184857; 0.499866; 0.496428; 0.500082; 0.4967; 0.502142
87.2; 205518; 198400; 0.487026; 0.484208; 0.487282; 0.484277; 0.488784
87.4; 194174; 204797; 0.481083; 0.479183; 0.481012; 0.479134; 0.481746
87.6; 185547; 181565; 0.479797; 0.479779; 0.479195; 0.479989; 0.479592
87.8; 184522; 192057; 0.479915; 0.481093; 0.479606; 0.481136; 0.479247
88; 196466; 187207; 0.481069; 0.483269; 0.481616; 0.482755; 0.480211
88.2; 204016; 208731; 0.486656; 0.489159; 0.487747; 0.488393; 0.48558
88.4; 196902; 195344; 0.497976; 0.501096; 0.498635; 0.500604; 0.4961
88.6; 186304; 188650; 0.51295; 0.516747; 0.512836; 0.516785; 0.51043
88.8; 184666; 188621; 0.528136; 0.532496; 0.528008; 0.532488; 0.525695
89; 196606; 189689; 0.542924; 0.547159; 0.542939; 0.547019; 0.540169
89.2; 218035; 220699; 0.561683; 0.565988; 0.56163; 0.566094; 0.558751
89.4; 188507; 188837; 0.587415; 0.591461; 0.58755; 0.591351; 0.584983
89.6; 162151; 156096; 0.609519; 0.612846; 0.609388; 0.612951; 0.607241
89.8; 175748; 187860; 0.623197; 0.624645; 0.622777; 0.625031; 0.621038
90; 179720; 162573; 0.627091; 0.626493; 0.62688; 0.626704; 0.625616
90.2; 196490; 212818; 0.626927; 0.62802; 0.627322; 0.627635; 0.627584
90.4; 165790; 164664; 0.628168; 0.627672; 0.627758; 0.628077; 0.629556
90.6; 170459; 163737; 0.621431; 0.620586; 0.621539; 0.620442; 0.623679
90.8; 168017; 176503; 0.606085; 0.60443; 0.606305; 0.604232; 0.608813
91; 169988; 161718; 0.584661; 0.581838; 0.584524; 0.582129; 0.58767
91.2; 185917; 189238; 0.561817; 0.557702; 0.561393; 0.558346; 0.564621
91.4; 196359; 190073; 0.540698; 0.536445; 0.541043; 0.53619; 0.543616
91.6; 193866; 200402; 0.525611; 0.52141; 0.525313; 0.521649; 0.528121
91.8; 176793; 170647; 0.514355; 0.510394; 0.513669; 0.510975; 0.51608
92; 181422; 190706; 0.501196; 0.498046; 0.501466; 0.497803; 0.502925
92.2; 192393; 184659; 0.48825; 0.485193; 0.488038; 0.485488; 0.489649
92.4; 210095; 211965; 0.479742; 0.477944; 0.478874; 0.478925; 0.480712
92.6; 181499; 175177; 0.477541; 0.477533; 0.4771; 0.478064; 0.478065
92.8; 194165; 199589; 0.478473; 0.480053; 0.478994; 0.479533; 0.478321
93; 188484; 188703; 0.483055; 0.483206; 0.483219; 0.482974; 0.481064
93.2; 201078; 196954; 0.488428; 0.48969; 0.487512; 0.490463; 0.48608
93.4; 194998; 203348; 0.496985; 0.50093; 0.497674; 0.500236; 0.495345
93.6; 195313; 188529; 0.511694; 0.514739; 0.512314; 0.514259; 0.509079
93.8; 184846; 190440; 0.528067; 0.530019; 0.5276; 0.530723; 0.524931
94; 195858; 186109; 0.543146; 0.547113; 0.542923; 0.547498; 0.540718
94.2; 209924; 218763; 0.561816; 0.566632; 0.562256; 0.56615; 0.559061
94.4; 189591; 188321; 0.587595; 0.589942; 0.58673; 0.590657; 0.584087
94.6; 170442; 161485; 0.608825; 0.611041; 0.608749; 0.611061; 0.605888
94.8; 173441; 183399; 0.622009; 0.623349; 0.621757; 0.623686; 0.619905
95; 181218; 170507; 0.626301; 0.626625; 0.625552; 0.627503; 0.625463
95.2; 198150; 203795; 0.62789; 0.6291; 0.628176; 0.628793; 0.628572
95.4; 152422; 156606; 0.628485; 0.62772; 0.628178; 0.627859; 0.629472
95.6; 178412; 174536; 0.62027; 0.619005; 0.619913; 0.619242; 0.622219
95.8; 164801; 168617; 0.603548; 0.602475; 0.604058; 0.601977; 0.606623
96; 183702; 176736; 0.583118; 0.580083; 0.58331; 0.580034; 0.586039
96.2; 179329; 179269; 0.562662; 0.557949; 0.562424; 0.557973; 0.564565
96.4; 195760; 198347; 0.543195; 0.538888; 0.543078; 0.538473; 0.545235
96.6; 190289; 190032; 0.527729; 0.523869; 0.527323; 0.523887; 0.529998
96.8; 176723; 180377; 0.515293; 0.511405; 0.514898; 0.511835; 0.517407
97; 182515; 174708; 0.50048; 0.497064; 0.500853; 0.497165; 0.502713
97.2; 201517; 199994; 0.487272; 0.484318; 0.487249; 0.484683; 0.488907
97.4; 199888; 203884; 0.480501; 0.478473; 0.480389; 0.478527; 0.481254
97.6; 186478; 187195; 0.478757; 0.479592; 0.479246; 0.478753; 0.479121
97.8; 183193; 186503; 0.479719; 0.481154; 0.480115; 0.480436; 0.479153
98; 196239; 193186; 0.482387; 0.482643; 0.482262; 0.482802; 0.480529
98.2; 200746; 198953; 0.487423; 0.48842; 0.487697; 0.488528; 0.48564
98.4; 202707; 200768; 0.497074; 0.500654; 0.498015; 0.500005; 0.495687
98.6; 184449; 186497; 0.512461; 0.516033; 0.512475; 0.515945; 0.509828
98.8; 189928; 194072; 0.528436; 0.531984; 0.527742; 0.532408; 0.525419
99; 189347; 185003; 0.543021; 0.547661; 0.543394; 0.547021; 0.540237
99.2; 217587; 222451; 0.56172; 0.565372; 0.561695; 0.56544; 0.558471
99.4; 190464; 189777; 0.587117; 0.590125; 0.586581; 0.590863; 0.584424
99.6; 171487; 158165; 0.608863; 0.612584; 0.609281; 0.612319; 0.607016
99.8; 170721; 182936; 0.622639; 0.625142; 0.623418; 0.624426; 0.621177
100; 171787; 164941; 0.627061; 0.627024; 0.62715; 0.626893; 0.625772
100.2; 201958; 208159; 0.627623; 0.627276; 0.626964; 0.627933; 0.627573
100.4; 168322; 166930; 0.627784; 0.627703; 0.627664; 0.627827; 0.629332
100.6; 168316; 164335; 0.621371; 0.620587; 0.62202; 0.619967; 0.62372
100.8; 164044; 170113; 0.606931; 0.603844; 0.607004; 0.60385; 0.609024
101; 175254; 170856; 0.585416; 0.58174; 0.585101; 0.582076; 0.587752
101.2; 180517; 183450; 0.562252; 0.558023; 0.562176; 0.558052; 0.564653
101.4; 200880; 196257; 0.541177; 0.536577; 0.541125; 0.536672; 0.543844
101.6; 190605; 194344; 0.525662; 0.521589; 0.525557; 0.521836; 0.528525
101.8; 181603; 176195; 0.51419; 0.510741; 0.514448; 0.510674; 0.516608
102; 177793; 179543; 0.501422; 0.498248; 0.50132; 0.498384; 0.503137
102.2; 194248; 193677; 0.488408; 0.485245; 0.488397; 0.485185; 0.489549
102.4; 205698; 207472; 0.479816; 0.4778; 0.479829; 0.477728; 0.480432
102.6; 187712; 184933; 0.477675; 0.477295; 0.477294; 0.477673; 0.477838
102.8; 189132; 191920; 0.478564; 0.479886; 0.478375; 0.480123; 0.478412
103; 190888; 188087; 0.482167; 0.484009; 0.482687; 0.483472; 0.481108
103.2; 199315; 199058; 0.488109; 0.489704; 0.488518; 0.489267; 0.486021
103.4; 200693; 202190; 0.497957; 0.499509; 0.497271; 0.500218; 0.495165
103.6; 187889; 187225; 0.511201; 0.514647; 0.510884; 0.515039; 0.508697
103.8; 192921; 193727; 0.526805; 0.531113; 0.527855; 0.530155; 0.524698
104; 188387; 185225; 0.542877; 0.546831; 0.543197; 0.546606; 0.540318
104.2; 216273; 215603; 0.561772; 0.566167; 0.561854; 0.566072; 0.558852
104.4; 181976; 190330; 0.586388; 0.590631; 0.587303; 0.589649; 0.583956
104.6; 176366; 163135; 0.60834; 0.610602; 0.60767; 0.61124; 0.605436
104.8; 174130; 183313; 0.621381; 0.622918; 0.621927; 0.622463; 0.619385
105; 177290; 169747; 0.625543; 0.627084; 0.626182; 0.626556; 0.625297
105.2; 197973; 205037; 0.628287; 0.629345; 0.628334; 0.629235; 0.628788
105.4; 155934; 153714; 0.627949; 0.628156; 0.627942; 0.628014; 0.62954
105.6; 172680; 174845; 0.619901; 0.618408; 0.619733; 0.618508; 0.62179
105.8; 172070; 167926; 0.603631; 0.601419; 0.603615; 0.601483; 0.606136
106; 178174; 180730; 0.583278; 0.579763; 0.583317; 0.579757; 0.585935
106.2; 184222; 181508; 0.56316; 0.558791; 0.563158; 0.558817; 0.565545
106.4; 187599; 190784; 0.544184; 0.539806; 0.544286; 0.539838; 0.54708
106.6; 193573; 190580; 0.528258; 0.524352; 0.528377; 0.524449; 0.531423
106.8; 178877; 176637; 0.515459; 0.511501; 0.515558; 0.511593; 0.517768
107; 182273; 181676; 0.500569; 0.49719; 0.500649; 0.497152; 0.502207
107.2; 199466; 201542; 0.487198; 0.484519; 0.487284; 0.484358; 0.488431
107.4; 200579; 201862; 0.480466; 0.478403; 0.480347; 0.478461; 0.481159
107.6; 189730; 183086; 0.479085; 0.479233; 0.478833; 0.479546; 0.479707
107.8; 181175; 186636; 0.479705; 0.481256; 0.480184; 0.480908; 0.479834
108; 197194; 193829; 0.48177; 0.483377; 0.482615; 0.482702; 0.480778
108.2; 197144; 202370; 0.487587; 0.48854; 0.487474; 0.488762; 0.485393
108.4; 205444; 200418; 0.498062; 0.499486; 0.497048; 0.500475; 0.495159
108.6; 184154; 189157; 0.512326; 0.515876; 0.512271; 0.515888; 0.509758
108.8; 188174; 186715; 0.527548; 0.532074; 0.527962; 0.531691; 0.5254
109; 193002; 190027; 0.543178; 0.546406; 0.542869; 0.546871; 0.540222
109.2; 221287; 217744; 0.561883; 0.565362; 0.561659; 0.565587; 0.558458
109.4; 178201; 190753; 0.586434; 0.59093; 0.586324; 0.590819; 0.58408
109.6; 175557; 161648; 0.608778; 0.61119; 0.608674; 0.611118; 0.605869
109.8; 169746; 182080; 0.622531; 0.62314; 0.622436; 0.623213; 0.62005
110; 179645; 165635; 0.626187; 0.626708; 0.625682; 0.627311; 0.625354
110.2; 200592; 211098; 0.627758; 0.628655; 0.627729; 0.628718; 0.628346
110.4; 160116; 155080; 0.628092; 0.628181; 0.627996; 0.628177; 0.62945
110.6; 172015; 173113; 0.621572; 0.619187; 0.620872; 0.619691; 0.622736
110.8; 166022; 165976; 0.605573; 0.60268; 0.604727; 0.603422; 0.607542
111; 176335; 179588; 0.58401; 0.581268; 0.583921; 0.581343; 0.586794
111.2; 182655; 180797; 0.561897; 0.558281; 0.56248; 0.557837; 0.564925
111.4; 199578; 199282; 0.542199; 0.537397; 0.541912; 0.537909; 0.545085
111.6; 187591; 187609; 0.526631; 0.523821; 0.526611; 0.523994; 0.530042
111.8; 176345; 173630; 0.514401; 0.512029; 0.514689; 0.511773; 0.517222
112; 184832; 186602; 0.500722; 0.497251; 0.500851; 0.497078; 0.502211
112.2; 197353; 197439; 0.487877; 0.484879; 0.48774; 0.485022; 0.489252
112.4; 201945; 203509; 0.479725; 0.479563; 0.480073; 0.479311; 0.48151
112.6; 183101; 181291; 0.478037; 0.478922; 0.477959; 0.479159; 0.479132
112.8; 191218; 190125; 0.479064; 0.479557; 0.478777; 0.479952; 0.478525
113; 191194; 194636; 0.482288; 0.482064; 0.482344; 0.48201; 0.480228
113.2; 202606; 200787; 0.487401; 0.488214; 0.487208; 0.488363; 0.485003
113.4; 195830; 198649; 0.497095; 0.500407; 0.496838; 0.500669; 0.495067
113.6; 191036; 188733; 0.511534; 0.515607; 0.511944; 0.51529; 0.509423
113.8; 187405; 188326; 0.527535; 0.531299; 0.528086; 0.530857; 0.525118
114; 192257; 190442; 0.542665; 0.547122; 0.542839; 0.547064; 0.540443
114.2; 214908; 219637; 0.56137; 0.565677; 0.561397; 0.565637; 0.558405
114.4; 187482; 190418; 0.586332; 0.590105; 0.587221; 0.589158; 0.583663
114.6; 170466; 161336; 0.60838; 0.611009; 0.608016; 0.611365; 0.60567
114.8; 174385; 182311; 0.622039; 0.62336; 0.62143; 0.624115; 0.619988
115; 179475; 168897; 0.625397; 0.627552; 0.626538; 0.626562; 0.625464
115.2; 197102; 206075; 0.627928; 0.628464; 0.628019; 0.628288; 0.628122
115.4; 154581; 158576; 0.629208; 0.627348; 0.62813; 0.628274; 0.629694
115.6; 179692; 168647; 0.621205; 0.619683; 0.621198; 0.619588; 0.623038
115.8; 162509; 172169; 0.604589; 0.603716; 0.605263; 0.60308; 0.607783
116; 176717; 174257; 0.584477; 0.580827; 0.583614; 0.581779; 0.586952
116.2; 185839; 183031; 0.562581; 0.558407; 0.562261; 0.558697; 0.5651
116.4; 189200; 191346; 0.542404; 0.538853; 0.543044; 0.538136; 0.545325
116.6; 198084; 197244; 0.527758; 0.523032; 0.527057; 0.523751; 0.530243
116.8; 173458; 169437; 0.515043; 0.51205; 0.514581; 0.512602; 0.517659
117; 184699; 190437; 0.501127; 0.498028; 0.501176; 0.498129; 0.503071
117.2; 195609; 190309; 0.487929; 0.484925; 0.487911; 0.484922; 0.489134
117.4; 199854; 210967; 0.48027; 0.478908; 0.479885; 0.479214; 0.481371
117.6; 190131; 181289; 0.478598; 0.478996; 0.478237; 0.479206; 0.479045
117.8; 184016; 192800; 0.479083; 0.480975; 0.479709; 0.480334; 0.479192
118; 193849; 187221; 0.48185; 0.483128; 0.482633; 0.482549; 0.480717
118.2; 201602; 203399; 0.488031; 0.488199; 0.48782; 0.4887; 0.485772
118.4; 201493; 198301; 0.497496; 0.500114; 0.497612; 0.500078; 0.495328
118.6; 185792; 191978; 0.511682; 0.515982; 0.511686; 0.515819; 0.509325
118.8; 186908; 188581; 0.528233; 0.530861; 0.527396; 0.531529; 0.524908
119; 189723; 187758; 0.542914; 0.546518; 0.54269; 0.54672; 0.53991
119.2; 220157; 217897; 0.560786; 0.565169; 0.560875; 0.565162; 0.557973
119.4; 188118; 196770; 0.587174; 0.58913; 0.586194; 0.590092; 0.583605
119.6; 171060; 154258; 0.608835; 0.611658; 0.608475; 0.611924; 0.606153
119.8; 170727; 187429; 0.622034; 0.624837; 0.623149; 0.623668; 0.62051
120; 174879; 161473; 0.626607; 0.626955; 0.626329; 0.627182; 0.625476
120.2; 197110; 214175; 0.627766; 0.627407; 0.626923; 0.628355; 0.627794
120.4; 168044; 159036; 0.628615; 0.627401; 0.629008; 0.626994; 0.62954
120.6; 169066; 166933; 0.621777; 0.620769; 0.622167; 0.620232; 0.623665
120.8; 167191; 176014; 0.606496; 0.604914; 0.60611; 0.605107; 0.60908
121; 171744; 171210; 0.585485; 0.582431; 0.585444; 0.582285; 0.587747
121.2; 182139; 182725; 0.562698; 0.55843; 0.562731; 0.558367; 0.565123
121.4; 197612; 193857; 0.541879; 0.537075; 0.541721; 0.537431; 0.544663
121.6; 194923; 195739; 0.526038; 0.522569; 0.52659; 0.52228; 0.529347
121.8; 176336; 175606; 0.514129; 0.512232; 0.514566; 0.511883; 0.517256
122; 180568; 182811; 0.501139; 0.499168; 0.501179; 0.49907; 0.503341
122.2; 192382; 197484; 0.488794; 0.485251; 0.488645; 0.485346; 0.489798
122.4; 203503; 202057; 0.479921; 0.477871; 0.480113; 0.477767; 0.480767
122.6; 189861; 190610; 0.477361; 0.477692; 0.477332; 0.477902; 0.4782
122.8; 190741; 187016; 0.478576; 0.479991; 0.478612; 0.480048; 0.478558
123; 187575; 192988; 0.482181; 0.48393; 0.482154; 0.483861; 0.480988
123.2; 198523; 195068; 0.488013; 0.489392; 0.487767; 0.489483; 0.485738
123.4; 195995; 202884; 0.497549; 0.499082; 0.497199; 0.499382; 0.494645
123.6; 196127; 189956; 0.51125; 0.513774; 0.511076; 0.514104; 0.508394
123.8; 187612; 192364; 0.526672; 0.530523; 0.526649; 0.530807; 0.524566
124; 190474; 188039; 0.542458; 0.54676; 0.542698; 0.546789; 0.54037
124.2; 210675; 216003; 0.561186; 0.565537; 0.561186; 0.565515; 0.558221
124.4; 189333; 195190; 0.586243; 0.588825; 0.585313; 0.58966; 0.583
124.6; 167204; 157313; 0.607155; 0.610315; 0.607325; 0.610183; 0.604704
124.8; 180616; 187055; 0.620566; 0.623416; 0.621725; 0.622467; 0.619405
125; 174517; 166436; 0.625995; 0.626689; 0.6263; 0.626644; 0.625461
